74 732
74 722
79 712
79 702
79 692
79 682
84 667
84 657
89 647
89 637
94 622
99 607
104 592
109 582
114 572
119 557
124 547
129 537
137 529
142 519
147 509
154 497
162 489
167 479
175 471
180 461
188 454
195 446
203 439
210 431
218 424
225 416
233 409
240 401
248 394
257 389
265 381
275 376
283 369
292 364
301 359
310 354
319 349
328 344
337 339
347 334
357 329
367 329
376 324
385 319
395 319
404 314
414 312
424 309
434 309
443 304
453 304
463 304
472 299
482 299
492 299
502 299
512 299
522 299
532 299
542 299
552 299
562 300
560 290
551 285
541 283
531 280
521 278
511 275
502 270
493 265
483 265
473 265
464 260
454 260
445 255
435 255
425 255
415 255
405 252
395 250
385 250
375 250
365 250
355 250
346 245
336 245
327 240
317 239
307 235
300 227
290 223
283 215
274 210
266 204
259 196
254 187
247 179
242 170
235 162
230 153
224 145
219 136
214 127
214 117
214 107
222 99
230 91
238 84
247 79
256 74
265 69
274 64
284 64
293 59
303 59
313 59
323 59
333 59
343 59
353 59
363 59
373 59
382 64
392 64
401 69
411 69
419 76
428 81
438 84
447 89
456 94
465 99
474 104
482 110
490 117
497 125
505 132
514 137
520 145
525 154
530 163
538 170
542 180
550 187
554 197
559 206
560 216
560 226
565 235
565 245
565 255
574 240
579 227
584 217
592 209
600 201
608 194
615 186
625 181
635 179
644 174
654 174
663 169
673 169
683 169
693 169
703 169
713 169
723 169
733 169
743 169
753 169
763 169
773 169
782 174
792 174
802 174
811 179
821 179
830 184
832 194
826 203
816 200
806 200
796 198
786 195
776 195
766 195
757 190
747 190
737 190
727 190
717 190
707 190
697 190
687 194
677 195
667 195
658 200
648 200
638 203
628 208
618 213
610 220
605 230
600 245
600 255
600 265
600 275
600 285
600 295
605 304
615 304
624 299
634 299
643 294
653 294
663 294
673 294
682 289
692 289
702 289
712 289
722 289
732 289
742 289
752 289
762 289
771 294
781 294
791 294
801 294
810 299
820 299
829 304
839 304
848 309
858 310
868 314
877 319
886 324
896 324
905 329
914 334
923 339
932 344
941 349
950 354
959 359
967 365
977 369
984 377
992 384
1001 389
1009 396
1015 404
1023 410
1030 418
1038 425
1045 433
1053 440
1060 448
1065 457
1072 465
1080 472
1084 482
1092 489
1095 499
1100 508
1108 515
1112 525
1117 534
1120 544
1125 553
1130 562
1135 571
1138 581
1140 591
1145 600
1147 610
1150 620
1155 629
1155 639
1160 648
1160 658
1160 668
1165 677
1165 687
1165 697
1169 707
1170 717
1170 727
1170 737
1170 747
1170 757
1170 767
1170 777
1170 787
1165 800
1165 810
1165 820
1160 835
1160 845
1155 860
1155 870
1150 880
1145 895
1140 910
1135 925
1133 938
1128 948
1123 958
1118 968
1113 978
1108 988
1100 995
1095 1005
1088 1018
1080 1025
1075 1035
1068 1043
1063 1053
1055 1060
1048 1068
1040 1075
1033 1083
1025 1090
1018 1098
1010 1105
1003 1113
993 1118
985 1125
977 1134
967 1139
958 1145
949 1150
940 1155
930 1160
921 1165
912 1170
903 1175
894 1180
884 1182
874 1187
864 1190
855 1195
845 1195
835 1200
825 1200
816 1205
806 1205
797 1210
787 1210
777 1210
767 1214
757 1215
747 1215
737 1215
727 1215
717 1215
707 1215
697 1215
687 1215
677 1214
667 1210
657 1210
648 1215
638 1215
629 1220
619 1222
609 1225
599 1225
590 1230
580 1230
570 1230
561 1235
551 1235
541 1235
531 1235
521 1235
511 1235
501 1235
491 1235
481 1235
471 1233
461 1230
451 1230
441 1228
431 1225
421 1225
412 1220
402 1219
392 1215
382 1215
373 1210
364 1205
354 1202
345 1197
335 1193
326 1188
316 1184
307 1179
297 1175
290 1167
280 1163
273 1155
264 1150
256 1144
247 1139
239 1132
232 1124
224 1117
217 1109
209 1102
202 1094
194 1087
187 1079
179 1072
175 1062
167 1055
164 1045
156 1038
151 1029
144 1021
139 1012
135 1002
129 994
124 985
119 976
119 966
114 957
109 948
104 939
101 929
99 919
94 910
92 900
89 890
87 880
84 870
84 860
79 851
79 841
79 831
79 821
74 812
74 802
74 792
74 782
74 772
74 762
74 752
74 742
