89 592
89 582
94 567
94 557
94 547
99 532
99 522
104 512
104 502
109 487
114 472
119 457
124 442
129 432
134 422
139 412
144 402
149 392
154 382
162 374
167 364
174 352
182 344
187 334
195 326
203 319
209 307
217 299
225 291
233 284
240 276
250 271
258 264
265 256
275 251
283 244
292 239
300 231
310 226
320 221
330 216
340 211
350 206
360 201
370 199
379 194
389 192
399 189
408 184
418 184
428 184
437 179
447 179
457 179
466 174
476 174
486 174
496 174
506 174
516 174
519 163
512 155
502 155
493 150
484 145
475 140
465 138
459 130
449 130
440 125
430 125
420 122
410 120
401 115
391 113
381 110
372 105
363 100
353 100
344 95
336 89
329 81
324 72
324 62
332 54
341 49
349 42
357 34
367 29
377 24
387 24
397 24
407 24
417 24
427 24
437 24
447 24
456 29
465 34
475 34
484 39
494 41
500 49
509 54
517 60
525 67
532 75
540 82
540 92
545 101
553 94
560 86
568 79
575 71
583 64
592 59
602 54
612 49
622 49
632 49
641 44
651 44
661 44
671 44
681 44
691 44
701 44
711 44
721 44
729 51
726 65
717 60
707 60
697 60
687 60
677 60
667 60
657 64
647 65
637 65
627 69
617 70
607 74
598 80
589 85
580 90
570 100
565 110
560 120
560 130
560 140
560 150
555 160
555 170
565 174
575 174
585 174
594 169
604 169
614 169
624 169
634 169
644 169
654 169
664 169
674 171
684 174
694 174
704 176
714 179
724 181
734 184
744 186
754 189
763 194
772 199
782 199
791 204
800 209
808 215
817 220
827 224
834 232
844 236
850 244
860 247
867 255
875 262
884 267
892 274
899 282
907 289
914 297
920 305
925 314
933 320
940 328
945 337
952 345
957 354
964 362
969 371
973 381
980 389
985 398
990 407
994 417
999 426
1000 436
1005 445
1010 454
1010 464
1015 473
1020 482
1020 492
1024 502
1025 512
1029 522
1030 532
1030 542
1035 551
1035 561
1035 571
1038 581
1040 591
1040 601
1040 611
1040 621
1040 631
1040 641
1040 651
1040 661
1040 671
1035 685
1035 695
1035 705
1030 720
1030 730
1025 745
1025 755
1020 765
1020 775
1015 785
1010 800
1005 815
1000 825
995 840
990 850
985 860
980 870
973 883
968 893
963 903
955 910
948 923
943 933
935 940
928 948
920 955
913 968
905 975
898 983
890 990
883 998
873 1003
865 1010
857 1019
847 1024
839 1030
830 1035
820 1040
810 1045
802 1054
792 1059
782 1064
772 1065
763 1070
754 1075
744 1077
734 1080
724 1082
714 1085
704 1087
694 1090
684 1090
674 1092
664 1095
654 1095
644 1095
634 1095
624 1095
614 1095
604 1095
594 1095
585 1090
575 1090
565 1090
556 1085
546 1085
537 1090
527 1090
517 1090
507 1090
497 1090
487 1090
477 1090
467 1090
458 1085
448 1085
438 1085
429 1080
419 1080
409 1080
400 1075
390 1072
380 1070
371 1065
361 1064
352 1059
342 1055
333 1050
324 1045
315 1040
306 1035
297 1030
288 1025
280 1018
274 1010
264 1007
257 999
249 992
240 987
232 980
225 972
217 965
210 957
205 948
198 940
190 933
184 925
179 916
174 907
167 899
162 890
155 882
150 873
146 863
141 854
137 844
132 835
129 825
124 816
119 807
119 797
114 788
110 778
109 768
104 759
104 749
99 740
99 730
99 720
94 711
94 701
94 691
89 682
89 672
89 662
89 652
89 642
89 632
89 622
89 612
89 602
