64 712
64 702
69 692
69 682
69 672
74 657
74 647
79 632
84 622
84 612
89 602
94 587
99 577
104 567
109 557
114 547
119 537
124 527
132 519
137 509
145 501
150 491
158 484
165 476
170 466
178 459
185 451
193 444
200 436
208 429
217 424
225 416
233 409
242 404
250 396
260 391
268 384
277 379
287 374
296 369
305 364
314 359
324 357
334 352
344 349
353 344
362 339
372 339
382 334
392 334
401 329
411 329
421 325
431 324
441 324
451 324
460 319
470 319
480 319
490 319
500 319
510 319
520 319
530 319
540 319
549 310
549 300
549 290
549 280
544 271
544 261
539 252
539 242
539 232
547 224
554 232
560 240
565 249
565 259
570 268
570 278
576 260
579 247
584 237
589 227
597 219
604 207
612 199
617 189
625 181
633 174
642 169
650 161
658 154
667 149
676 144
685 139
694 132
704 127
714 124
723 119
732 114
742 114
751 109
761 109
771 109
781 109
791 109
801 109
811 109
820 114
830 114
835 123
835 133
835 143
835 153
835 163
830 175
830 185
825 195
820 210
818 223
810 230
805 240
798 248
790 255
780 255
770 265
760 270
753 278
743 283
733 288
725 295
716 300
706 300
697 305
687 305
678 310
668 310
658 310
648 310
639 315
629 315
619 315
609 315
600 320
590 320
580 320
614 324
624 324
634 324
644 324
654 324
664 326
674 329
684 329
694 331
704 334
714 334
723 339
733 340
743 344
752 349
762 349
771 354
780 359
790 362
799 367
809 371
818 376
825 384
835 387
844 392
852 399
861 404
869 411
875 419
885 422
892 430
900 437
907 445
915 452
922 460
930 467
935 476
941 484
949 491
955 499
960 508
965 517
970 526
976 534
980 544
985 553
990 562
995 571
1000 580
1005 589
1005 599
1010 608
1015 617
1015 627
1020 636
1020 646
1025 655
1025 665
1030 674
1030 684
1030 694
1030 704
1035 713
1035 723
1035 733
1035 743
1035 753
1035 763
1035 773
1035 783
1030 800
1030 810
1030 820
1025 835
1025 845
1020 855
1020 865
1015 875
1010 890
1005 905
1000 920
995 930
990 940
985 950
980 960
973 973
968 983
963 993
955 1000
950 1010
943 1018
935 1025
928 1038
920 1045
913 1053
905 1060
898 1068
890 1075
883 1083
873 1088
865 1095
855 1100
847 1109
838 1115
829 1120
820 1125
810 1130
800 1135
791 1140
782 1145
772 1149
762 1154
752 1155
743 1160
733 1163
723 1165
714 1170
704 1170
694 1172
684 1175
674 1175
664 1177
654 1180
644 1180
634 1180
624 1180
614 1180
604 1180
594 1180
584 1180
574 1180
565 1175
555 1175
545 1175
535 1175
525 1175
515 1175
505 1175
495 1175
485 1175
475 1175
465 1175
455 1172
445 1170
435 1170
425 1170
416 1165
406 1165
396 1163
386 1160
377 1155
367 1155
358 1150
349 1145
339 1145
330 1140
321 1135
311 1133
301 1129
292 1124
284 1117
275 1112
265 1108
259 1100
249 1096
241 1090
232 1085
225 1077
217 1070
208 1065
200 1058
193 1050
185 1043
179 1035
171 1029
167 1019
159 1012
152 1004
147 995
140 987
134 979
129 970
124 961
119 952
114 943
109 934
104 925
99 916
94 907
94 897
89 888
84 879
84 869
79 860
77 850
74 840
74 830
69 821
69 811
69 801
64 792
64 782
64 772
64 762
64 752
64 742
64 732
64 722
