59 717
59 707
64 692
64 682
64 672
69 662
69 652
74 642
74 632
79 617
84 602
89 587
94 577
99 567
104 557
109 547
114 537
119 527
124 517
132 509
137 499
144 487
152 479
160 471
165 461
173 454
180 446
188 439
195 431
203 424
210 416
218 409
225 401
235 396
243 389
250 381
260 376
268 369
277 364
286 359
294 352
304 347
314 342
324 337
334 332
344 327
354 322
364 319
373 314
383 314
392 309
401 304
411 304
420 299
430 296
440 294
450 291
460 289
470 289
479 284
489 284
499 284
509 284
518 279
528 279
538 279
548 279
558 279
568 279
578 279
588 279
598 279
608 279
618 279
619 262
619 252
619 242
614 233
614 223
609 214
609 204
604 195
602 185
599 175
594 166
589 157
584 148
580 138
574 130
573 120
565 113
559 105
555 95
549 87
559 84
569 81
575 89
580 98
590 102
594 112
600 120
605 129
610 138
618 145
620 155
625 164
630 173
630 183
635 192
639 202
640 212
644 222
645 232
645 242
650 251
656 259
664 247
669 237
669 227
669 217
674 202
679 192
684 182
692 174
697 164
705 156
713 149
720 141
728 134
737 129
746 124
754 117
764 114
773 109
782 104
792 104
801 99
811 95
821 94
830 89
840 89
850 89
860 89
870 89
880 92
885 101
885 111
885 121
880 130
878 143
873 153
868 163
863 173
855 180
847 194
837 199
829 205
820 210
811 215
802 220
792 224
782 229
772 230
762 234
752 239
742 240
733 245
723 248
713 253
703 255
693 258
685 265
675 265
675 275
685 279
695 279
705 279
715 279
725 279
735 279
745 279
755 279
764 284
774 284
784 284
794 286
804 289
814 289
823 294
833 294
842 299
852 299
861 304
870 309
880 309
889 314
899 316
908 321
918 325
927 330
937 334
946 339
955 344
963 350
972 355
982 359
989 367
997 374
1006 379
1014 386
1023 391
1030 399
1038 405
1045 413
1053 420
1060 428
1068 435
1075 443
1083 450
1090 458
1095 467
1102 475
1110 482
1114 492
1120 500
1125 509
1130 518
1135 527
1140 536
1145 545
1150 554
1155 563
1160 572
1160 582
1165 591
1170 600
1172 610
1175 620
1180 629
1180 639
1185 648
1185 658
1185 668
1190 677
1190 687
1190 697
1194 707
1195 717
1195 727
1195 737
1195 747
1195 757
1195 767
1195 777
1195 787
1190 800
1190 810
1190 820
1185 835
1185 845
1180 860
1180 870
1175 880
1170 895
1165 910
1160 920
1158 933
1153 943
1148 953
1143 963
1138 973
1133 983
1125 990
1120 1000
1113 1013
1108 1023
1100 1030
1093 1038
1088 1048
1080 1055
1073 1063
1065 1070
1058 1078
1050 1085
1043 1093
1035 1100
1027 1109
1019 1115
1010 1120
1003 1128
993 1133
985 1140
975 1145
965 1150
958 1158
948 1163
938 1168
928 1173
918 1178
908 1183
898 1188
888 1190
879 1195
869 1197
859 1200
850 1205
840 1205
831 1210
821 1210
812 1215
802 1215
792 1219
782 1220
772 1220
762 1220
753 1225
743 1225
733 1225
723 1225
713 1225
703 1225
693 1225
683 1225
673 1225
663 1225
654 1220
644 1220
634 1220
624 1220
615 1225
605 1225
595 1225
585 1225
575 1225
565 1225
555 1225
545 1225
535 1225
525 1225
515 1222
505 1220
495 1220
485 1220
475 1217
465 1215
455 1215
446 1210
436 1210
427 1205
417 1205
408 1200
398 1200
389 1195
380 1190
370 1187
360 1185
351 1180
342 1175
333 1170
324 1165
314 1162
305 1157
295 1153
288 1145
279 1140
270 1135
262 1129
252 1125
245 1117
237 1110
228 1105
220 1098
213 1090
205 1083
198 1075
190 1068
184 1060
176 1054
169 1046
164 1037
157 1029
149 1022
144 1013
137 1005
134 995
126 988
121 979
117 969
112 960
109 950
104 941
99 932
94 923
89 914
86 904
84 894
79 885
77 875
74 865
72 855
69 845
69 835
64 826
64 816
64 806
59 797
59 787
59 777
59 767
59 757
59 747
59 737
59 727
