9 637
9 627
14 617
14 607
14 597
14 587
19 577
19 567
24 557
24 547
29 537
29 527
34 512
39 502
44 487
49 477
54 467
59 457
64 447
69 437
74 427
82 419
87 409
94 397
102 389
110 381
115 371
123 364
130 356
138 349
145 341
153 334
160 326
170 321
178 314
185 306
195 301
203 294
212 289
222 284
231 279
240 274
249 269
259 267
269 262
279 259
288 254
298 254
307 249
317 249
326 244
336 244
346 244
355 239
365 239
375 239
385 239
395 239
405 239
415 239
425 239
435 242
445 244
455 244
465 247
474 242
467 234
457 234
447 230
440 222
430 220
422 214
414 207
407 199
402 190
395 182
387 175
380 167
372 160
362 160
355 152
345 148
339 140
329 137
320 132
310 130
301 125
292 120
282 120
273 115
264 110
255 105
247 99
239 92
239 82
247 74
255 66
265 61
275 56
285 54
295 54
305 54
315 54
325 54
335 54
345 54
355 54
364 59
374 61
383 66
393 69
402 74
412 74
419 82
427 89
434 97
442 104
449 112
454 121
460 129
465 138
470 147
479 137
479 127
484 112
489 102
494 92
499 82
507 74
515 66
525 61
535 56
545 54
554 49
564 49
574 49
580 57
573 70
563 70
553 73
543 78
533 83
525 90
518 98
513 108
505 115
500 125
495 140
495 150
495 160
495 170
495 180
495 190
495 200
495 210
495 220
497 230
500 240
510 244
519 239
529 237
539 234
549 234
559 232
569 229
579 229
589 229
599 229
609 229
619 229
629 229
638 234
648 234
658 234
667 239
677 239
686 244
695 249
705 249
714 254
723 259
732 264
741 269
750 274
760 277
768 284
777 289
784 297
794 301
800 309
808 315
815 323
823 330
830 338
838 345
845 353
850 362
857 370
865 377
869 387
875 395
880 404
885 413
890 422
895 431
900 440
905 449
910 458
910 468
915 477
920 486
923 496
925 506
930 515
930 525
935 534
935 544
940 553
940 563
940 573
945 582
945 592
945 602
949 612
950 622
950 632
950 642
950 652
950 662
950 672
950 682
950 692
950 702
945 715
945 725
945 735
940 750
940 760
935 775
935 785
930 795
930 805
925 815
920 830
915 845
910 855
905 870
900 880
895 890
890 900
883 913
878 923
873 933
865 940
860 950
853 958
845 965
838 978
830 985
823 993
815 1000
808 1008
800 1015
793 1023
783 1028
775 1035
765 1040
758 1048
748 1053
738 1058
728 1063
718 1068
708 1073
698 1075
689 1080
679 1082
669 1085
660 1090
650 1090
640 1090
631 1095
621 1095
611 1095
601 1095
591 1095
581 1095
571 1095
561 1093
551 1090
541 1090
531 1088
521 1085
511 1085
501 1085
492 1090
482 1094
472 1095
462 1099
452 1100
442 1100
432 1104
422 1105
412 1105
402 1105
392 1105
382 1105
372 1105
362 1105
352 1105
343 1100
333 1100
323 1100
314 1095
304 1095
295 1090
285 1087
275 1085
266 1080
257 1075
247 1075
238 1070
229 1065
221 1059
212 1054
202 1050
195 1042
185 1038
179 1030
171 1024
162 1019
154 1012
147 1004
139 997
132 989
124 982
117 974
112 965
105 957
97 950
94 940
86 934
82 924
74 917
70 907
65 898
61 888
56 879
52 869
47 860
44 850
39 841
34 832
34 822
29 813
29 803
24 794
24 784
19 775
19 765
14 756
14 746
14 736
14 726
9 717
9 707
9 697
9 687
9 677
9 667
9 657
9 647
