69 712
69 702
74 687
74 677
74 667
79 652
79 642
84 632
84 622
89 607
94 592
99 577
104 567
109 557
114 542
122 534
127 524
132 514
137 504
144 492
152 484
157 474
165 466
170 456
178 449
185 441
193 434
200 426
208 419
215 411
223 404
230 396
238 389
247 384
255 376
265 371
273 364
282 359
291 354
300 349
309 342
319 337
329 334
338 329
347 324
357 319
367 319
376 314
386 310
396 309
406 305
416 304
426 304
435 299
445 299
455 299
464 294
474 294
484 294
494 294
504 294
514 294
524 294
534 294
544 294
554 296
564 292
564 282
564 272
564 262
559 253
559 243
559 233
559 223
552 215
542 215
532 219
522 220
512 224
502 229
493 235
484 240
475 245
467 254
459 260
450 265
440 265
430 265
420 265
410 265
400 265
390 265
380 262
370 260
360 257
350 253
344 245
334 242
334 232
334 222
334 212
339 202
339 192
344 182
352 174
357 164
366 159
374 147
384 142
392 134
402 129
412 129
422 124
432 124
442 124
452 124
462 124
472 120
457 115
447 115
437 115
427 115
414 115
404 117
394 120
384 120
374 120
364 120
354 120
344 120
334 120
325 115
319 107
324 92
329 77
334 67
342 59
349 47
359 42
367 34
376 29
385 24
395 21
405 19
415 19
425 19
435 19
445 19
455 19
465 19
475 22
484 27
494 31
503 36
510 44
518 50
525 58
533 65
540 73
548 80
552 90
560 97
560 107
565 116
570 125
575 134
575 144
580 153
580 163
585 172
585 182
585 192
585 202
585 212
585 222
594 207
599 197
607 189
612 179
620 171
628 164
635 156
645 154
654 149
663 144
672 139
680 131
690 129
700 126
710 121
718 114
728 114
737 109
746 104
756 104
766 100
774 106
772 120
762 120
752 120
743 125
733 128
723 133
715 140
705 140
697 149
687 154
679 160
670 165
664 175
655 180
648 188
640 195
635 205
628 213
620 220
615 230
610 240
610 250
610 260
610 270
610 280
610 290
615 299
625 296
635 294
645 294
654 289
664 289
674 289
683 284
693 284
703 284
713 284
723 284
733 284
743 284
753 284
763 284
773 285
783 289
793 289
803 290
813 294
823 294
832 299
842 299
851 304
861 304
870 309
879 314
889 316
898 321
908 325
917 330
927 334
936 339
945 344
953 350
962 355
970 362
979 367
987 374
994 382
1004 386
1010 394
1018 400
1025 408
1033 415
1040 423
1048 430
1055 438
1060 447
1067 455
1072 464
1079 472
1085 480
1090 489
1095 498
1100 507
1105 516
1110 525
1115 534
1120 543
1125 552
1129 562
1130 572
1135 581
1138 591
1140 601
1145 610
1145 620
1150 629
1150 639
1150 649
1155 658
1155 668
1155 678
1160 687
1160 697
1160 707
1160 717
1160 727
1160 737
1160 747
1160 757
1160 767
1155 780
1155 790
1155 800
1150 815
1150 825
1145 840
1145 850
1140 860
1135 875
1130 890
1128 903
1123 913
1118 923
1113 933
1108 943
1103 953
1098 963
1093 973
1085 980
1078 993
1070 1000
1063 1013
1055 1020
1048 1033
1040 1040
1033 1048
1025 1055
1018 1063
1010 1070
1003 1078
993 1083
985 1090
977 1099
967 1104
959 1110
950 1115
940 1120
930 1125
920 1130
911 1135
902 1140
893 1145
884 1150
874 1152
864 1157
854 1160
844 1162
834 1165
825 1170
815 1170
805 1170
795 1175
785 1175
775 1175
766 1180
756 1180
746 1180
736 1180
726 1180
716 1180
706 1180
696 1180
686 1180
677 1175
667 1175
657 1175
647 1175
638 1180
628 1183
618 1185
608 1188
598 1190
588 1190
579 1195
569 1195
559 1195
550 1200
540 1200
530 1200
520 1200
510 1200
500 1200
490 1200
480 1200
470 1200
460 1197
450 1195
440 1195
430 1192
420 1190
410 1190
401 1185
391 1185
382 1180
372 1180
363 1175
354 1170
344 1167
335 1162
325 1160
316 1155
307 1150
298 1145
289 1140
281 1134
272 1129
264 1122
255 1117
247 1110
238 1105
230 1098
223 1090
215 1083
208 1075
200 1068
193 1060
185 1053
179 1045
171 1039
167 1029
159 1022
154 1013
147 1005
144 995
136 989
132 979
127 970
124 960
116 954
114 944
109 935
104 926
99 917
99 907
94 898
90 888
89 878
84 869
84 859
79 850
79 840
79 830
74 821
74 811
74 801
69 792
69 782
69 772
69 762
69 752
69 742
69 732
69 722
