96 138
96 128
102 120
110 114
118 108
128 104
138 100
148 96
158 94
168 92
178 88
187 83
195 77
204 72
212 62
218 54
228 54
237 59
243 67
251 74
261 78
267 86
276 91
286 94
296 96
306 100
316 104
326 108
334 114
342 120
347 129
347 140
341 148
339 158
339 168
347 174
357 174
367 176
376 181
385 186
393 192
402 197
409 205
418 210
425 218
430 227
440 224
450 222
460 218
470 216
480 214
490 214
500 212
510 212
520 206
528 200
538 196
547 191
556 186
566 187
574 193
583 198
593 202
600 210
610 212
620 212
630 214
640 216
650 217
660 220
670 223
680 226
688 232
696 238
701 247
699 258
693 266
691 280
691 290
689 304
691 314
692 324
697 333
693 348
692 363
682 360
680 350
682 333
674 327
664 327
654 331
644 335
635 330
626 325
616 325
606 329
597 334
587 339
577 343
567 345
557 345
547 343
537 341
528 336
519 331
509 327
499 325
489 328
481 335
471 331
461 329
451 327
441 328
439 340
437 350
434 363
424 361
424 351
422 341
422 331
416 323
406 323
396 323
386 323
376 323
366 323
356 323
346 323
347 333
344 349
345 362
335 360
332 350
331 331
325 323
315 323
305 323
295 323
285 323
275 323
265 323
255 323
245 323
235 323
225 323
215 323
205 323
195 323
185 323
175 323
165 323
155 323
145 323
135 323
125 321
115 322
115 332
113 348
111 363
102 358
100 348
100 338
100 328
98 318
97 308
96 298
96 288
96 278
98 264
98 254
98 244
100 228
102 218
102 208
102 198
103 188
102 178
102 168
102 158
100 148
