104 298
104 288
106 276
106 266
106 256
106 246
106 236
108 226
108 216
108 206
108 196
108 186
108 176
108 166
108 156
108 146
106 136
106 126
111 117
119 109
127 101
136 96
145 91
154 84
160 76
166 64
170 54
180 54
186 62
190 72
198 79
201 89
209 96
218 101
225 109
233 116
237 126
239 136
233 148
233 158
243 162
253 164
262 169
270 175
280 176
290 174
300 174
310 176
320 179
330 183
339 188
347 194
355 200
361 208
368 216
374 224
382 230
392 230
402 230
412 230
422 230
432 230
442 230
452 230
462 230
472 230
482 230
492 230
502 230
512 232
522 232
532 232
542 232
552 230
560 224
568 218
578 214
588 212
596 206
604 196
612 188
622 186
630 193
636 201
643 209
652 214
662 216
671 221
679 227
687 234
691 244
691 254
687 264
687 274
685 288
685 298
685 308
685 318
687 328
691 338
687 348
691 358
682 363
674 357
674 347
674 337
665 332
655 332
646 327
638 335
630 343
620 345
610 343
602 337
595 329
585 330
575 331
565 328
567 338
563 348
565 358
556 363
550 355
550 345
548 335
547 325
537 323
527 323
517 323
507 323
497 323
487 323
477 323
467 323
457 323
447 323
437 323
427 323
417 323
407 323
397 323
387 323
377 323
367 323
357 323
347 323
337 323
327 323
317 323
307 323
297 323
287 323
277 323
267 323
257 323
247 323
237 324
237 334
235 346
235 362
225 360
222 350
222 331
215 323
205 323
195 323
185 323
175 323
165 323
155 323
145 323
135 321
125 322
125 332
123 348
126 359
116 362
110 354
110 344
108 328
106 318
106 308
