92 138
92 128
97 119
105 113
114 108
122 102
132 98
142 94
152 92
162 88
170 80
179 75
187 67
192 56
202 54
211 59
216 68
224 75
233 80
236 90
246 92
256 96
266 100
275 105
284 110
292 116
298 124
301 134
297 146
293 156
294 166
303 171
313 174
323 174
333 174
343 176
353 180
361 186
370 191
378 197
385 205
393 211
401 217
406 226
416 230
426 230
436 230
446 230
456 230
466 230
476 230
486 226
496 222
506 218
516 216
526 214
536 212
546 212
554 206
562 200
570 194
578 188
588 186
597 191
605 197
614 202
622 209
632 212
642 214
652 216
662 217
672 220
681 225
690 230
698 236
703 245
701 258
695 266
695 276
695 286
693 296
693 306
694 316
695 326
700 341
695 350
701 358
692 363
684 356
684 346
684 336
679 327
669 328
660 333
650 334
644 326
634 325
625 330
616 335
607 340
597 344
587 345
577 343
567 339
558 334
549 329
539 325
529 328
521 335
511 331
501 327
491 328
493 338
489 348
489 358
479 362
476 352
474 342
474 332
469 323
459 323
449 323
439 323
429 323
419 323
409 323
399 323
389 323
379 323
369 323
359 323
349 323
339 323
329 323
319 323
309 323
299 324
299 334
297 346
299 360
289 362
286 352
286 342
284 330
276 323
266 323
256 323
246 323
236 323
226 323
216 323
206 323
196 323
186 323
176 323
166 323
156 323
146 323
136 323
126 321
116 321
111 330
109 348
111 358
101 362
98 352
98 342
96 332
94 322
93 312
92 302
92 292
92 282
92 272
92 262
94 246
94 236
96 226
96 216
98 198
98 188
98 178
98 168
96 158
96 148
