118 140
116 130
121 121
129 115
138 110
148 106
158 102
168 100
178 98
188 94
198 92
208 90
218 88
226 82
235 77
245 73
254 66
262 56
272 54
282 55
288 63
293 72
303 74
313 78
319 86
329 90
339 92
349 94
359 96
369 100
379 102
389 106
399 110
409 114
417 120
423 128
419 144
413 154
413 164
413 174
418 183
427 188
433 196
442 201
448 209
458 210
466 202
476 201
485 196
495 191
504 186
514 187
523 192
533 196
542 201
552 205
561 210
571 212
581 212
591 214
601 214
611 216
621 218
631 220
641 222
651 224
661 228
670 233
677 241
679 254
671 266
669 278
669 288
669 298
669 308
669 318
671 328
675 338
670 351
668 363
659 358
658 348
658 332
649 327
639 327
629 329
619 332
609 335
601 329
591 325
581 325
571 327
561 331
551 335
541 339
531 342
521 345
511 345
501 345
491 343
481 341
471 337
461 333
451 329
441 325
431 325
421 328
419 346
420 361
410 361
408 351
408 341
402 333
392 330
382 327
372 327
362 327
357 336
355 350
353 361
343 362
342 352
340 342
340 332
335 323
325 323
315 323
305 323
295 323
285 323
275 323
265 323
255 323
245 323
235 323
225 323
215 323
205 323
195 323
185 323
175 323
165 323
155 323
145 321
135 322
135 332
133 350
130 363
122 356
122 346
120 336
120 326
120 316
118 306
118 296
118 286
118 276
120 266
120 256
120 246
122 230
124 214
126 198
126 188
126 178
125 168
124 158
124 148
