124 290
124 280
126 262
126 252
126 242
126 232
126 222
126 212
128 198
128 188
128 178
126 168
126 158
126 148
126 138
126 128
130 118
134 108
140 100
148 92
156 82
161 73
163 63
168 54
173 63
175 73
177 90
184 98
189 107
195 115
197 125
199 135
195 148
195 158
202 166
212 170
222 170
232 174
240 180
250 177
260 178
270 180
280 182
290 184
299 189
308 194
317 199
325 206
331 214
337 222
343 230
353 234
363 234
373 234
383 234
393 234
403 234
413 234
423 234
433 234
443 234
453 234
463 234
473 234
483 234
493 234
503 234
513 236
523 236
533 236
543 236
553 236
563 236
573 238
583 238
593 238
600 228
608 222
616 216
622 204
628 196
636 190
641 199
645 209
653 216
661 222
667 230
671 240
673 250
671 264
671 274
671 284
671 294
669 312
670 322
671 332
671 346
664 361
662 351
662 341
654 335
645 330
641 340
631 344
625 336
619 328
609 330
608 349
607 362
599 356
598 346
598 336
596 326
587 321
577 321
567 321
557 321
547 321
537 321
527 321
517 321
507 321
497 321
487 321
477 321
467 321
457 321
447 321
437 321
427 321
417 321
407 321
397 321
387 321
377 321
367 321
357 321
347 321
337 321
327 321
317 321
307 321
297 321
287 321
277 321
267 321
257 321
247 321
237 321
227 321
217 321
207 321
197 322
199 332
197 346
193 361
188 352
190 337
186 327
178 321
168 321
158 321
148 321
138 321
141 332
141 345
142 360
132 360
132 350
132 340
128 330
126 320
126 310
124 300
