201 256
200 246
206 238
214 232
224 228
234 222
234 212
236 197
236 187
236 177
234 167
234 157
231 147
226 138
226 128
232 120
241 115
251 111
261 107
271 106
281 102
291 100
301 98
311 96
321 94
331 92
341 90
347 82
357 78
367 75
377 71
383 63
391 55
401 54
407 62
415 68
423 74
433 76
442 81
449 89
459 90
469 92
479 94
489 96
499 98
509 100
519 104
529 106
539 108
549 112
559 116
567 122
571 132
566 147
561 156
561 166
559 182
559 192
559 202
561 212
561 222
569 228
579 232
588 237
593 246
589 262
583 270
583 280
583 290
583 300
583 310
583 320
585 330
587 340
583 350
577 362
572 353
569 334
567 344
564 361
556 355
554 345
554 335
548 327
538 327
528 329
518 333
508 335
501 327
491 325
481 323
471 326
461 329
451 332
441 335
431 339
421 343
411 345
401 345
391 345
381 345
371 341
361 339
351 335
341 333
331 329
321 325
311 323
301 325
291 328
283 335
273 333
263 329
253 327
243 328
241 338
241 348
236 361
228 355
223 336
223 346
216 363
208 356
209 344
208 334
210 324
212 313
212 303
212 293
212 283
212 273
207 264
