96 260
96 270
96 280
96 290
96 300
96 310
98 320
100 330
102 340
102 350
103 360
113 361
113 344
115 332
115 322
125 321
135 321
145 321
155 321
165 321
175 321
185 321
195 321
205 321
215 321
225 321
235 321
245 321
255 321
265 321
275 321
285 323
288 333
288 350
290 360
300 361
299 348
301 331
300 321
310 321
320 321
330 321
340 321
350 321
360 321
370 321
380 321
390 321
400 321
410 321
420 321
430 321
440 321
450 321
460 321
470 321
472 331
472 341
474 351
476 361
486 361
488 351
491 338
491 328
501 327
511 331
521 334
529 326
539 325
548 330
557 335
566 340
576 344
586 345
596 343
606 339
614 333
623 328
633 324
643 327
650 335
660 331
670 327
680 327
684 337
684 347
684 357
692 363
694 349
699 336
695 326
692 316
691 306
691 296
693 286
693 276
693 266
699 258
697 239
690 231
682 225
672 221
662 218
652 218
642 216
632 212
622 210
614 203
605 198
597 192
589 186
579 187
571 193
563 199
554 204
544 210
534 212
524 214
514 216
504 218
494 222
485 227
475 232
465 230
455 230
445 230
435 230
425 230
415 230
405 230
397 223
391 215
382 210
376 202
368 196
360 190
352 184
342 180
332 178
322 176
312 176
302 174
294 167
295 154
300 145
303 133
299 123
292 115
284 109
275 104
265 100
255 96
245 92
237 86
231 78
221 74
216 65
211 56
201 54
193 61
188 70
180 76
172 82
165 90
155 93
145 97
135 101
125 105
116 110
108 116
100 122
96 132
98 142
100 152
100 162
102 172
102 182
102 192
102 202
100 216
100 226
98 236
98 246
