159 256
158 246
163 237
172 232
182 228
192 224
202 222
212 220
222 218
232 216
242 214
252 214
262 212
272 212
282 212
292 210
302 206
310 200
316 190
316 180
314 170
314 160
313 150
306 142
304 132
308 122
316 116
326 112
336 108
346 104
356 102
366 98
376 96
386 94
396 92
406 90
416 88
424 80
434 76
444 72
454 66
462 56
472 54
482 55
488 63
493 72
503 74
513 78
523 82
531 88
541 90
551 92
561 94
571 96
581 98
591 100
601 104
611 108
621 112
631 116
639 122
643 132
635 148
633 162
633 172
633 182
633 192
633 202
633 212
635 222
636 232
637 242
639 252
639 262
639 272
641 282
641 292
639 310
639 320
639 330
639 340
638 353
635 363
626 358
626 348
624 338
624 328
615 323
605 323
595 323
585 323
575 323
565 323
555 323
545 323
535 324
537 334
533 350
533 362
523 362
520 352
520 342
518 332
509 327
499 327
489 327
479 330
469 333
459 335
451 329
441 325
431 325
421 327
411 330
401 333
391 336
381 340
371 343
361 345
351 345
341 345
331 343
321 342
319 352
314 363
306 356
308 346
304 336
294 332
284 329
274 326
264 325
254 325
245 330
236 335
226 331
216 329
206 327
196 327
186 327
181 336
181 346
181 356
171 363
166 354
164 336
168 324
170 313
170 303
170 293
170 283
170 273
165 264
