177 256
176 246
181 237
190 232
200 228
210 224
220 222
230 220
240 218
250 216
260 214
270 214
280 212
290 212
294 200
294 190
294 180
292 170
292 160
291 150
284 142
282 132
286 122
294 116
304 112
314 108
324 104
334 102
344 98
354 96
364 94
374 92
384 90
394 88
402 80
412 76
422 74
432 68
438 60
446 54
456 54
464 60
471 68
480 73
490 76
500 80
506 88
516 90
526 91
536 92
546 94
556 97
566 100
576 102
586 105
596 108
606 112
615 117
623 124
625 134
617 148
615 158
615 168
615 178
615 188
615 198
615 208
615 218
617 228
619 238
619 248
621 258
623 268
623 278
623 288
623 298
621 308
621 318
621 328
621 342
619 360
609 358
608 348
608 338
606 328
597 323
587 323
577 323
567 323
557 324
559 334
556 351
553 363
544 358
542 348
542 338
538 328
528 327
518 327
508 329
498 331
488 333
478 332
469 327
459 325
449 325
439 327
429 331
419 334
409 338
399 341
389 343
379 345
369 345
359 345
349 343
339 341
329 337
319 333
309 331
299 332
299 342
297 352
292 363
286 355
286 345
284 335
283 325
273 326
263 330
254 335
244 331
234 329
224 327
214 327
204 327
199 336
199 346
199 356
189 363
184 354
182 336
186 324
188 314
188 304
188 294
187 284
186 274
183 264
