67 95
62 86
68 78
76 68
82 60
86 50
94 42
104 38
114 38
124 39
134 43
141 51
147 59
154 50
159 41
167 33
176 28
186 24
196 22
206 20
216 20
226 20
236 22
246 26
256 30
264 36
272 42
280 48
288 55
295 63
303 70
310 78
317 86
323 94
329 102
333 112
333 129
323 131
313 127
303 128
293 131
283 127
273 123
263 121
255 115
245 113
235 110
235 120
235 130
235 140
235 150
235 160
235 170
235 180
235 194
233 208
231 222
229 234
227 246
225 260
225 270
216 275
206 275
196 275
186 273
178 266
191 264
201 262
211 261
212 248
214 236
216 226
218 212
220 199
220 189
220 179
218 169
214 159
212 149
210 139
208 129
206 119
204 109
204 99
198 91
191 83
183 77
173 78
169 88
167 100
161 110
152 115
142 114
132 110
126 102
124 92
124 82
121 64
112 69
102 73
92 77
84 83
76 89
