66 110
62 124
71 129
81 129
91 125
99 131
109 129
119 125
129 123
139 118
149 114
159 111
164 120
164 130
164 140
164 150
164 160
164 170
162 188
164 198
165 208
166 218
168 228
170 238
172 248
172 258
174 268
182 275
192 275
202 275
212 273
217 264
207 264
197 262
187 258
186 248
185 238
183 228
181 218
179 208
179 198
179 188
179 178
181 168
185 150
189 134
191 124
193 110
195 96
203 88
211 81
220 76
228 82
230 92
232 102
238 110
247 115
257 114
267 110
273 100
275 90
273 80
273 70
283 67
293 71
303 75
311 81
319 87
327 93
337 86
331 78
323 71
317 63
315 53
309 45
300 40
290 38
280 38
270 40
261 45
255 53
249 63
245 53
241 43
234 35
226 29
216 25
206 22
196 20
186 20
176 20
166 22
156 26
146 30
136 34
128 40
120 48
112 54
106 62
98 68
90 76
82 84
77 93
71 101
