83 79
78 88
86 95
94 89
102 81
111 76
120 71
128 65
134 73
134 83
134 93
136 103
142 111
152 115
162 113
170 105
174 95
175 82
185 79
190 88
194 98
196 108
198 118
199 128
202 138
204 148
206 158
208 168
210 178
212 188
212 198
210 208
208 222
206 236
204 250
195 262
185 264
172 266
180 273
190 275
200 275
210 275
220 275
229 262
229 252
231 238
233 222
235 208
237 190
237 180
237 170
237 160
237 150
237 140
237 130
237 114
247 115
255 121
265 125
275 129
285 129
295 128
305 131
315 129
319 119
315 109
311 99
305 91
300 82
293 74
287 66
279 59
273 51
266 43
258 37
250 31
241 26
231 22
221 20
211 20
201 20
191 23
181 27
172 32
164 40
160 50
155 59
149 51
143 43
134 38
124 38
114 40
104 44
98 52
96 62
90 70
