78 110
74 120
79 129
89 130
99 127
109 130
119 130
129 126
139 123
147 116
157 113
162 122
162 132
162 142
162 152
162 162
162 172
162 182
162 192
162 202
164 212
166 222
166 232
168 242
170 252
170 262
172 272
182 275
192 275
202 275
212 273
222 273
217 264
203 262
193 260
193 250
191 240
189 230
187 220
187 210
185 200
185 190
185 180
189 162
193 146
197 130
199 118
201 106
203 94
208 85
216 77
225 82
226 92
228 102
234 110
243 115
253 114
262 109
267 98
269 88
267 78
267 68
277 67
285 73
295 77
303 83
311 89
319 95
325 87
319 79
313 71
307 63
305 53
299 45
290 40
280 38
270 38
260 42
252 50
243 58
239 48
235 38
227 31
218 26
208 23
198 20
188 20
178 20
168 22
158 26
148 30
140 36
132 42
124 50
116 58
110 66
102 74
94 82
88 92
83 101
