205 135
199 127
207 119
216 114
226 114
236 110
246 109
256 109
261 100
271 99
281 99
291 95
301 94
311 90
319 84
329 86
339 89
348 94
357 99
364 107
372 114
379 122
380 132
380 142
384 152
385 162
389 172
390 182
385 195
385 205
385 215
385 225
385 235
385 245
385 255
380 265
380 275
385 284
390 293
390 303
395 312
399 322
404 331
410 339
418 345
425 353
435 357
445 357
455 359
464 364
474 366
483 371
493 375
503 375
512 380
522 384
531 389
541 389
550 394
560 392
570 394
580 397
589 402
599 406
609 409
619 409
628 414
637 419
646 424
655 429
665 432
675 434
684 439
693 444
703 445
712 450
720 457
728 464
738 465
748 469
757 474
767 474
776 479
785 484
795 482
804 487
812 494
822 494
829 502
839 506
845 514
855 517
860 526
866 534
870 544
878 550
885 558
890 567
895 576
898 586
900 596
905 605
910 614
910 624
915 633
910 650
908 663
900 670
893 678
883 680
874 675
865 670
856 665
847 660
838 655
829 650
819 647
810 642
800 640
793 648
783 650
774 655
764 655
754 655
745 660
736 665
727 670
718 665
708 665
699 660
689 660
679 660
669 660
660 655
650 660
643 668
635 675
635 685
640 694
645 703
653 710
655 720
660 729
668 735
670 745
670 760
665 775
665 785
667 795
665 810
665 820
665 830
660 845
665 854
660 865
660 875
660 885
662 895
667 904
665 915
655 920
650 930
655 939
663 945
670 953
678 960
671 974
662 969
652 965
649 955
640 950
634 942
634 932
639 922
639 912
639 897
644 881
639 872
644 857
644 847
644 837
644 827
644 817
649 806
649 796
644 787
644 777
644 767
652 759
647 750
643 740
635 733
634 723
627 715
620 707
615 698
614 688
608 680
599 675
597 665
588 660
579 655
570 660
565 670
565 685
565 695
565 705
565 715
567 725
572 734
575 744
580 753
585 762
592 770
595 780
590 790
590 800
590 810
595 819
595 829
595 839
600 848
600 858
600 868
600 878
595 890
595 900
595 910
595 920
595 930
590 940
590 950
590 960
590 975
590 985
590 995
592 1005
602 1009
611 1014
619 1025
609 1025
600 1030
590 1030
582 1039
574 1045
564 1045
555 1050
545 1055
535 1055
529 1047
539 1037
539 1027
539 1017
549 1019
558 1014
567 1009
569 997
574 986
574 976
574 966
569 957
574 947
574 937
579 921
579 911
574 902
579 892
579 882
579 872
584 854
581 844
579 834
574 825
574 815
569 806
569 796
564 787
564 775
564 765
562 755
559 745
551 739
549 729
549 719
549 709
544 700
544 690
542 680
535 672
530 663
529 653
524 644
522 634
517 625
509 619
504 610
499 601
494 592
490 582
482 575
475 567
467 560
464 550
455 545
445 542
437 535
433 525
425 518
419 510
411 504
404 496
399 487
395 477
387 470
383 460
375 453
369 445
368 435
360 428
359 418
356 408
351 399
344 391
344 381
344 371
339 362
339 352
339 342
339 332
344 322
349 310
349 300
344 291
339 282
344 267
344 257
349 247
349 237
349 222
354 208
354 198
354 188
350 178
344 170
336 164
332 154
322 150
313 145
303 145
294 140
284 140
274 140
264 140
254 140
244 140
234 140
225 135
215 135
