99 91
94 82
104 79
113 74
119 62
129 59
139 52
144 42
154 32
162 24
171 19
181 19
191 19
201 19
211 19
215 29
225 32
234 37
240 45
245 54
250 63
255 72
255 82
255 92
259 102
260 112
260 122
260 132
260 142
260 152
260 162
260 172
255 185
255 195
255 205
255 215
255 225
255 235
255 245
255 255
255 265
255 275
255 285
260 294
268 300
272 310
282 314
289 322
299 324
309 324
319 324
329 324
339 324
348 329
358 330
368 334
378 334
387 339
396 344
406 344
414 351
424 354
433 359
442 364
451 369
460 374
470 377
477 385
487 389
494 397
502 404
511 409
520 414
528 420
533 429
542 434
551 439
559 446
565 454
573 460
580 468
588 475
595 483
603 490
608 499
615 507
622 515
627 524
636 529
640 539
634 552
624 555
614 555
604 555
594 555
584 555
574 555
564 555
554 555
544 555
534 555
524 555
514 555
504 555
494 555
484 555
475 560
465 560
455 565
445 565
445 575
440 590
440 600
445 609
450 618
450 628
450 638
450 648
450 658
450 668
450 678
450 695
444 705
434 705
424 705
414 705
404 705
395 710
385 710
377 704
369 697
369 687
379 684
389 684
399 684
408 679
418 679
427 674
429 660
429 650
429 640
429 630
429 620
429 610
424 601
424 591
419 582
415 572
405 570
395 570
385 567
375 565
365 565
355 570
345 570
335 570
325 575
315 585
315 595
315 605
317 615
320 625
322 635
325 645
330 654
330 664
335 673
334 692
324 695
315 690
307 699
297 700
287 700
277 700
267 700
257 704
249 697
249 687
259 684
269 684
279 684
289 684
298 679
308 679
312 669
309 651
304 642
304 632
299 623
299 613
299 603
299 593
299 583
299 573
292 565
282 565
273 560
264 555
255 550
245 547
237 540
230 532
220 528
214 520
213 510
204 505
199 496
194 487
189 478
182 470
179 460
177 450
174 440
169 431
164 422
164 412
164 402
164 392
164 382
164 372
164 362
164 352
164 342
164 332
164 322
164 312
164 302
172 294
174 277
179 267
179 257
184 242
189 232
194 222
194 212
199 202
199 192
204 177
209 165
209 155
209 145
209 135
209 125
209 115
207 105
198 100
188 100
178 100
169 95
159 95
149 95
139 95
129 95
119 95
109 95
