75 95
70 86
76 78
84 68
90 60
94 48
102 42
112 38
122 38
132 40
141 45
147 53
152 62
158 50
163 41
169 33
178 28
188 24
198 22
208 20
218 20
228 20
238 24
248 28
257 33
266 38
274 45
281 53
289 60
296 68
304 75
310 83
316 91
321 100
326 109
329 119
326 129
316 131
307 126
298 131
288 131
278 127
268 123
258 120
249 115
239 114
239 124
239 134
239 144
239 154
239 164
239 174
239 184
237 202
235 216
233 230
231 244
229 258
224 275
214 275
204 275
194 275
184 273
176 266
189 264
199 262
208 256
210 242
212 230
214 218
216 204
216 188
216 178
214 168
212 158
209 148
206 138
204 128
202 118
201 108
200 98
196 88
188 81
179 76
173 84
171 98
165 110
155 115
145 113
136 108
130 100
128 90
130 76
130 66
120 67
112 73
102 77
93 82
85 90
