69 95
64 86
70 78
78 68
84 60
88 50
96 42
106 38
116 38
126 39
136 43
143 51
148 60
156 50
161 41
167 33
176 28
186 24
196 22
206 20
216 20
226 20
236 22
246 26
256 30
264 36
272 42
280 48
286 56
294 63
302 69
309 77
315 85
321 93
327 101
331 111
334 129
324 131
314 127
304 129
294 131
284 127
274 123
264 123
257 115
247 113
237 112
237 122
237 132
237 142
237 152
237 162
237 172
237 182
237 192
235 206
233 218
231 230
229 244
227 256
226 271
216 275
206 275
196 275
186 273
178 266
191 264
201 262
211 257
212 244
214 232
216 220
218 208
220 194
220 184
218 174
216 164
213 154
210 144
208 134
206 124
204 114
204 104
202 94
194 87
187 79
177 76
171 84
171 94
167 104
161 112
151 115
141 113
132 108
126 100
124 90
126 78
123 64
114 69
104 73
94 77
86 83
78 89
