66 110
62 124
71 129
81 129
91 125
99 131
109 129
119 125
129 123
139 118
149 114
159 111
164 120
164 130
164 140
164 150
164 160
164 170
162 188
164 198
165 208
166 218
168 228
170 238
172 248
172 258
173 268
181 275
191 275
201 275
211 273
216 264
205 262
195 262
187 256
185 246
183 236
182 226
181 216
179 206
179 196
179 186
179 176
183 158
187 142
191 124
193 110
195 96
203 88
211 81
220 76
228 82
230 92
232 102
238 110
247 115
257 114
267 110
273 100
275 90
273 80
273 70
283 67
293 71
303 75
311 81
319 87
327 93
337 88
332 79
324 72
318 64
314 54
309 45
300 40
290 38
280 38
270 40
261 45
255 53
249 65
245 55
242 45
236 37
228 30
218 26
208 22
198 20
188 20
178 20
168 20
158 24
148 28
139 33
130 38
122 46
114 52
106 60
98 68
90 76
82 84
77 93
71 101
