68 110
64 122
72 129
82 129
92 126
101 131
111 129
121 125
131 123
141 118
150 113
160 111
162 121
162 131
162 141
162 151
162 161
162 171
162 181
162 191
164 201
164 211
166 221
168 231
170 241
170 251
172 261
172 271
182 275
192 275
202 275
212 273
217 264
205 262
195 262
189 254
187 244
185 234
183 224
181 214
180 204
179 194
181 184
181 174
183 164
187 148
191 132
193 122
195 104
199 92
207 84
215 78
225 79
228 89
230 99
235 108
243 114
253 115
263 112
271 102
274 88
273 78
273 68
283 67
292 72
302 76
311 81
319 87
327 93
337 90
332 81
324 74
318 66
313 57
310 47
302 41
292 38
282 38
272 40
262 44
256 52
251 62
245 54
241 44
235 36
227 30
217 26
207 22
197 20
187 20
177 20
167 21
157 25
147 29
138 34
130 40
122 46
114 54
106 62
98 70
90 76
84 84
78 92
73 101
