74 110
70 120
75 129
85 130
95 126
104 131
114 131
124 127
134 123
143 118
152 113
162 112
162 122
162 132
162 142
162 152
162 162
162 172
162 182
162 192
162 202
164 212
166 222
167 232
168 242
170 252
170 262
172 272
182 275
192 275
202 275
212 273
222 273
217 264
204 262
194 262
191 252
189 242
188 232
187 222
185 212
183 202
183 192
183 182
185 172
189 154
193 140
195 130
197 120
199 106
201 94
207 86
215 78
225 79
228 89
228 99
233 108
241 114
251 115
261 112
267 104
271 90
270 80
269 70
279 67
288 72
298 76
306 82
314 88
322 94
329 86
323 78
317 70
311 62
308 52
301 44
292 39
282 38
272 38
262 42
254 50
249 62
243 54
239 44
234 35
226 29
216 25
206 22
196 20
186 20
176 20
166 22
156 26
146 30
138 36
130 42
122 50
114 58
106 66
98 74
90 82
84 92
79 101
