164 62
164 52
166 38
174 30
182 24
192 22
202 20
212 22
221 27
229 33
233 43
235 53
235 63
235 73
233 88
230 103
225 112
223 122
223 132
221 148
221 158
219 170
219 180
219 190
219 200
219 210
219 220
219 230
219 240
219 250
219 260
221 274
211 275
206 266
208 248
208 238
208 228
208 218
208 208
208 198
206 188
208 169
208 159
208 149
208 139
203 130
193 130
193 140
193 150
193 160
193 170
193 180
193 190
193 200
193 210
193 220
193 230
193 240
193 250
193 260
192 273
182 275
174 268
182 261
182 251
182 241
182 231
182 221
182 211
182 201
182 191
182 181
180 171
180 161
178 151
178 141
176 131
176 121
175 111
170 102
166 92
166 82
164 72
