164 52
164 42
169 33
177 27
186 22
196 20
206 21
216 25
225 30
231 38
233 48
235 58
235 68
235 78
235 88
233 98
229 110
223 118
223 128
221 142
221 152
219 168
219 178
219 188
219 198
219 208
219 218
219 228
219 238
219 248
219 258
219 274
209 275
204 266
206 254
208 244
208 234
208 224
208 214
208 204
206 194
206 184
208 169
206 159
206 149
206 139
203 129
193 132
193 142
193 152
193 162
193 172
193 182
193 192
193 202
193 212
193 222
191 238
191 248
191 258
188 275
178 274
170 268
179 263
180 246
180 236
182 222
182 212
182 202
182 192
182 182
180 172
180 162
178 152
178 142
176 132
176 122
174 112
172 102
168 92
166 82
164 72
164 62
