30 85
24 77
32 69
42 69
50 61
60 56
70 54
79 49
89 49
99 49
109 49
119 51
125 59
130 68
135 77
135 87
135 97
135 107
139 117
140 127
144 137
145 147
149 157
159 159
168 164
177 169
187 169
197 164
207 164
217 159
227 159
237 159
246 164
256 164
265 169
275 169
284 174
294 174
303 179
313 180
323 184
332 189
342 189
351 194
360 199
369 204
378 209
387 214
396 219
405 224
414 229
422 235
430 242
438 249
447 254
456 259
464 266
468 276
475 284
480 293
488 300
492 310
497 319
500 329
508 335
512 345
517 354
520 364
525 373
530 382
530 392
535 401
540 410
545 419
550 428
555 437
564 442
569 451
575 459
585 462
593 469
602 474
609 482
615 490
623 496
629 504
637 510
645 517
650 526
652 544
647 554
637 555
628 560
618 560
608 560
599 565
589 565
579 565
569 565
561 559
552 554
544 547
537 539
529 532
522 524
514 517
507 509
499 502
494 493
487 485
484 475
474 471
466 465
456 464
449 456
441 450
432 445
423 440
413 440
404 435
395 430
385 430
375 430
365 430
355 430
345 430
335 430
335 440
335 450
335 460
335 470
335 480
330 490
335 499
335 509
335 519
335 529
335 539
335 549
335 559
335 569
335 579
340 588
345 597
354 602
357 614
347 615
337 619
327 624
319 632
309 631
304 622
304 612
314 607
319 593
319 583
319 573
319 563
315 553
314 543
314 533
314 523
314 513
314 503
314 493
310 483
309 473
309 463
309 453
306 443
300 435
290 435
290 445
290 455
290 465
290 475
285 485
285 495
280 505
275 515
270 530
270 540
270 550
268 563
260 570
255 585
255 595
260 604
262 614
252 615
242 619
234 627
224 630
215 625
205 625
195 625
189 617
199 614
209 612
219 609
229 607
239 597
239 587
244 577
244 567
249 557
254 547
254 537
259 527
259 517
264 502
269 492
269 482
269 472
269 462
264 453
264 443
260 433
254 425
244 425
235 420
225 417
217 410
208 405
199 400
191 394
184 386
179 377
172 369
164 362
160 352
150 350
145 360
145 370
145 380
145 390
145 400
145 410
147 420
150 430
150 440
150 450
148 465
139 460
129 456
129 446
129 436
124 427
124 417
124 407
124 397
124 387
124 377
124 367
129 357
134 347
134 337
139 323
139 313
135 303
134 293
134 283
130 273
124 265
119 256
114 247
110 237
104 229
99 220
99 210
99 200
99 190
94 181
89 172
89 162
94 145
92 135
89 125
79 122
75 112
69 104
67 94
57 90
48 85
39 90
