164 74
164 64
166 48
170 36
178 28
188 24
198 20
208 20
218 23
227 28
234 36
237 46
237 56
237 66
235 78
233 90
227 100
225 114
223 130
221 148
219 164
219 174
217 184
217 194
217 204
217 214
219 224
219 234
219 244
219 254
222 264
223 274
213 275
208 266
208 256
208 246
208 236
208 226
206 216
206 206
206 196
206 186
206 176
206 166
206 156
206 146
206 136
203 126
193 128
193 138
193 148
193 158
193 168
193 178
193 188
193 198
193 208
193 218
193 228
193 238
193 248
193 258
195 273
185 275
180 266
182 252
182 242
182 232
182 222
182 212
182 202
180 192
180 182
180 172
180 162
178 152
178 142
177 132
172 123
169 113
164 104
164 94
164 84
