85 95
80 86
86 76
92 68
98 54
104 46
112 40
122 38
132 38
142 41
149 49
154 58
160 50
165 41
171 33
180 28
190 24
200 20
210 20
220 20
230 22
240 26
249 31
258 36
266 43
273 51
279 59
287 66
294 74
300 82
306 90
311 99
315 109
319 119
316 129
306 130
296 129
286 129
276 130
266 126
256 123
249 115
239 114
239 124
239 134
239 144
239 154
237 168
237 178
237 196
235 212
233 228
231 242
229 256
229 266
222 275
212 275
202 275
192 275
182 273
174 266
187 263
197 262
204 254
206 240
208 228
210 214
212 195
212 185
210 175
208 165
206 155
204 145
202 135
200 125
198 115
196 105
194 95
190 85
183 77
175 84
175 94
171 104
163 113
153 115
143 112
137 104
134 94
134 84
136 74
129 66
120 71
111 76
102 81
94 89
