24 122
24 112
34 107
44 104
54 104
63 109
72 104
81 109
91 109
99 97
99 87
104 72
104 62
104 52
114 49
124 49
133 54
143 54
153 54
163 55
165 65
165 75
165 85
167 95
170 105
170 115
170 125
178 131
188 135
198 139
207 144
216 149
225 154
234 159
242 165
252 169
261 174
271 170
281 169
291 165
301 164
310 159
320 159
330 159
339 154
348 159
358 160
360 170
355 180
355 190
350 200
350 210
350 220
350 230
350 240
352 250
357 259
364 267
370 275
375 284
385 287
390 296
396 304
404 311
410 319
418 325
427 330
435 337
444 342
454 344
464 342
474 339
484 339
494 339
504 339
514 339
524 339
534 339
544 339
554 339
564 341
570 349
567 359
557 364
547 365
538 370
528 373
518 375
508 378
498 380
489 385
480 390
475 400
470 415
472 425
475 435
470 450
470 460
467 479
462 489
452 485
449 475
444 466
439 457
439 447
434 438
434 428
429 419
426 409
422 399
417 390
408 385
398 388
390 395
383 403
373 405
365 398
359 390
359 380
359 370
351 363
341 359
332 354
322 350
313 345
304 340
295 335
285 340
279 352
271 360
262 365
253 360
245 353
244 343
244 333
244 323
244 313
241 303
231 299
222 294
214 287
205 282
195 278
188 270
179 265
170 260
170 270
170 280
170 290
169 302
159 305
149 305
139 307
129 310
119 310
109 310
104 301
104 291
104 281
104 271
99 262
99 252
99 242
99 225
99 215
97 205
90 197
82 190
75 182
67 175
60 167
50 163
44 155
36 149
29 141
24 132
