79 507
79 497
87 489
95 481
103 474
110 466
120 464
130 467
139 472
147 479
156 484
166 484
176 484
184 477
194 472
202 464
210 456
218 449
227 444
235 436
243 429
252 424
260 416
270 411
278 404
285 396
293 389
302 384
310 376
318 369
327 364
337 359
345 351
353 344
360 336
364 317
369 307
369 297
369 287
374 277
374 267
374 257
374 247
379 232
379 222
384 207
384 197
389 187
389 177
389 167
394 154
394 144
394 134
394 124
389 115
387 105
384 95
379 86
374 77
374 67
379 57
387 49
395 41
400 31
410 26
420 24
430 24
440 24
450 24
460 24
468 30
475 38
480 47
480 57
485 66
495 69
505 69
515 69
524 74
532 80
540 87
540 97
545 106
550 115
552 125
550 140
543 148
535 155
530 165
522 174
512 175
502 174
492 170
483 165
473 165
463 165
453 163
445 170
440 180
440 190
440 200
435 210
435 220
430 235
430 245
430 255
430 265
425 275
420 290
420 300
420 310
420 320
415 330
415 340
410 355
405 365
398 373
388 378
380 385
370 390
362 399
354 405
345 410
335 415
327 424
319 430
310 435
302 444
293 450
284 455
275 460
268 468
260 475
250 480
242 489
233 495
224 500
215 505
210 515
210 525
215 534
215 544
220 553
220 563
215 580
207 589
199 595
190 600
181 605
171 605
162 600
152 600
143 595
134 590
124 587
124 577
129 562
133 550
123 550
113 550
103 550
95 543
89 535
84 526
79 517
