54 117
54 107
64 102
74 99
83 104
93 104
103 104
112 109
122 109
132 109
142 109
151 114
160 119
170 119
179 124
189 126
198 131
208 135
217 140
227 144
236 149
244 156
253 161
260 169
270 172
277 180
287 184
297 184
306 179
316 179
325 174
335 174
345 174
355 171
365 169
374 174
384 174
385 190
380 205
380 215
375 225
375 235
375 245
375 255
370 265
375 274
383 280
387 290
395 297
402 305
412 309
422 309
432 309
441 314
451 314
461 314
471 314
481 314
491 314
501 314
511 314
520 319
530 319
540 319
550 319
560 319
570 319
580 319
590 319
600 319
605 328
605 338
605 348
605 358
605 368
605 378
605 388
605 398
605 408
605 418
605 428
595 435
585 435
575 435
565 435
555 435
545 435
535 435
525 435
515 435
505 435
495 435
485 435
485 445
485 455
485 465
480 475
480 485
479 497
474 507
465 512
457 505
454 495
452 485
449 475
447 465
444 455
444 445
439 436
439 426
434 417
430 407
422 400
412 404
404 412
396 420
387 425
379 419
374 410
374 400
374 390
372 380
363 375
354 370
345 365
336 360
327 355
318 350
309 345
303 353
298 363
290 370
280 375
270 375
264 367
264 357
264 347
264 337
264 327
260 312
252 305
243 300
234 295
226 288
216 284
209 276
201 270
192 265
185 257
175 253
169 245
161 239
152 234
144 227
137 219
132 210
125 202
117 195
110 187
102 180
95 172
87 165
80 157
70 153
64 145
59 136
54 127
