246 1479
244 1494
249 1503
258 1508
268 1508
278 1510
288 1511
298 1511
308 1510
318 1510
328 1511
338 1511
348 1508
358 1504
368 1500
378 1500
388 1502
398 1504
408 1504
417 1499
427 1499
437 1502
447 1505
457 1507
467 1505
477 1501
487 1499
497 1501
507 1505
517 1506
526 1501
536 1497
546 1500
556 1504
566 1505
576 1503
586 1499
596 1499
606 1501
616 1503
626 1504
636 1500
646 1496
656 1496
666 1499
676 1503
686 1504
695 1498
705 1495
715 1495
725 1499
735 1502
745 1501
754 1495
764 1493
774 1494
784 1497
794 1498
804 1497
813 1492
823 1490
833 1491
842 1496
852 1497
862 1494
872 1490
882 1489
892 1491
902 1495
912 1496
922 1492
932 1488
942 1488
952 1490
962 1492
972 1492
982 1487
992 1485
1002 1485
1012 1488
1022 1490
1032 1489
1041 1483
1051 1482
1061 1483
1071 1487
1081 1489
1091 1486
1101 1481
1111 1480
1121 1481
1131 1484
1141 1486
1151 1484
1160 1479
1170 1478
1180 1480
1189 1485
1199 1486
1209 1483
1218 1478
1228 1476
1238 1477
1248 1480
1258 1482
1268 1480
1278 1475
1288 1474
1298 1475
1308 1479
1318 1481
1328 1478
1338 1473
1348 1472
1358 1473
1367 1478
1377 1480
1387 1477
1396 1472
1406 1470
1416 1470
1426 1473
1436 1477
1446 1475
1455 1470
1465 1467
1475 1467
1485 1471
1495 1473
1505 1471
1515 1467
1525 1466
1535 1466
1545 1469
1555 1471
1565 1468
1574 1463
1584 1463
1594 1464
1603 1469
1613 1471
1623 1468
1633 1463
1643 1462
1653 1462
1663 1465
1673 1467
1683 1466
1692 1461
1702 1460
1712 1460
1722 1463
1732 1466
1742 1465
1751 1459
1761 1456
1771 1457
1781 1460
1791 1464
1801 1465
1811 1460
1820 1455
1830 1454
1840 1456
1850 1459
1860 1461
1870 1457
1880 1453
1890 1452
1900 1454
1910 1458
1920 1459
1930 1455
1940 1451
1950 1450
1960 1451
1970 1455
1980 1457
1990 1455
2000 1450
2010 1449
2020 1449
2030 1452
2040 1456
2050 1453
2060 1448
2070 1447
2080 1447
2090 1449
2100 1452
2110 1451
2120 1446
2130 1444
2140 1445
2150 1447
2160 1450
2170 1452
2180 1448
2190 1444
2200 1444
2210 1445
2220 1449
2228 1455
2238 1457
2248 1458
2258 1457
2268 1457
2278 1456
2288 1455
2298 1455
2308 1455
2318 1454
2328 1453
2338 1453
2348 1453
2358 1452
2368 1452
2378 1451
2388 1450
2398 1450
2408 1449
2418 1449
2428 1449
2438 1449
2448 1452
2456 1459
2466 1459
2476 1455
2486 1451
2496 1449
2506 1445
2515 1440
2523 1434
2531 1426
2538 1418
2544 1409
2551 1401
2559 1393
2567 1387
2576 1382
2585 1377
2595 1373
2605 1369
2615 1366
2625 1363
2635 1361
2645 1360
2655 1360
2665 1359
2675 1359
2685 1358
2695 1358
2705 1359
2715 1359
2725 1360
2735 1360
2745 1362
2755 1363
2765 1364
2775 1365
2785 1367
2795 1369
2805 1371
2815 1372
2825 1373
2835 1374
2845 1375
2855 1376
2865 1377
2875 1378
2885 1379
2895 1379
2905 1379
2915 1380
2925 1380
2935 1380
2945 1380
2955 1380
2965 1380
2975 1380
2985 1379
2995 1379
3005 1379
3015 1379
3025 1377
3035 1377
3045 1376
3055 1376
3065 1375
3075 1374
3085 1373
3095 1372
3105 1371
3115 1369
3125 1368
3135 1368
3145 1367
3155 1365
3165 1363
3175 1361
3185 1360
3195 1358
3205 1356
3215 1355
3225 1354
3235 1352
3245 1349
3255 1347
3265 1345
3275 1343
3285 1340
3295 1339
3305 1337
3315 1333
3325 1332
3335 1330
3345 1327
3355 1325
3365 1322
3375 1320
3385 1318
3395 1316
3405 1314
3415 1312
3425 1308
3435 1306
3445 1303
3455 1302
3465 1300
3475 1296
3485 1292
3495 1289
3505 1288
3515 1286
3525 1282
3535 1280
3545 1277
3555 1275
3565 1273
3575 1271
3585 1267
3595 1263
3605 1261
3614 1255
3624 1254
3632 1246
3640 1239
3648 1232
3656 1226
3664 1218
3674 1215
3681 1223
3691 1221
3699 1215
3709 1212
3719 1212
3729 1211
3739 1208
3749 1205
3759 1202
3768 1197
3778 1195
3787 1189
3796 1184
3806 1182
3816 1184
3826 1179
3834 1173
3844 1176
3849 1167
3859 1164
3869 1168
3877 1162
3887 1159
3897 1155
3905 1147
3912 1139
3919 1131
3924 1115
3928 1103
3926 1093
3924 1083
3920 1073
3913 1065
3906 1057
3898 1050
3890 1044
3880 1041
3870 1038
3860 1037
3850 1036
3840 1035
3830 1033
3820 1032
3810 1030
3800 1029
3790 1027
3780 1026
3770 1025
3760 1025
3750 1025
3740 1024
3730 1022
3720 1022
3710 1022
3700 1022
3690 1021
3680 1021
3670 1021
3660 1021
3650 1020
3640 1020
3630 1019
3620 1020
3610 1020
3600 1019
3590 1019
3580 1019
3570 1019
3560 1019
3550 1019
3540 1019
3530 1020
3520 1019
3510 1019
3500 1019
3490 1019
3480 1021
3470 1021
3460 1022
3450 1022
3440 1021
3430 1022
3420 1022
3410 1022
3400 1023
3390 1023
3380 1023
3370 1024
3360 1025
3350 1025
3340 1025
3330 1025
3320 1026
3310 1027
3300 1027
3290 1027
3280 1027
3270 1027
3260 1029
3250 1030
3240 1030
3230 1032
3220 1032
3210 1033
3200 1034
3190 1034
3180 1035
3170 1035
3160 1036
3150 1036
3140 1037
3130 1037
3120 1038
3110 1038
3100 1038
3090 1039
3080 1040
3070 1041
3060 1042
3050 1043
3040 1043
3030 1044
3020 1045
3010 1046
3000 1047
2990 1048
2980 1049
2970 1049
2960 1050
2950 1050
2940 1052
2930 1053
2920 1054
2910 1055
2900 1056
2890 1057
2880 1057
2870 1059
2860 1059
2850 1061
2840 1061
2830 1062
2820 1063
2810 1064
2800 1065
2790 1066
2780 1067
2770 1068
2760 1069
2750 1070
2740 1071
2730 1072
2720 1073
2710 1074
2700 1075
2690 1076
2680 1077
2670 1078
2660 1079
2650 1081
2640 1081
2630 1082
2620 1083
2610 1085
2600 1086
2590 1088
2580 1089
2570 1090
2560 1090
2550 1092
2540 1093
2530 1094
2520 1095
2510 1096
2500 1097
2490 1098
2480 1099
2470 1100
2460 1101
2450 1103
2440 1104
2430 1105
2420 1106
2410 1107
2400 1108
2390 1109
2380 1108
2370 1112
2360 1112
2350 1114
2340 1116
2330 1117
2320 1118
2310 1119
2300 1122
2292 1129
2288 1139
2278 1143
2268 1144
2258 1144
2248 1146
2238 1146
2228 1147
2218 1147
2208 1148
2198 1149
2188 1150
2178 1150
2168 1151
2158 1152
2148 1152
2138 1153
2128 1154
2118 1154
2108 1155
2098 1156
2088 1157
2078 1158
2068 1158
2058 1159
2048 1160
2038 1160
2028 1161
2018 1161
2008 1162
1998 1163
1988 1164
1978 1164
1968 1165
1958 1166
1948 1166
1938 1168
1928 1168
1918 1169
1908 1169
1898 1170
1888 1171
1878 1172
1868 1173
1858 1173
1848 1173
1838 1175
1828 1175
1818 1176
1808 1177
1798 1177
1788 1178
1778 1179
1768 1180
1758 1180
1748 1181
1738 1182
1728 1183
1718 1183
1708 1184
1698 1184
1688 1185
1678 1185
1668 1186
1658 1186
1648 1187
1638 1188
1628 1188
1618 1189
1608 1189
1598 1190
1588 1191
1578 1192
1568 1192
1558 1193
1548 1194
1538 1194
1528 1195
1518 1196
1508 1196
1498 1197
1488 1198
1478 1198
1468 1199
1458 1200
1448 1200
1438 1200
1428 1201
1418 1202
1408 1203
1398 1203
1388 1204
1378 1204
1368 1205
1358 1206
1348 1206
1338 1207
1328 1207
1318 1207
1308 1208
1298 1209
1288 1209
1278 1210
1268 1211
1258 1211
1248 1212
1238 1212
1228 1213
1218 1213
1208 1213
1198 1214
1188 1215
1178 1216
1168 1216
1158 1217
1148 1217
1138 1218
1128 1218
1118 1218
1108 1219
1098 1220
1088 1220
1078 1221
1068 1221
1058 1222
1048 1222
1038 1223
1028 1222
1018 1223
1008 1223
998 1224
988 1225
978 1225
968 1225
958 1225
948 1226
938 1227
928 1227
918 1227
908 1227
898 1228
888 1228
878 1228
868 1228
858 1229
848 1230
838 1230
828 1230
818 1230
808 1230
798 1231
788 1231
778 1231
768 1231
758 1232
748 1233
738 1233
728 1233
718 1233
708 1234
698 1234
688 1234
678 1235
668 1235
658 1235
648 1235
638 1235
628 1236
618 1237
608 1237
598 1237
588 1238
578 1238
568 1239
558 1241
548 1241
538 1242
528 1243
518 1244
508 1246
498 1247
488 1248
478 1250
468 1252
458 1255
448 1257
438 1261
428 1265
418 1269
408 1273
400 1280
391 1286
382 1291
373 1296
365 1304
357 1310
349 1317
340 1323
334 1331
327 1339
319 1347
313 1355
306 1363
301 1372
294 1380
290 1392
283 1400
278 1409
272 1417
267 1428
261 1436
259 1450
254 1460
251 1470
