24 392
24 382
34 377
39 367
49 362
59 357
67 349
75 341
83 334
84 317
84 307
84 297
84 287
89 277
99 272
109 267
119 264
129 264
139 264
149 264
155 272
163 279
172 284
179 292
189 296
198 301
208 304
218 304
228 304
238 304
247 299
257 299
267 299
277 299
287 299
297 294
307 294
317 289
327 289
337 289
347 289
357 289
367 289
377 289
387 289
396 294
405 299
414 304
423 309
432 314
441 319
451 319
461 319
471 319
481 319
491 319
501 319
511 319
521 319
531 319
540 324
545 333
545 343
550 352
555 361
555 371
555 381
550 390
540 395
530 400
525 410
515 415
508 423
500 430
495 440
495 450
500 459
505 468
510 477
509 487
501 495
491 495
482 500
472 504
462 505
453 500
445 493
439 485
431 479
426 470
417 465
408 460
398 460
389 455
379 455
369 455
359 455
349 455
339 455
329 455
319 457
309 460
299 462
289 465
279 465
269 465
259 465
250 470
240 470
230 470
220 470
210 470
200 470
190 470
180 470
170 468
163 460
155 453
148 445
139 440
130 435
121 430
112 425
102 425
92 425
82 425
72 425
62 425
53 430
44 435
36 429
29 421
29 411
24 402
