164 142
164 132
169 122
177 114
185 106
195 101
203 94
212 89
214 76
214 66
209 57
209 47
209 37
217 29
227 24
237 24
247 24
257 24
267 24
277 24
287 24
297 24
306 29
315 34
325 37
332 45
342 49
351 54
360 59
370 59
380 59
390 59
400 59
410 59
420 59
430 59
440 59
450 59
460 56
470 54
479 49
488 44
498 44
507 39
517 39
527 39
537 39
547 39
554 47
562 54
572 54
581 59
591 59
601 59
611 59
621 59
631 59
641 59
651 59
661 59
670 64
680 67
685 76
688 86
693 95
695 105
688 118
680 125
673 133
665 140
660 150
655 160
655 170
655 180
655 190
655 200
655 210
647 220
637 220
627 224
617 225
607 225
597 225
587 225
577 225
567 225
557 225
548 220
539 215
529 212
522 204
512 200
503 195
493 195
484 190
474 190
464 192
454 195
444 197
434 200
425 205
415 205
405 205
395 205
385 205
375 205
365 205
355 205
345 210
336 205
326 203
316 199
309 191
301 185
292 180
283 175
274 170
264 170
254 170
244 170
234 170
224 170
214 170
204 170
194 170
184 170
174 170
169 161
164 152
