104 127
104 117
112 109
122 104
130 96
140 91
150 86
154 76
154 66
154 56
149 47
149 37
154 27
164 24
173 19
183 19
193 19
203 19
213 19
223 19
232 24
241 29
250 34
260 34
270 37
279 42
289 44
299 44
309 44
319 44
329 44
339 44
349 44
358 39
368 39
378 39
388 39
397 34
407 34
417 34
427 34
437 29
447 29
457 29
466 34
475 39
485 42
492 50
502 54
509 62
517 69
527 69
537 69
547 69
557 64
567 64
577 64
586 59
596 59
605 54
615 54
623 60
625 70
627 80
632 89
635 99
628 113
620 120
613 133
605 140
595 145
595 155
597 165
600 175
605 184
600 200
591 205
582 210
573 215
564 220
554 220
544 222
534 227
524 230
515 225
506 220
497 215
488 210
479 205
471 198
461 194
454 186
446 180
436 180
426 180
416 180
406 180
396 180
387 185
377 185
367 189
357 190
347 190
337 190
327 190
317 194
307 195
297 195
287 195
277 195
267 194
257 190
248 185
240 178
234 170
224 170
214 170
204 170
195 165
185 165
175 170
165 170
155 170
145 170
135 175
125 172
117 165
114 155
114 145
109 136
