329 1212
329 1202
334 1192
342 1184
350 1176
358 1169
365 1161
373 1154
382 1149
387 1139
395 1131
403 1124
410 1116
418 1109
427 1104
435 1096
439 1077
439 1067
439 1057
439 1047
439 1037
439 1027
439 1017
439 1007
439 997
439 987
439 977
444 967
444 957
449 947
454 937
462 929
470 921
480 919
490 919
500 919
510 919
520 919
530 919
540 919
550 919
560 919
570 919
580 919
590 919
600 919
610 922
620 924
630 924
639 929
648 934
657 939
664 947
672 954
679 962
687 969
694 977
700 985
705 994
714 999
724 999
734 999
744 999
754 999
764 999
774 999
784 997
794 994
804 994
813 989
823 989
832 984
841 979
851 979
860 974
870 974
880 974
889 969
899 969
909 969
919 969
929 969
939 969
949 969
958 964
968 964
978 964
988 964
998 964
1008 964
1018 964
1028 964
1038 964
1048 964
1058 964
1068 964
1078 964
1088 964
1098 964
1108 964
1117 969
1127 969
1136 974
1146 974
1155 979
1165 982
1174 987
1182 994
1191 999
1200 1004
1208 1010
1215 1018
1223 1024
1232 1029
1241 1034
1250 1039
1260 1039
1270 1039
1280 1039
1290 1039
1300 1039
1310 1039
1320 1039
1330 1039
1340 1039
1350 1039
1360 1039
1370 1039
1380 1039
1390 1039
1400 1039
1410 1042
1419 1047
1429 1051
1438 1056
1443 1065
1447 1075
1450 1085
1455 1094
1455 1104
1455 1114
1455 1124
1450 1140
1450 1150
1445 1165
1440 1180
1435 1190
1427 1199
1419 1205
1410 1210
1403 1218
1398 1228
1390 1235
1385 1245
1385 1255
1385 1265
1385 1275
1385 1285
1385 1295
1385 1305
1390 1314
1390 1324
1395 1333
1395 1343
1400 1352
1400 1362
1405 1371
1411 1379
1415 1395
1409 1407
1401 1415
1392 1420
1383 1425
1374 1430
1364 1430
1354 1430
1344 1430
1334 1430
1324 1430
1314 1430
1304 1430
1294 1430
1284 1430
1274 1430
1264 1430
1254 1430
1245 1425
1235 1425
1226 1420
1216 1418
1206 1415
1197 1410
1187 1410
1178 1405
1169 1400
1160 1395
1152 1389
1142 1385
1135 1377
1125 1373
1118 1365
1110 1358
1104 1350
1095 1345
1085 1345
1075 1345
1065 1345
1055 1345
1046 1350
1036 1350
1026 1350
1017 1355
1007 1359
997 1360
987 1360
978 1365
968 1365
959 1370
949 1370
939 1372
929 1375
920 1380
910 1380
900 1380
890 1380
880 1385
870 1385
860 1390
850 1395
840 1395
831 1400
821 1400
812 1405
802 1405
792 1405
782 1405
772 1405
762 1405
752 1405
743 1400
733 1400
723 1400
714 1395
704 1395
694 1392
685 1387
675 1383
668 1375
659 1370
649 1370
640 1365
632 1359
624 1352
615 1347
607 1340
598 1335
590 1328
581 1323
571 1319
562 1314
557 1305
548 1300
538 1300
528 1300
518 1300
508 1303
498 1305
489 1310
479 1310
469 1310
459 1312
449 1317
439 1320
429 1320
419 1320
410 1325
400 1325
390 1325
380 1330
370 1330
360 1330
350 1327
342 1320
339 1310
339 1300
334 1291
329 1282
329 1272
329 1262
329 1252
329 1242
329 1232
329 1222
