134 157
134 147
142 139
149 127
157 119
166 114
174 102
182 94
184 81
184 71
179 62
179 52
179 42
189 37
199 34
209 32
219 29
229 29
238 24
248 24
257 19
266 24
274 31
283 36
290 44
299 49
305 57
313 64
323 64
333 64
343 64
353 64
363 64
373 64
383 64
392 59
402 59
412 59
421 54
431 54
440 49
450 49
459 44
469 44
479 44
489 44
499 44
508 49
517 54
526 59
535 64
545 67
554 72
562 79
572 79
582 79
592 79
601 74
610 69
619 74
629 74
638 79
647 84
656 89
664 96
665 106
663 123
655 130
650 140
643 148
635 155
628 168
620 175
625 184
630 193
635 202
639 212
640 222
632 235
622 235
612 235
602 235
592 235
582 235
572 234
562 230
552 229
542 225
532 224
524 217
515 212
507 205
498 200
489 195
479 195
469 195
459 195
449 197
439 200
429 202
419 205
409 205
400 210
390 210
380 210
371 215
361 215
351 215
341 215
331 215
321 215
312 210
302 210
292 210
282 209
272 205
262 205
253 200
245 193
238 185
229 180
219 180
209 182
199 185
189 187
179 190
169 190
159 190
149 190
139 186
134 177
134 167
