24 432
24 422
32 414
39 402
47 394
54 382
64 372
64 362
64 352
64 342
69 327
74 317
74 307
82 299
91 294
100 289
110 289
120 289
130 289
139 294
147 300
155 307
164 312
174 316
184 319
194 319
204 319
214 317
224 314
234 314
244 314
254 314
263 309
273 309
283 309
293 309
303 309
312 304
322 304
332 304
342 304
352 304
362 304
372 304
381 309
390 314
398 320
405 328
415 332
424 337
434 341
443 346
453 349
463 349
473 349
483 349
493 349
502 344
512 344
522 339
532 339
541 344
545 354
550 363
550 373
550 383
550 393
550 403
548 413
540 420
533 428
528 438
520 445
520 455
520 465
522 475
525 485
525 495
523 513
515 520
505 520
495 520
486 525
477 530
467 530
457 530
447 529
437 525
428 520
419 515
409 512
400 507
390 505
380 505
370 505
360 505
350 505
340 505
330 505
320 505
310 505
300 505
290 505
280 505
270 505
260 505
250 505
240 505
230 510
221 515
212 520
202 520
192 520
182 520
175 512
167 505
158 500
149 495
139 492
130 487
120 483
113 475
104 470
95 465
85 470
75 470
65 475
56 480
46 480
36 479
29 471
24 462
24 452
24 442
