364 1182
364 1172
369 1162
377 1154
385 1146
393 1139
400 1131
408 1124
415 1116
423 1109
432 1104
440 1096
450 1091
455 1081
463 1074
469 1057
469 1047
469 1037
469 1027
469 1017
469 1007
469 997
469 987
469 977
469 967
469 957
469 947
474 937
479 927
487 919
495 911
505 906
515 901
525 899
535 896
545 894
554 889
564 889
574 889
584 889
594 891
603 896
613 899
623 899
633 900
643 904
653 905
662 910
670 917
680 919
689 924
698 929
707 934
716 939
725 944
735 947
744 952
754 956
764 959
773 964
782 969
791 974
801 974
810 979
819 984
829 984
838 989
848 989
858 989
868 989
878 989
888 989
898 989
908 989
918 989
928 989
938 989
948 989
957 984
966 979
976 975
986 970
996 965
1006 964
1015 959
1025 956
1035 954
1045 954
1055 954
1065 954
1075 954
1084 949
1094 949
1104 949
1114 949
1124 949
1134 949
1144 949
1154 949
1164 949
1174 949
1184 951
1194 954
1203 959
1212 964
1221 969
1229 976
1235 984
1245 987
1255 989
1265 989
1274 994
1284 996
1293 1001
1303 1004
1312 1009
1322 1009
1332 1009
1342 1009
1352 1009
1362 1009
1372 1009
1381 1014
1391 1014
1401 1014
1411 1014
1421 1014
1431 1014
1441 1014
1451 1014
1461 1014
1471 1014
1481 1014
1491 1014
1500 1019
1505 1028
1510 1037
1517 1045
1525 1052
1529 1062
1530 1072
1530 1082
1530 1092
1530 1102
1530 1112
1530 1122
1530 1132
1525 1145
1520 1155
1513 1163
1508 1173
1500 1180
1493 1193
1485 1200
1478 1208
1470 1215
1463 1223
1453 1228
1443 1233
1435 1240
1430 1250
1430 1260
1430 1270
1430 1280
1430 1290
1430 1300
1430 1310
1430 1320
1430 1330
1430 1340
1432 1350
1437 1359
1444 1367
1450 1375
1450 1385
1449 1397
1441 1405
1432 1410
1422 1410
1412 1414
1402 1415
1393 1420
1383 1423
1373 1428
1363 1433
1353 1435
1343 1435
1333 1435
1323 1435
1313 1435
1303 1435
1293 1435
1285 1428
1278 1420
1269 1415
1259 1415
1250 1410
1242 1404
1232 1400
1223 1395
1215 1388
1209 1380
1199 1376
1191 1370
1182 1365
1173 1360
1163 1360
1154 1355
1145 1350
1136 1345
1126 1345
1116 1345
1106 1345
1096 1345
1086 1345
1076 1345
1066 1345
1056 1345
1046 1345
1037 1350
1027 1350
1017 1350
1007 1350
998 1355
988 1355
978 1355
968 1358
958 1360
948 1363
938 1365
929 1370
920 1375
910 1375
900 1380
890 1380
881 1385
871 1385
861 1385
851 1385
841 1385
831 1385
822 1390
812 1390
802 1390
792 1390
782 1390
772 1390
762 1390
752 1390
742 1390
732 1390
722 1389
712 1385
702 1385
693 1380
685 1373
678 1365
669 1360
661 1354
652 1349
644 1342
639 1333
633 1325
624 1320
615 1315
605 1312
595 1310
585 1307
575 1305
565 1305
555 1305
545 1305
535 1305
525 1305
515 1305
505 1305
495 1305
485 1305
475 1305
465 1305
455 1305
445 1310
435 1310
426 1315
416 1315
406 1315
396 1315
386 1313
376 1309
369 1301
364 1292
364 1282
364 1272
364 1262
364 1252
364 1242
364 1232
364 1222
364 1212
364 1202
364 1192
