149 137
149 127
157 119
167 114
175 106
183 99
190 91
200 86
208 79
214 65
214 55
209 46
204 37
204 27
214 24
224 24
234 24
244 24
254 24
264 26
273 31
283 35
292 40
300 47
308 54
317 59
327 59
337 59
346 54
356 54
365 49
375 46
385 44
395 41
405 39
415 39
425 39
435 36
445 34
455 34
465 34
475 34
485 34
495 34
505 34
515 34
524 39
533 44
542 49
551 54
559 61
565 69
574 74
583 79
593 79
602 74
611 69
621 69
631 69
640 64
649 59
659 59
667 65
675 72
675 82
679 92
677 109
672 119
664 125
658 133
653 143
643 148
635 155
637 165
640 175
640 185
645 194
642 204
634 210
624 210
615 215
605 215
595 215
585 215
576 210
566 209
557 204
547 200
538 195
530 188
523 180
514 175
504 175
494 175
484 175
474 175
465 180
455 180
445 180
436 185
426 185
416 185
406 185
397 190
387 190
378 195
368 195
358 195
349 200
339 200
329 197
320 192
310 188
301 183
291 179
282 174
272 170
262 170
252 170
242 170
232 174
222 175
212 175
202 179
192 180
183 175
174 170
166 163
161 154
157 144
