24 442
24 432
29 422
39 417
44 407
54 402
62 394
69 382
74 367
74 357
74 347
74 337
74 327
79 317
84 307
92 299
102 299
112 299
122 299
132 299
142 299
152 299
162 299
171 304
180 309
185 318
193 325
200 333
210 334
220 334
230 334
240 334
250 331
260 329
269 324
279 324
288 319
297 324
307 324
316 319
326 319
336 319
346 319
356 319
366 319
376 319
386 319
396 319
405 324
414 329
423 334
432 339
439 347
449 351
459 354
469 354
479 354
489 354
499 354
509 354
519 354
529 354
538 359
545 367
550 376
550 386
550 396
550 406
545 415
540 425
530 435
523 448
515 455
515 465
515 475
520 484
525 493
525 503
530 512
528 528
520 535
510 540
500 540
490 540
480 540
470 540
460 540
451 535
441 535
432 530
422 529
412 525
405 517
397 510
388 505
379 500
369 500
359 500
349 502
339 505
329 507
319 510
309 510
300 515
290 515
280 515
270 520
260 525
250 525
240 525
230 525
220 525
210 525
200 522
190 518
181 513
171 510
162 505
158 495
149 490
139 487
130 482
122 475
113 480
103 480
93 480
84 485
74 485
64 487
54 490
44 490
34 490
29 481
24 472
24 462
24 452
