439 481
434 472
442 464
450 456
458 449
467 444
477 439
485 431
493 424
502 419
512 414
522 409
532 404
539 390
539 380
539 370
539 360
534 351
534 341
534 331
529 322
529 312
529 302
529 292
537 284
546 279
556 279
566 279
576 279
586 279
596 279
606 279
616 279
626 279
636 279
646 279
656 279
666 279
676 279
686 279
696 279
705 284
714 289
723 294
732 299
742 299
751 304
760 309
770 312
779 317
789 321
799 324
809 324
819 324
829 324
839 324
849 324
859 324
869 324
878 319
888 319
898 319
908 319
918 319
928 319
938 319
947 314
957 314
967 309
977 309
987 309
997 309
1007 309
1016 304
1026 304
1036 304
1046 304
1056 304
1066 304
1076 300
1086 299
1096 299
1105 294
1115 294
1125 294
1135 294
1145 294
1155 294
1164 299
1172 305
1182 309
1189 317
1197 324
1204 332
1212 339
1221 344
1230 349
1238 355
1245 363
1253 370
1263 374
1273 374
1283 374
1292 369
1302 369
1312 369
1322 369
1332 364
1342 364
1352 364
1361 359
1371 359
1380 354
1389 349
1399 349
1409 349
1418 344
1428 344
1438 344
1448 344
1458 345
1465 353
1470 362
1474 372
1475 382
1475 392
1480 401
1480 411
1486 419
1490 429
1490 440
1483 453
1475 460
1468 473
1460 480
1452 489
1447 499
1442 509
1434 515
1425 520
1415 520
1408 528
1400 535
1405 544
1410 553
1415 562
1420 571
1420 581
1425 590
1427 600
1430 610
1430 620
1428 633
1420 640
1410 645
1400 645
1390 645
1380 650
1370 650
1360 655
1351 660
1342 665
1333 670
1323 673
1313 675
1304 680
1294 680
1285 685
1276 690
1266 689
1257 684
1247 680
1238 675
1229 670
1220 665
1211 660
1202 655
1193 650
1184 645
1175 640
1167 634
1159 627
1152 619
1144 612
1137 604
1127 600
1120 592
1110 590
1100 590
1090 590
1080 595
1070 595
1060 595
1050 595
1040 595
1030 595
1020 595
1011 600
1001 600
991 600
981 600
971 600
961 600
952 605
942 609
932 610
922 610
912 610
902 614
892 615
882 615
872 615
862 619
852 620
842 620
832 620
822 620
812 620
802 620
792 620
782 620
772 620
763 615
754 610
745 605
736 600
727 595
718 590
709 585
701 578
691 575
681 573
671 570
661 570
651 570
642 565
633 560
623 560
613 560
603 560
594 565
584 567
574 570
564 570
555 575
545 575
535 575
525 575
516 580
506 580
496 580
487 585
477 584
472 575
469 565
464 556
459 547
459 537
459 527
454 518
449 509
444 500
444 490
