99 272
99 262
109 252
114 237
122 229
127 219
135 211
140 201
148 194
157 189
166 184
176 184
184 172
184 162
184 152
184 142
184 132
184 122
189 112
194 102
199 92
204 82
212 74
217 64
226 59
235 54
245 51
253 44
262 49
270 55
270 65
280 69
289 64
299 66
300 76
300 86
295 100
290 115
290 125
290 135
285 145
285 155
280 165
273 173
265 180
255 185
245 185
250 194
260 194
270 197
279 202
289 204
298 209
308 209
317 204
327 199
336 194
346 190
356 185
366 184
376 184
386 184
396 184
406 184
415 189
425 192
435 194
444 199
452 205
460 212
467 220
475 227
482 235
490 242
494 252
500 260
500 270
510 274
520 274
525 283
530 292
535 301
535 311
535 321
533 333
525 340
515 345
505 345
507 355
503 368
498 378
490 385
485 395
475 400
465 400
455 400
445 400
435 400
425 400
415 400
405 405
395 405
385 405
375 405
365 405
356 400
346 400
336 400
326 400
317 395
307 399
297 400
287 400
278 405
268 405
258 405
248 405
238 405
228 405
218 405
209 400
200 395
190 395
182 389
174 382
174 372
182 364
189 356
184 347
179 338
175 328
168 320
159 315
150 310
140 307
130 305
122 299
112 295
109 285
109 275
