314 782
314 772
319 762
319 752
319 742
324 727
324 717
329 707
334 697
339 687
344 677
352 669
357 659
362 649
370 641
375 631
383 624
389 612
394 602
402 594
410 586
418 579
425 571
435 566
443 559
450 551
458 544
467 539
475 531
483 524
490 516
498 509
507 504
515 496
523 489
530 481
538 474
539 463
534 454
529 445
527 435
524 425
524 415
519 406
519 396
519 386
514 377
514 367
522 359
531 354
541 350
549 342
557 334
567 334
577 334
585 326
593 319
600 311
608 304
618 304
627 299
637 299
647 299
657 299
666 294
675 289
685 292
693 299
703 299
712 294
722 294
732 294
739 302
747 309
757 309
767 304
776 309
785 314
790 323
798 329
807 334
816 339
824 346
825 356
820 370
820 380
815 390
810 400
805 410
800 425
800 435
800 445
805 454
813 460
822 465
832 469
841 474
851 470
861 465
869 457
874 448
874 438
874 428
869 419
866 409
859 401
859 391
854 382
854 372
854 362
854 352
854 342
854 332
859 322
867 314
877 314
887 314
894 302
902 294
912 289
921 294
931 294
940 289
949 282
957 274
967 274
976 279
986 279
996 279
1006 279
1016 279
1026 279
1035 274
1045 274
1053 280
1060 288
1065 297
1072 305
1080 312
1084 322
1094 326
1100 334
1109 339
1117 345
1125 352
1130 361
1130 371
1130 381
1122 389
1114 395
1105 400
1100 415
1100 425
1100 435
1100 445
1100 455
1102 465
1107 474
1110 484
1118 490
1125 498
1130 507
1137 515
1145 522
1154 527
1164 531
1173 536
1183 540
1192 545
1202 549
1211 554
1221 554
1231 554
1240 549
1250 546
1255 536
1260 526
1268 519
1269 509
1269 499
1267 489
1262 480
1259 470
1259 460
1254 451
1254 441
1254 431
1249 422
1249 412
1249 402
1249 392
1249 382
1254 372
1259 357
1264 347
1269 337
1274 327
1279 317
1279 307
1279 297
1279 287
1279 277
1279 267
1279 257
1287 249
1297 244
1307 244
1317 239
1327 239
1334 227
1342 219
1352 214
1362 214
1372 214
1382 214
1392 209
1401 204
1411 204
1421 204
1431 204
1441 204
1451 204
1461 204
1471 204
1479 211
1489 214
1497 220
1505 227
1510 236
1515 245
1515 255
1520 264
1528 270
1535 278
1535 288
1535 298
1535 308
1543 314
1553 315
1563 319
1573 319
1582 324
1592 324
1601 329
1610 334
1620 334
1629 339
1638 344
1647 349
1656 354
1664 361
1670 369
1678 375
1685 383
1693 390
1695 400
1700 409
1695 420
1695 430
1700 439
1695 450
1690 460
1690 470
1692 480
1695 490
1695 500
1695 510
1690 520
1685 530
1680 540
1675 550
1670 560
1670 570
1670 580
1665 595
1660 610
1653 623
1645 630
1637 639
1628 645
1618 645
1608 645
1598 645
1589 640
1580 635
1570 635
1560 632
1552 625
1549 615
1544 606
1539 597
1539 587
1539 577
1539 567
1544 557
1549 547
1552 534
1542 530
1532 530
1523 525
1514 530
1505 535
1505 545
1510 554
1518 560
1520 570
1525 579
1525 589
1528 603
1520 610
1515 620
1515 630
1520 639
1525 648
1533 655
1540 663
1545 672
1549 682
1550 692
1550 702
1550 712
1554 722
1548 738
1540 745
1540 755
1540 765
1540 775
1540 785
1535 800
1535 810
1528 823
1520 830
1520 840
1520 850
1520 860
1520 870
1518 888
1510 895
1510 905
1503 918
1495 925
1488 933
1483 943
1475 950
1468 958
1460 965
1450 970
1443 978
1435 985
1429 997
1419 1002
1409 1007
1399 1010
1390 1015
1383 1023
1375 1030
1366 1035
1357 1040
1348 1045
1339 1050
1330 1045
1320 1045
1310 1045
1302 1054
1294 1060
1284 1060
1275 1065
1265 1065
1258 1073
1250 1080
1242 1089
1232 1090
1222 1089
1214 1082
1207 1074
1202 1065
1195 1057
1190 1048
1184 1040
1179 1031
1174 1022
1170 1012
1165 1003
1159 995
1150 1000
1145 1010
1140 1025
1133 1033
1125 1040
1118 1048
1113 1058
1105 1065
1098 1073
1090 1080
1090 1090
1090 1100
1090 1110
1090 1120
1085 1130
1083 1143
1078 1153
1070 1160
1063 1173
1055 1180
1048 1193
1040 1200
1040 1210
1040 1220
1035 1230
1035 1240
1035 1250
1035 1260
1035 1270
1037 1280
1047 1284
1056 1289
1066 1289
1076 1289
1086 1289
1096 1289
1106 1289
1115 1294
1125 1294
1135 1294
1145 1297
1154 1302
1162 1309
1169 1317
1175 1325
1175 1335
1170 1345
1168 1363
1160 1370
1152 1379
1143 1385
1133 1385
1123 1385
1113 1388
1103 1393
1093 1395
1083 1395
1073 1398
1065 1405
1058 1413
1048 1415
1039 1420
1030 1415
1020 1412
1010 1410
1001 1415
991 1415
981 1415
971 1415
961 1415
952 1420
942 1420
932 1420
922 1420
913 1415
904 1410
896 1403
886 1400
876 1398
866 1394
859 1386
854 1377
859 1367
867 1359
872 1349
877 1339
884 1327
889 1317
894 1307
894 1297
899 1287
899 1277
904 1267
904 1257
904 1247
904 1237
909 1228
909 1218
909 1208
902 1200
895 1192
887 1185
880 1177
872 1170
865 1162
859 1154
854 1145
849 1136
844 1127
844 1117
844 1107
852 1099
859 1087
864 1072
864 1062
869 1052
869 1042
869 1032
869 1022
874 1012
879 996
871 990
861 990
851 990
841 990
831 990
821 990
812 985
802 984
792 980
782 980
772 980
763 975
753 975
744 970
734 970
725 965
716 960
706 959
697 954
687 950
678 945
669 940
660 945
655 955
650 965
648 978
643 988
635 995
630 1005
632 1015
630 1030
628 1048
620 1055
615 1065
615 1075
610 1085
610 1095
610 1105
605 1115
600 1125
600 1135
605 1144
605 1154
610 1163
615 1172
615 1182
619 1192
620 1202
624 1212
625 1222
625 1232
629 1242
630 1252
637 1260
647 1264
656 1269
664 1276
670 1284
680 1287
685 1296
691 1304
695 1314
700 1323
700 1333
700 1343
696 1355
687 1360
677 1360
667 1360
657 1360
647 1360
637 1360
627 1360
617 1360
609 1367
601 1375
592 1380
583 1385
574 1390
564 1390
555 1395
545 1395
535 1395
526 1400
516 1400
507 1395
497 1394
487 1390
477 1390
467 1389
457 1385
447 1385
438 1380
429 1375
424 1366
419 1357
424 1347
429 1332
434 1317
439 1307
444 1292
449 1277
449 1267
454 1256
454 1246
449 1237
449 1227
454 1214
454 1204
454 1194
454 1184
454 1174
449 1165
449 1155
444 1146
439 1137
439 1127
435 1117
427 1110
417 1110
408 1105
400 1098
394 1090
386 1084
384 1074
384 1064
384 1054
384 1044
379 1035
379 1025
379 1015
377 1005
370 997
365 988
359 980
351 974
349 964
344 955
339 946
334 937
334 927
339 918
339 908
339 898
336 888
331 879
329 869
324 860
319 851
319 841
319 831
314 822
314 812
314 802
314 792
