239 357
239 347
244 337
249 327
257 319
265 311
273 304
280 296
288 289
295 281
305 276
313 269
323 269
330 261
340 256
350 251
360 246
370 244
379 239
389 239
399 237
409 234
419 234
428 229
438 229
448 229
458 229
468 229
478 229
487 224
497 224
507 224
517 224
526 229
536 229
546 229
556 229
566 229
575 224
585 221
593 214
602 209
611 204
621 204
630 199
639 204
649 204
659 206
669 209
678 214
688 215
695 223
705 227
710 236
713 246
715 256
718 266
720 276
715 290
710 300
705 310
697 324
687 329
679 335
670 340
670 350
665 365
665 375
665 385
660 395
660 405
660 415
660 425
655 440
655 450
655 460
655 470
655 480
655 490
655 500
657 510
660 520
662 530
670 537
680 536
688 529
692 519
694 507
699 497
704 482
709 467
714 457
719 442
724 432
724 422
729 412
734 397
739 387
744 377
749 362
754 352
759 337
767 329
772 319
780 311
788 304
795 296
803 289
812 284
822 279
831 274
841 270
851 269
861 269
871 269
881 269
890 274
900 274
908 280
915 288
923 295
932 300
940 307
945 316
951 324
955 334
960 343
965 352
965 362
970 371
975 380
975 390
977 400
980 410
982 420
985 430
990 439
990 449
999 454
1004 442
1009 432
1014 422
1019 412
1024 397
1029 387
1034 372
1039 357
1044 347
1049 332
1054 317
1062 309
1070 301
1078 294
1087 289
1096 284
1106 280
1116 279
1126 279
1136 279
1145 284
1155 284
1165 287
1174 292
1184 296
1193 301
1200 309
1210 312
1217 320
1225 327
1232 335
1240 342
1244 352
1250 360
1252 370
1260 377
1264 387
1269 396
1273 406
1278 415
1282 425
1290 432
1294 442
1299 451
1303 461
1308 470
1312 480
1317 489
1320 499
1325 508
1330 517
1330 527
1335 536
1341 544
1345 554
1353 560
1355 570
1360 579
1365 588
1365 598
1370 607
1374 617
1379 626
1380 636
1383 646
1385 656
1385 666
1390 675
1390 685
1390 695
1390 705
1395 714
1395 724
1395 734
1395 744
1400 753
1400 763
1400 773
1400 783
1400 793
1405 802
1405 812
1405 822
1405 832
1405 842
1405 852
1409 862
1410 872
1410 882
1410 892
1410 902
1410 912
1410 922
1415 931
1420 940
1425 949
1430 958
1435 967
1439 977
1447 984
1450 994
1455 1003
1450 1020
1443 1028
1435 1035
1428 1043
1420 1050
1410 1050
1400 1050
1390 1055
1380 1052
1372 1045
1369 1035
1364 1026
1359 1017
1359 1007
1359 997
1359 987
1359 977
1359 967
1359 957
1359 947
1359 937
1364 919
1364 909
1364 899
1364 889
1361 879
1359 869
1359 859
1359 849
1359 839
1359 829
1359 819
1356 809
1354 799
1354 789
1354 779
1351 769
1349 759
1344 750
1335 755
1330 765
1330 775
1325 785
1320 800
1315 815
1315 825
1310 835
1305 850
1300 865
1300 875
1300 885
1295 895
1295 905
1295 915
1295 925
1297 935
1300 945
1305 954
1305 964
1310 973
1315 982
1319 992
1324 1001
1330 1009
1335 1018
1335 1028
1335 1038
1335 1048
1335 1058
1330 1075
1330 1085
1325 1095
1320 1110
1315 1120
1315 1130
1315 1140
1310 1150
1310 1160
1310 1170
1310 1180
1310 1190
1312 1200
1315 1210
1315 1220
1315 1230
1315 1240
1315 1250
1315 1260
1315 1270
1315 1280
1317 1290
1320 1300
1320 1310
1320 1320
1325 1329
1325 1339
1325 1349
1325 1359
1330 1368
1330 1378
1324 1387
1314 1390
1304 1390
1294 1390
1284 1390
1274 1390
1265 1395
1255 1395
1245 1395
1235 1395
1225 1395
1215 1395
1205 1395
1195 1395
1187 1389
1179 1382
1179 1372
1179 1362
1184 1352
1189 1337
1194 1322
1199 1307
1204 1292
1209 1282
1209 1272
1209 1262
1214 1248
1214 1238
1210 1228
1209 1218
1209 1208
1209 1198
1205 1188
1204 1178
1204 1168
1204 1158
1204 1148
1200 1138
1199 1128
1199 1118
1199 1108
1195 1098
1194 1088
1189 1079
1187 1069
1182 1060
1179 1050
1174 1041
1169 1032
1164 1023
1158 1015
1149 1010
1140 1015
1135 1030
1135 1040
1137 1050
1140 1060
1145 1069
1145 1079
1150 1088
1150 1098
1150 1108
1150 1118
1145 1135
1138 1148
1133 1158
1128 1168
1123 1178
1115 1185
1115 1195
1110 1210
1110 1220
1110 1230
1105 1240
1105 1250
1105 1260
1105 1270
1105 1280
1105 1290
1105 1300
1105 1310
1105 1320
1105 1330
1105 1340
1105 1350
1110 1359
1110 1369
1108 1388
1100 1395
1091 1400
1081 1400
1072 1405
1062 1404
1052 1400
1042 1400
1032 1400
1022 1400
1013 1405
1003 1405
993 1405
984 1410
974 1410
964 1412
954 1411
949 1402
949 1392
949 1382
949 1372
954 1362
954 1352
959 1342
964 1327
969 1312
974 1297
979 1287
984 1272
989 1256
989 1246
989 1236
989 1226
989 1216
989 1206
989 1196
984 1187
984 1177
984 1167
984 1157
984 1147
984 1137
989 1125
989 1115
989 1105
989 1095
989 1085
989 1075
984 1066
984 1056
984 1046
984 1036
979 1027
979 1017
974 1008
967 1000
957 1000
947 1000
937 1000
928 1005
918 1005
909 1010
899 1010
889 1012
879 1015
869 1015
860 1020
850 1020
841 1025
831 1025
821 1025
812 1030
802 1030
792 1034
782 1035
772 1039
762 1040
753 1045
743 1045
733 1045
724 1050
714 1050
705 1055
695 1055
688 1063
680 1070
680 1080
675 1090
675 1100
675 1110
675 1120
675 1130
675 1140
675 1150
677 1160
680 1170
685 1179
685 1189
685 1199
680 1215
675 1230
673 1243
665 1250
660 1260
655 1275
655 1285
655 1295
655 1305
655 1315
655 1325
655 1335
655 1345
657 1355
660 1365
660 1375
660 1385
660 1395
660 1405
660 1415
662 1425
665 1435
670 1444
670 1454
663 1463
655 1470
645 1470
636 1465
626 1463
616 1460
606 1460
596 1460
586 1460
576 1458
566 1455
556 1455
546 1455
536 1455
526 1455
516 1455
506 1455
496 1455
486 1455
476 1455
466 1455
456 1455
446 1455
436 1455
426 1454
419 1446
414 1437
414 1427
419 1412
424 1402
429 1387
434 1377
439 1362
444 1347
449 1332
449 1322
454 1312
454 1302
454 1292
459 1279
459 1269
459 1259
459 1249
454 1240
454 1230
454 1220
452 1210
449 1200
449 1190
444 1181
444 1171
439 1162
439 1152
439 1142
444 1127
449 1117
454 1107
454 1097
459 1082
459 1072
459 1062
464 1050
464 1040
459 1031
459 1021
454 1012
454 1002
447 994
439 987
430 982
422 975
415 967
409 959
404 950
399 941
394 932
389 923
386 913
381 904
379 894
374 885
374 875
369 866
369 856
369 846
369 836
364 827
364 817
364 807
364 797
364 787
364 777
364 767
364 757
364 747
369 737
369 727
369 717
369 707
374 692
374 682
379 672
384 657
384 647
389 637
389 627
394 617
399 607
404 597
409 582
414 567
422 559
427 549
432 539
437 529
444 517
439 505
430 500
420 497
412 490
403 485
395 478
388 470
380 463
373 455
363 455
353 458
345 465
335 465
326 470
316 470
306 469
297 464
287 460
278 455
270 448
263 440
255 433
249 425
244 416
239 407
239 397
239 387
239 377
239 367
