309 462
309 452
314 437
314 427
314 417
314 407
319 392
327 384
329 372
337 364
345 356
353 349
362 344
371 339
379 332
389 327
397 319
407 314
417 309
427 309
436 304
445 299
454 292
464 289
473 284
479 267
479 257
479 247
479 237
479 227
487 219
495 211
503 204
512 199
520 191
530 189
540 189
550 189
560 189
570 192
577 200
585 207
595 209
605 209
615 209
624 214
634 214
643 209
653 209
663 209
672 214
682 214
691 219
700 224
708 230
712 240
717 249
720 259
725 268
725 278
725 290
720 300
715 310
710 320
703 328
698 338
690 345
690 355
690 365
690 375
690 385
695 394
690 410
690 420
690 430
685 440
680 455
680 465
675 480
670 495
670 505
670 515
670 525
670 535
670 545
670 555
670 565
670 575
670 585
670 595
670 605
672 615
675 625
680 634
690 634
699 622
707 614
712 604
714 592
722 584
727 574
735 566
740 556
748 549
752 539
757 529
762 519
770 511
774 497
779 482
784 472
784 462
789 452
789 442
789 432
794 422
794 412
802 404
804 392
809 377
809 367
814 357
814 347
819 332
824 322
829 312
834 297
839 287
844 277
852 269
857 259
865 251
873 244
880 236
888 229
897 224
907 219
917 214
926 209
936 209
945 204
955 204
965 204
975 204
984 209
994 209
1004 209
1014 209
1023 214
1033 215
1042 220
1050 227
1057 235
1065 242
1070 251
1075 260
1080 269
1085 278
1090 287
1094 297
1095 307
1095 317
1099 327
1100 337
1100 347
1105 356
1108 366
1110 376
1113 386
1115 396
1118 406
1120 416
1126 424
1136 424
1144 417
1144 407
1149 397
1149 387
1154 377
1154 367
1159 357
1159 347
1164 332
1169 322
1169 312
1169 302
1169 292
1177 284
1185 276
1190 266
1195 256
1203 249
1209 237
1217 229
1225 221
1235 216
1245 211
1255 206
1265 201
1275 199
1285 196
1295 194
1304 189
1314 189
1324 189
1334 189
1344 189
1354 191
1363 196
1373 200
1382 205
1390 212
1397 220
1405 227
1412 235
1420 242
1424 252
1425 262
1430 271
1433 281
1435 291
1440 300
1442 310
1445 320
1445 330
1450 339
1450 349
1455 358
1455 368
1455 378
1455 388
1455 398
1455 408
1460 417
1460 427
1460 437
1465 446
1468 456
1475 464
1483 470
1490 478
1498 485
1505 493
1513 500
1520 508
1525 517
1529 527
1535 535
1540 544
1545 553
1550 562
1557 570
1562 579
1565 589
1570 598
1575 607
1579 617
1580 627
1585 636
1591 644
1595 654
1600 663
1605 672
1609 682
1614 691
1618 701
1625 709
1625 719
1630 728
1630 738
1635 747
1635 757
1635 767
1635 777
1640 786
1640 796
1640 806
1645 815
1645 825
1645 835
1645 845
1647 855
1650 865
1650 875
1652 885
1655 895
1655 905
1655 915
1655 925
1655 935
1655 945
1655 955
1657 965
1660 975
1660 985
1657 999
1649 1007
1639 1010
1629 1007
1622 999
1617 990
1614 980
1606 974
1602 964
1597 955
1594 945
1594 935
1592 925
1589 915
1589 905
1588 895
1579 890
1570 895
1565 905
1565 915
1560 930
1560 940
1555 955
1550 965
1545 980
1540 995
1538 1008
1530 1015
1525 1025
1525 1035
1525 1045
1525 1055
1525 1065
1530 1074
1530 1084
1525 1100
1525 1110
1520 1125
1515 1140
1510 1155
1503 1168
1498 1178
1490 1185
1490 1195
1485 1205
1485 1215
1480 1230
1480 1240
1475 1250
1470 1260
1465 1275
1460 1290
1455 1305
1450 1315
1445 1325
1445 1335
1445 1345
1445 1355
1447 1365
1452 1374
1455 1384
1452 1399
1447 1409
1439 1415
1430 1420
1420 1420
1410 1425
1402 1434
1392 1439
1382 1440
1372 1439
1362 1435
1353 1430
1344 1435
1334 1435
1325 1440
1316 1435
1306 1435
1296 1435
1286 1435
1276 1435
1266 1435
1256 1435
1246 1435
1236 1435
1227 1440
1217 1439
1207 1435
1198 1430
1189 1425
1181 1419
1174 1411
1169 1402
1169 1392
1169 1382
1177 1374
1187 1369
1195 1361
1205 1356
1215 1351
1225 1349
1235 1352
1245 1351
1255 1349
1264 1344
1274 1344
1284 1346
1294 1347
1304 1342
1314 1339
1324 1339
1334 1337
1342 1329
1344 1316
1344 1306
1344 1296
1344 1286
1344 1276
1339 1267
1339 1257
1344 1240
1344 1230
1344 1220
1344 1210
1344 1200
1344 1190
1344 1180
1344 1170
1344 1160
1339 1151
1334 1142
1329 1133
1322 1125
1313 1120
1305 1113
1298 1105
1290 1098
1284 1090
1276 1084
1269 1076
1264 1067
1257 1059
1252 1050
1245 1042
1240 1033
1234 1025
1224 1027
1214 1030
1205 1035
1195 1040
1188 1048
1180 1055
1171 1060
1162 1065
1153 1070
1143 1070
1134 1075
1125 1070
1115 1070
1106 1075
1096 1075
1087 1080
1077 1080
1067 1084
1057 1085
1047 1085
1038 1090
1028 1093
1018 1095
1009 1100
1000 1105
990 1105
981 1100
972 1095
962 1095
952 1095
943 1100
934 1105
924 1105
914 1105
905 1110
898 1118
890 1125
882 1134
874 1140
865 1145
858 1153
850 1160
843 1168
838 1178
830 1185
830 1195
830 1205
830 1215
830 1225
825 1235
825 1245
825 1255
820 1265
815 1280
815 1290
817 1300
820 1310
820 1320
825 1329
830 1338
835 1347
830 1360
830 1370
823 1383
818 1393
810 1400
800 1405
790 1410
780 1410
770 1410
760 1410
752 1419
742 1420
733 1425
724 1430
714 1430
705 1435
695 1435
686 1440
676 1440
666 1440
656 1438
646 1435
636 1435
626 1435
616 1435
606 1435
597 1430
587 1430
577 1430
567 1430
557 1430
550 1422
540 1418
531 1413
521 1409
514 1401
509 1392
509 1382
509 1372
517 1364
525 1356
535 1354
545 1354
554 1349
564 1349
573 1344
582 1339
592 1339
602 1339
612 1339
620 1331
625 1321
630 1311
634 1292
639 1282
644 1272
644 1262
649 1247
654 1229
654 1219
649 1210
640 1205
630 1205
621 1200
612 1195
603 1190
594 1185
584 1185
575 1180
566 1175
556 1175
547 1170
537 1170
528 1165
519 1160
510 1155
500 1152
492 1145
483 1140
474 1135
464 1132
457 1124
452 1115
448 1105
440 1098
431 1093
421 1090
411 1090
402 1085
395 1077
390 1068
389 1058
384 1049
379 1040
379 1030
374 1021
374 1011
374 1001
369 992
364 983
359 974
354 965
354 955
349 946
349 936
344 927
344 917
344 907
344 897
344 887
344 877
349 865
349 855
344 846
344 836
339 827
339 817
339 807
339 797
339 787
344 776
344 766
344 756
344 746
344 736
339 727
339 717
339 707
339 697
339 687
339 677
339 667
339 657
339 647
347 639
355 631
363 624
367 614
372 604
377 594
384 582
389 572
394 562
394 552
399 539
397 529
387 525
377 525
367 525
358 520
349 515
340 510
332 504
324 497
317 489
309 482
309 472
