309 321
304 312
312 304
322 299
327 289
332 279
341 274
350 269
360 269
370 269
379 264
388 259
398 259
408 259
417 254
425 246
435 244
444 239
454 239
464 237
472 229
480 221
488 214
497 209
505 201
515 199
524 194
534 194
543 189
553 189
563 189
573 189
583 189
593 189
602 184
612 184
621 189
631 189
640 194
650 197
659 202
669 206
678 211
685 219
695 222
704 227
712 234
721 239
729 246
735 254
735 264
743 270
745 280
750 289
750 299
750 309
750 319
750 329
750 339
755 348
760 357
760 367
765 376
768 386
770 396
770 406
768 418
760 425
760 435
760 445
760 455
760 465
755 475
750 490
750 500
745 510
745 520
745 530
745 540
747 550
750 560
755 569
764 574
773 569
783 569
790 561
800 556
808 549
814 537
819 527
819 517
824 502
824 492
829 482
829 472
837 464
839 447
847 439
852 429
861 424
869 417
877 409
886 404
895 399
905 399
915 399
924 394
934 394
944 394
954 394
964 394
974 396
980 404
990 404
999 409
1007 415
1015 422
1022 430
1030 437
1035 446
1041 454
1045 464
1054 469
1064 467
1069 457
1077 449
1084 437
1092 429
1100 421
1108 414
1117 409
1127 409
1135 401
1145 399
1155 396
1165 394
1174 399
1184 399
1194 399
1204 399
1214 401
1220 409
1229 414
1239 414
1247 420
1255 427
1262 435
1270 442
1277 450
1285 457
1292 465
1300 472
1308 479
1317 484
1320 494
1325 503
1325 513
1325 523
1330 532
1330 542
1335 551
1338 561
1345 569
1353 575
1360 583
1368 589
1377 594
1386 599
1394 606
1400 614
1408 620
1415 628
1423 635
1430 643
1438 650
1445 658
1450 667
1455 676
1461 684
1465 694
1473 700
1475 710
1480 719
1488 725
1492 735
1500 742
1507 750
1515 757
1522 765
1530 772
1537 780
1545 787
1550 796
1556 804
1560 814
1565 823
1570 832
1570 842
1570 852
1575 861
1575 871
1570 880
1570 890
1570 900
1570 910
1570 920
1570 930
1570 940
1570 950
1570 960
1570 970
1565 980
1560 995
1552 1009
1544 1015
1534 1015
1524 1012
1517 1004
1509 997
1509 987
1504 978
1499 969
1499 959
1494 950
1492 940
1489 930
1487 920
1484 910
1484 900
1482 890
1479 880
1478 870
1470 863
1463 855
1453 858
1445 865
1443 878
1435 885
1430 895
1425 910
1420 925
1415 935
1410 950
1410 960
1405 970
1405 980
1400 990
1400 1000
1400 1010
1400 1020
1400 1030
1402 1040
1405 1050
1405 1060
1405 1070
1405 1080
1400 1090
1400 1100
1400 1110
1395 1120
1395 1130
1390 1140
1385 1155
1385 1165
1380 1175
1375 1190
1370 1205
1365 1220
1360 1235
1355 1250
1350 1260
1345 1270
1340 1280
1335 1290
1330 1300
1325 1315
1317 1329
1309 1335
1300 1340
1290 1345
1280 1345
1270 1342
1260 1340
1250 1340
1240 1337
1230 1335
1220 1335
1211 1330
1202 1325
1192 1324
1182 1320
1172 1320
1162 1320
1152 1324
1142 1325
1133 1330
1123 1330
1114 1335
1104 1337
1094 1340
1085 1335
1077 1329
1069 1322
1069 1312
1069 1302
1077 1294
1085 1286
1095 1281
1103 1274
1112 1269
1119 1257
1127 1249
1132 1239
1139 1222
1144 1212
1149 1197
1154 1182
1159 1167
1164 1153
1164 1143
1164 1133
1164 1123
1164 1113
1164 1103
1164 1093
1159 1084
1154 1075
1152 1065
1148 1055
1140 1048
1133 1040
1125 1033
1118 1025
1110 1018
1106 1008
1101 999
1094 991
1089 982
1080 977
1070 975
1060 975
1050 975
1040 980
1030 980
1020 980
1010 980
1000 980
990 985
980 985
970 985
960 985
950 982
940 980
930 980
920 980
911 975
902 970
892 970
883 965
874 960
864 957
855 952
845 950
835 950
828 958
820 965
820 975
818 988
810 995
810 1005
805 1015
800 1025
795 1040
790 1050
785 1065
780 1075
780 1085
775 1095
775 1105
775 1115
775 1125
770 1135
770 1145
770 1155
770 1165
770 1175
765 1185
765 1195
765 1205
765 1215
765 1225
765 1235
765 1245
765 1255
765 1265
765 1275
765 1285
765 1295
765 1305
765 1315
765 1325
765 1335
765 1345
765 1355
763 1373
755 1380
748 1388
738 1390
729 1395
719 1395
710 1400
700 1400
690 1400
680 1400
670 1400
662 1394
652 1390
645 1382
637 1375
630 1367
622 1360
618 1350
610 1343
603 1335
594 1330
585 1325
577 1319
569 1312
569 1302
569 1292
577 1284
586 1279
595 1274
604 1267
612 1259
619 1247
624 1232
629 1217
634 1202
634 1192
634 1182
639 1172
639 1162
644 1150
644 1140
639 1131
639 1121
639 1111
634 1102
634 1092
629 1083
626 1073
621 1064
617 1054
609 1047
609 1037
602 1029
597 1020
594 1010
589 1001
584 992
579 983
574 974
571 964
564 956
559 947
552 939
547 930
540 922
532 915
525 907
517 900
510 892
504 884
499 875
494 866
494 856
489 847
485 837
480 828
473 820
465 813
458 805
449 800
441 793
436 784
429 776
429 766
424 757
424 747
424 737
424 727
429 717
429 707
429 697
429 687
429 677
434 661
434 651
434 641
429 632
429 622
429 612
429 602
429 592
437 584
439 572
447 564
452 554
457 544
462 534
469 517
477 509
479 492
487 484
489 472
489 462
489 452
484 443
479 434
474 425
464 421
456 415
446 415
436 413
426 410
416 410
406 410
397 415
387 415
377 415
367 414
357 410
347 410
340 402
332 395
325 387
317 380
314 370
309 361
309 351
309 341
309 331
