249 507
249 497
257 489
264 472
272 464
280 456
285 446
293 439
297 429
305 421
313 414
322 409
330 401
338 394
347 389
357 384
367 379
377 374
386 369
395 364
404 359
413 354
420 346
428 339
435 331
439 317
447 309
455 301
460 291
468 284
477 279
484 267
492 259
500 251
510 249
520 246
528 239
535 231
545 229
555 226
563 219
570 211
575 201
583 194
590 186
598 179
607 174
617 174
626 169
636 169
646 169
656 169
666 169
675 174
685 177
694 182
702 189
709 197
715 205
717 215
722 224
725 234
725 244
725 254
730 263
738 269
747 274
754 282
760 290
760 300
762 310
770 317
778 324
788 325
795 333
800 342
800 360
800 370
800 380
800 390
802 400
807 409
805 420
805 430
805 440
800 450
800 460
802 470
807 479
808 498
800 505
795 520
795 530
800 539
805 548
800 560
795 570
788 583
783 593
778 603
770 610
765 625
765 635
765 645
763 658
755 665
750 675
740 680
733 688
725 695
725 705
727 715
730 725
730 735
735 744
745 744
755 741
765 736
773 729
780 721
785 711
790 701
795 691
800 681
808 674
812 664
819 652
827 644
832 634
839 622
844 612
852 604
857 594
859 582
864 572
864 562
872 554
874 542
882 534
889 522
897 514
904 502
912 494
920 486
928 479
935 471
943 464
952 459
960 451
970 446
980 444
990 441
1000 436
1010 434
1020 434
1030 434
1040 437
1050 439
1060 442
1068 449
1077 454
1086 459
1096 459
1104 466
1110 474
1115 483
1120 492
1120 502
1127 510
1132 519
1135 529
1143 535
1145 545
1147 555
1150 565
1150 575
1150 585
1150 595
1150 605
1150 615
1145 630
1145 640
1140 650
1140 660
1145 669
1150 678
1160 679
1169 672
1177 664
1185 656
1190 646
1198 639
1204 627
1212 619
1220 611
1228 604
1237 599
1246 594
1255 589
1264 582
1272 574
1281 569
1291 569
1301 565
1311 564
1321 564
1330 569
1338 575
1347 580
1355 587
1359 597
1367 604
1374 612
1379 621
1383 631
1390 639
1395 648
1403 655
1410 663
1415 672
1420 681
1425 690
1430 699
1435 708
1440 717
1445 726
1450 735
1452 745
1460 752
1460 762
1467 770
1472 779
1475 789
1480 798
1488 805
1492 815
1500 822
1504 832
1509 841
1510 851
1515 860
1520 869
1520 879
1525 888
1530 897
1530 907
1535 916
1540 925
1540 935
1540 945
1540 955
1540 965
1540 975
1542 985
1540 995
1542 1005
1545 1015
1540 1025
1540 1035
1540 1045
1540 1055
1540 1065
1540 1075
1540 1090
1540 1100
1540 1110
1540 1120
1540 1130
1540 1140
1535 1150
1535 1160
1535 1170
1535 1180
1537 1190
1535 1200
1537 1210
1540 1220
1540 1230
1540 1240
1540 1250
1542 1260
1550 1267
1557 1275
1565 1282
1569 1292
1574 1301
1575 1311
1575 1321
1575 1331
1575 1341
1575 1351
1570 1360
1570 1370
1570 1380
1568 1398
1563 1408
1555 1415
1546 1420
1537 1425
1527 1425
1517 1425
1508 1420
1500 1413
1494 1405
1493 1395
1485 1388
1481 1378
1476 1369
1469 1361
1469 1351
1464 1342
1464 1332
1464 1322
1464 1312
1469 1297
1474 1287
1474 1277
1482 1269
1487 1259
1492 1249
1494 1235
1494 1225
1494 1215
1494 1205
1494 1195
1492 1185
1489 1175
1489 1165
1487 1155
1484 1145
1484 1135
1484 1125
1484 1115
1482 1105
1473 1100
1463 1103
1458 1113
1453 1123
1448 1133
1440 1140
1435 1150
1428 1158
1423 1168
1415 1175
1408 1183
1400 1190
1393 1203
1385 1210
1380 1220
1373 1228
1365 1235
1358 1243
1350 1250
1343 1263
1335 1270
1328 1283
1323 1293
1315 1300
1310 1310
1305 1320
1300 1330
1295 1345
1295 1355
1290 1365
1290 1375
1290 1385
1290 1395
1290 1405
1290 1415
1290 1425
1290 1435
1290 1445
1290 1455
1292 1465
1297 1474
1300 1484
1305 1493
1305 1503
1310 1512
1314 1522
1315 1532
1320 1541
1320 1551
1320 1561
1315 1575
1315 1585
1311 1600
1302 1605
1292 1609
1282 1610
1273 1615
1263 1615
1253 1618
1243 1620
1233 1620
1224 1625
1214 1625
1204 1625
1194 1625
1184 1625
1174 1625
1164 1625
1154 1625
1145 1620
1137 1614
1127 1610
1118 1605
1108 1605
1098 1605
1088 1605
1078 1605
1068 1605
1058 1605
1048 1605
1040 1598
1034 1590
1026 1583
1016 1579
1009 1571
1009 1561
1009 1551
1004 1542
1009 1532
1017 1524
1026 1519
1034 1512
1042 1504
1050 1496
1058 1489
1065 1481
1073 1474
1079 1462
1087 1454
1092 1444
1099 1432
1104 1422
1109 1407
1114 1392
1114 1382
1114 1372
1114 1362
1119 1351
1119 1341
1114 1332
1114 1322
1114 1312
1114 1302
1114 1292
1110 1282
1100 1280
1090 1280
1080 1285
1070 1285
1060 1290
1050 1290
1040 1290
1030 1290
1021 1285
1011 1285
1001 1285
991 1285
982 1280
972 1280
962 1279
952 1275
942 1274
932 1270
922 1269
912 1265
903 1260
894 1255
885 1250
876 1245
867 1240
857 1239
847 1235
838 1230
828 1233
820 1240
815 1255
815 1265
810 1280
810 1290
810 1300
810 1310
810 1320
810 1330
805 1340
805 1350
805 1360
807 1370
805 1380
805 1390
805 1400
805 1410
807 1420
810 1430
810 1440
810 1450
810 1460
810 1470
810 1480
812 1490
815 1500
820 1509
820 1519
825 1528
830 1537
834 1547
835 1557
835 1567
835 1577
840 1586
845 1595
848 1608
838 1613
830 1620
822 1629
812 1634
802 1639
792 1644
782 1645
772 1645
763 1650
753 1650
744 1655
734 1655
725 1660
715 1660
705 1660
695 1660
685 1660
675 1660
665 1657
655 1655
647 1649
639 1642
630 1637
622 1630
615 1622
605 1620
595 1620
585 1620
576 1615
566 1615
556 1615
547 1610
537 1610
530 1602
522 1595
519 1585
519 1575
514 1566
509 1557
514 1547
522 1539
530 1531
540 1529
550 1529
559 1524
569 1524
578 1519
587 1514
597 1509
606 1504
614 1497
624 1492
632 1484
640 1476
648 1469
655 1461
663 1454
667 1444
669 1426
669 1416
669 1406
669 1396
669 1386
664 1377
664 1367
664 1357
665 1343
664 1333
660 1323
659 1313
654 1304
649 1295
639 1295
629 1295
619 1297
609 1300
599 1300
589 1300
579 1300
569 1300
560 1295
550 1292
540 1288
533 1280
525 1273
524 1263
517 1255
507 1255
497 1255
488 1250
478 1250
470 1243
463 1235
455 1228
449 1220
444 1211
439 1202
434 1193
430 1183
429 1173
422 1165
415 1157
405 1153
398 1145
390 1138
384 1130
379 1121
379 1111
374 1102
374 1092
374 1082
374 1072
379 1062
379 1052
375 1042
365 1038
358 1030
350 1023
344 1015
344 1005
339 996
339 986
334 977
339 967
344 957
344 947
349 932
354 922
354 912
354 902
354 892
354 882
354 872
354 862
362 854
367 844
375 836
383 829
392 824
394 809
389 800
381 794
374 786
369 777
369 767
374 757
382 749
389 737
397 729
402 719
410 711
414 692
419 682
424 672
429 662
437 654
442 644
444 625
443 615
434 610
425 615
418 623
410 630
405 640
397 649
387 650
377 654
367 655
357 655
347 655
337 655
327 655
317 655
307 654
297 650
288 645
280 638
273 630
265 623
264 613
264 603
264 593
259 584
257 574
249 567
249 557
249 547
249 537
249 527
249 517
