154 1192
154 1182
159 1167
167 1159
169 1142
169 1132
174 1122
174 1112
179 1097
184 1082
184 1072
189 1062
194 1052
194 1042
194 1032
194 1022
194 1012
194 1002
194 992
194 982
194 972
194 962
199 947
199 937
199 927
199 917
207 909
217 909
226 904
235 899
244 894
253 889
260 881
265 871
273 864
274 847
279 837
279 827
279 817
279 807
279 797
279 787
279 777
284 762
284 752
289 742
289 732
289 722
289 712
289 702
294 687
299 677
304 662
309 652
314 642
319 627
324 612
329 602
334 587
339 572
344 557
344 547
349 532
354 522
362 514
364 502
369 492
374 482
379 467
384 452
389 437
394 422
399 412
404 397
409 387
414 372
419 362
424 347
429 337
437 329
445 321
453 314
462 309
470 301
480 299
489 294
498 289
508 289
517 284
527 284
537 284
547 284
556 289
565 294
575 297
585 299
594 304
604 306
610 314
615 323
620 332
624 342
630 350
635 359
640 368
645 377
649 387
654 396
660 404
660 414
668 420
675 428
685 429
695 429
705 426
715 421
725 416
733 409
737 399
739 382
739 372
744 357
744 347
744 337
749 322
754 312
759 297
767 289
775 281
783 274
790 266
798 259
807 254
817 249
827 249
837 249
846 244
855 249
865 249
875 249
885 249
895 249
904 254
914 254
924 256
930 264
938 270
945 278
953 285
955 295
960 304
960 314
968 320
970 330
970 340
972 350
975 360
975 370
977 380
975 395
975 405
977 415
980 425
980 435
980 445
980 455
980 465
980 475
980 485
982 495
985 505
990 514
990 524
990 534
995 543
1000 552
1000 562
1005 571
1010 580
1015 589
1025 592
1034 597
1044 599
1054 601
1060 609
1070 609
1080 609
1090 609
1100 609
1110 609
1120 606
1128 599
1138 599
1147 594
1156 589
1164 582
1172 574
1180 566
1188 559
1195 551
1203 544
1210 536
1215 526
1220 516
1224 502
1229 487
1234 472
1234 462
1239 452
1239 442
1244 429
1244 419
1244 409
1244 399
1244 389
1244 379
1239 370
1238 360
1230 353
1223 345
1215 338
1206 333
1196 329
1189 321
1184 312
1184 302
1184 292
1192 284
1201 279
1211 275
1221 270
1229 262
1237 254
1247 249
1249 237
1254 222
1254 212
1262 204
1272 199
1282 194
1289 182
1297 174
1306 169
1315 164
1325 161
1335 159
1345 159
1355 162
1365 164
1374 169
1384 171
1394 174
1402 180
1410 187
1419 192
1427 199
1434 207
1435 217
1440 226
1443 236
1450 244
1460 241
1470 239
1479 234
1489 232
1499 229
1508 224
1517 229
1527 229
1537 229
1544 237
1550 245
1555 254
1564 259
1573 264
1582 269
1589 277
1595 285
1600 294
1600 304
1605 313
1603 328
1598 338
1593 348
1585 355
1584 367
1576 375
1567 380
1558 385
1548 388
1538 390
1528 393
1518 398
1510 405
1505 415
1500 425
1490 430
1480 435
1470 435
1460 435
1450 435
1442 444
1434 450
1425 455
1418 468
1410 475
1410 485
1410 495
1412 505
1415 515
1415 525
1415 535
1415 545
1410 555
1405 570
1405 580
1400 590
1400 600
1400 610
1400 620
1400 630
1395 640
1390 655
1390 665
1390 675
1390 685
1388 698
1383 708
1378 718
1370 725
1370 735
1370 745
1365 760
1360 770
1355 780
1350 795
1345 810
1340 820
1335 835
1330 845
1323 858
1315 865
1308 873
1303 883
1295 890
1288 903
1283 913
1275 920
1270 930
1260 935
1250 940
1240 945
1233 953
1225 960
1215 965
1205 965
1200 980
1195 995
1190 1010
1190 1020
1190 1030
1185 1045
1180 1055
1180 1065
1180 1075
1180 1085
1180 1095
1185 1104
1185 1114
1185 1124
1190 1133
1190 1143
1195 1152
1195 1162
1199 1172
1200 1182
1200 1192
1200 1202
1200 1212
1200 1222
1200 1232
1204 1242
1205 1252
1209 1262
1210 1272
1214 1282
1215 1292
1215 1302
1220 1311
1220 1321
1225 1330
1230 1339
1240 1339
1250 1339
1260 1339
1270 1339
1280 1339
1290 1339
1300 1342
1309 1347
1317 1354
1326 1359
1334 1366
1340 1374
1345 1383
1345 1393
1345 1403
1338 1418
1330 1425
1325 1435
1315 1440
1305 1437
1295 1435
1285 1435
1275 1435
1265 1435
1255 1435
1245 1435
1235 1435
1226 1430
1216 1428
1206 1425
1197 1430
1187 1430
1178 1425
1170 1418
1164 1410
1164 1400
1164 1390
1159 1381
1159 1371
1159 1361
1154 1352
1154 1342
1154 1332
1154 1322
1154 1312
1149 1303
1149 1293
1145 1283
1144 1273
1144 1263
1137 1255
1134 1245
1129 1236
1129 1226
1129 1216
1129 1206
1124 1197
1124 1187
1124 1177
1124 1167
1124 1157
1124 1147
1119 1138
1119 1128
1119 1118
1116 1108
1111 1099
1104 1091
1096 1085
1086 1084
1079 1076
1071 1070
1062 1065
1053 1060
1045 1053
1039 1045
1034 1036
1029 1027
1025 1017
1015 1015
1010 1025
1005 1040
1000 1055
1000 1065
995 1075
990 1090
990 1100
985 1110
980 1125
975 1140
975 1150
970 1165
970 1175
965 1190
965 1200
960 1210
955 1225
950 1240
950 1250
945 1260
945 1270
940 1280
940 1290
935 1300
935 1310
930 1320
930 1330
932 1340
942 1344
952 1344
962 1344
971 1349
979 1342
989 1341
999 1344
1009 1346
1019 1349
1027 1355
1035 1362
1042 1370
1040 1385
1035 1400
1035 1410
1032 1424
1024 1432
1016 1440
1006 1440
996 1440
986 1440
976 1440
967 1445
957 1445
947 1445
937 1445
927 1445
917 1445
907 1445
897 1445
887 1445
878 1440
868 1440
859 1435
851 1429
844 1421
839 1412
839 1402
839 1392
839 1382
839 1372
844 1362
844 1352
849 1342
854 1332
859 1317
864 1307
864 1297
869 1287
869 1277
869 1267
869 1257
874 1247
874 1237
874 1227
879 1216
879 1206
874 1197
874 1187
879 1172
879 1162
884 1152
884 1142
884 1132
884 1122
884 1112
889 1097
894 1087
899 1077
899 1067
904 1052
904 1042
909 1032
909 1022
909 1012
914 1003
914 993
908 985
899 980
889 980
880 985
870 982
860 980
851 985
841 985
831 985
821 985
811 985
801 985
791 985
781 985
771 985
761 985
751 985
741 985
731 985
721 985
711 985
701 985
691 985
681 985
671 983
661 980
651 978
641 975
631 973
621 970
611 968
601 965
591 963
581 960
572 955
563 950
553 950
543 948
535 955
528 963
520 970
515 980
510 990
505 1000
498 1008
490 1015
485 1025
480 1040
480 1050
475 1060
470 1070
463 1078
455 1085
455 1095
455 1105
457 1115
460 1125
460 1135
465 1144
465 1154
470 1163
470 1173
470 1183
475 1192
479 1202
480 1212
480 1222
485 1231
488 1241
493 1250
500 1258
505 1267
509 1277
517 1284
527 1284
537 1284
547 1284
557 1284
567 1279
577 1279
587 1279
597 1279
607 1279
617 1279
626 1284
636 1284
646 1284
654 1291
660 1299
668 1305
675 1313
680 1322
680 1332
680 1342
680 1352
680 1362
680 1372
679 1382
671 1390
661 1390
651 1390
641 1390
631 1390
621 1388
611 1385
601 1385
591 1385
581 1385
571 1385
561 1385
551 1385
541 1385
531 1385
521 1385
511 1385
501 1385
491 1385
481 1385
472 1380
465 1372
460 1363
459 1353
459 1343
459 1333
459 1323
459 1313
459 1303
456 1293
451 1284
449 1274
444 1265
439 1256
434 1247
429 1238
424 1229
422 1219
417 1210
414 1200
406 1194
404 1184
399 1175
394 1166
389 1157
382 1149
377 1140
373 1130
365 1123
359 1115
354 1106
354 1096
349 1087
345 1077
340 1068
334 1060
329 1051
324 1042
329 1027
328 1013
318 1018
308 1020
298 1020
288 1020
279 1025
270 1030
265 1040
260 1055
255 1065
255 1075
250 1090
250 1100
245 1110
245 1120
245 1130
240 1140
235 1155
235 1165
235 1175
235 1185
235 1195
235 1205
240 1214
240 1224
245 1233
250 1242
255 1251
261 1259
269 1266
273 1276
283 1280
293 1284
303 1285
313 1289
322 1284
332 1284
342 1284
351 1289
361 1289
369 1296
375 1304
383 1310
390 1318
390 1328
395 1337
395 1347
390 1360
389 1372
381 1380
371 1380
361 1380
351 1380
341 1380
331 1380
321 1380
311 1380
301 1380
291 1380
281 1380
271 1380
261 1378
251 1374
244 1366
244 1356
239 1347
239 1337
235 1327
230 1318
229 1308
224 1299
219 1290
211 1284
207 1274
202 1265
195 1257
189 1249
184 1240
183 1230
175 1223
169 1215
159 1211
154 1202
