154 1137
154 1127
159 1117
164 1107
172 1099
180 1091
188 1084
189 1072
197 1064
202 1054
209 1042
209 1032
214 1017
219 1007
224 997
224 987
229 977
229 967
234 952
239 937
239 927
244 912
249 902
249 892
254 882
259 867
264 857
264 847
269 832
274 817
279 802
279 792
284 782
284 772
289 762
289 752
294 737
299 727
304 717
309 707
317 699
322 689
330 681
338 674
342 664
350 656
358 649
367 644
375 636
385 631
395 626
405 621
413 614
420 606
430 601
438 594
447 589
456 584
464 577
472 569
482 564
490 556
490 538
486 528
476 525
467 520
457 520
447 520
440 512
432 505
429 495
424 486
419 477
419 467
419 457
419 447
419 437
419 427
424 412
424 402
424 392
429 382
437 374
445 366
450 356
458 349
467 344
476 339
485 334
494 329
504 327
514 324
524 324
533 319
542 314
552 309
562 304
572 304
582 304
591 299
600 304
610 304
619 309
627 315
635 322
645 324
653 330
660 338
668 345
670 355
675 364
685 367
690 376
690 386
690 396
695 405
700 414
710 414
720 411
730 406
735 396
740 386
745 376
749 362
754 350
749 341
749 331
749 321
749 311
744 302
744 292
752 284
760 276
768 269
777 264
785 256
795 251
805 249
814 244
824 244
834 244
843 239
850 231
858 224
865 216
873 209
882 204
891 199
901 195
911 194
921 190
931 189
941 189
951 189
961 189
970 194
979 199
989 201
995 209
1004 214
1012 220
1020 227
1025 236
1030 245
1035 254
1043 260
1045 270
1047 280
1050 290
1050 300
1055 309
1063 315
1070 323
1075 332
1075 342
1069 350
1060 355
1052 364
1043 370
1034 375
1025 380
1025 390
1025 400
1025 410
1025 420
1030 429
1038 435
1045 443
1053 450
1062 455
1072 459
1081 464
1090 469
1098 475
1105 483
1115 487
1124 492
1134 492
1142 484
1149 472
1157 464
1159 452
1164 442
1169 432
1174 422
1174 412
1174 402
1179 392
1187 384
1192 374
1194 362
1194 352
1199 337
1204 327
1209 312
1214 302
1219 287
1227 279
1229 267
1237 259
1239 247
1247 239
1252 229
1257 219
1259 207
1264 197
1269 187
1269 177
1269 167
1274 157
1274 147
1279 137
1284 127
1292 119
1300 111
1308 104
1318 104
1325 96
1333 89
1342 84
1350 76
1358 69
1368 69
1378 69
1388 69
1397 64
1406 59
1416 59
1425 64
1434 69
1443 74
1453 74
1462 79
1472 79
1481 84
1491 84
1501 84
1510 89
1520 92
1524 102
1532 109
1539 117
1547 124
1557 124
1567 124
1577 124
1587 124
1597 124
1607 124
1616 129
1625 134
1634 139
1643 144
1652 149
1659 157
1667 164
1670 174
1675 183
1680 192
1680 202
1684 212
1685 222
1680 235
1675 245
1673 258
1665 265
1658 273
1650 280
1650 290
1650 300
1645 310
1635 315
1625 320
1615 325
1605 325
1595 325
1585 325
1585 335
1590 344
1590 354
1590 364
1590 374
1585 385
1585 395
1585 405
1585 415
1580 425
1580 435
1580 445
1580 455
1580 465
1580 475
1580 485
1575 495
1575 505
1575 515
1577 525
1580 535
1580 545
1573 553
1565 560
1565 570
1565 580
1565 590
1560 600
1555 610
1555 620
1550 630
1550 640
1545 655
1545 665
1545 675
1540 685
1535 700
1530 715
1525 725
1525 735
1525 745
1518 753
1510 760
1510 770
1505 780
1505 790
1498 803
1490 810
1490 820
1490 830
1485 840
1478 853
1470 860
1465 870
1458 878
1448 883
1443 893
1435 900
1428 908
1420 915
1413 923
1403 928
1395 935
1388 948
1380 955
1372 964
1364 970
1355 975
1347 984
1339 990
1330 995
1325 1005
1318 1013
1308 1015
1298 1015
1289 1020
1279 1020
1269 1020
1260 1025
1252 1019
1242 1015
1232 1015
1222 1015
1212 1015
1202 1015
1192 1015
1185 1007
1175 1003
1168 995
1158 995
1148 993
1143 1003
1138 1013
1133 1023
1125 1030
1120 1040
1120 1050
1120 1060
1120 1070
1115 1085
1108 1093
1103 1103
1098 1113
1090 1120
1090 1130
1085 1140
1085 1150
1082 1164
1073 1170
1063 1173
1058 1183
1050 1190
1043 1198
1033 1203
1025 1210
1018 1218
1010 1225
1000 1225
990 1230
983 1238
975 1245
970 1255
965 1265
960 1275
960 1285
960 1295
960 1305
962 1315
965 1325
965 1335
970 1344
970 1354
970 1364
975 1373
983 1379
993 1379
1002 1384
1012 1384
1022 1384
1031 1389
1041 1389
1051 1389
1060 1394
1069 1399
1078 1404
1087 1409
1094 1417
1095 1427
1095 1440
1090 1450
1082 1459
1074 1465
1064 1467
1054 1472
1044 1475
1034 1475
1024 1475
1014 1475
1004 1475
994 1475
984 1475
974 1475
965 1480
955 1480
945 1485
935 1490
926 1495
916 1495
907 1500
898 1495
888 1498
878 1500
868 1500
858 1500
848 1500
838 1500
829 1495
819 1492
810 1487
800 1485
790 1482
780 1480
770 1478
764 1470
759 1461
759 1451
759 1441
759 1431
754 1422
754 1412
754 1402
759 1387
764 1372
764 1362
764 1352
769 1342
774 1332
779 1322
784 1307
789 1292
794 1282
799 1272
799 1262
804 1248
804 1238
804 1228
799 1219
794 1210
786 1204
779 1196
774 1187
770 1177
765 1168
758 1160
749 1155
744 1146
744 1136
744 1126
744 1116
744 1106
739 1097
739 1087
739 1077
739 1067
739 1057
744 1042
744 1032
749 1016
749 1006
741 1000
731 1000
721 999
712 994
702 990
693 985
684 980
675 975
665 975
655 972
645 970
636 965
627 960
617 960
608 955
598 958
590 965
585 975
580 985
578 1003
573 1013
568 1023
563 1033
558 1043
550 1050
545 1065
540 1075
535 1090
530 1100
528 1113
520 1120
520 1130
515 1140
510 1150
505 1160
500 1170
500 1180
500 1190
495 1200
490 1215
490 1225
485 1235
485 1245
485 1255
480 1265
480 1275
480 1285
475 1295
475 1305
475 1315
475 1325
477 1335
482 1344
491 1349
500 1354
510 1354
520 1354
530 1354
540 1354
550 1354
560 1354
570 1357
580 1359
589 1364
599 1366
605 1374
610 1383
615 1392
615 1402
613 1418
605 1425
599 1442
589 1445
579 1445
569 1445
559 1447
549 1450
540 1455
540 1465
532 1474
523 1480
513 1480
503 1480
493 1480
483 1480
473 1480
463 1480
453 1480
444 1485
435 1480
425 1480
415 1480
405 1480
395 1477
385 1475
375 1475
365 1475
355 1475
345 1475
335 1475
327 1469
317 1465
307 1465
297 1465
287 1464
279 1457
279 1447
279 1437
279 1427
284 1417
284 1407
284 1397
289 1387
294 1377
299 1362
299 1352
304 1342
304 1332
304 1322
309 1312
309 1302
309 1292
309 1282
309 1272
314 1258
310 1248
309 1238
309 1228
309 1218
305 1208
304 1198
299 1189
294 1180
285 1175
280 1185
280 1195
279 1212
271 1220
262 1225
252 1225
243 1220
233 1220
223 1220
213 1220
203 1220
194 1215
184 1211
176 1205
166 1204
159 1196
154 1187
154 1177
154 1167
154 1157
154 1147
