319 467
319 457
324 442
329 427
334 412
339 397
344 387
349 377
357 369
365 361
375 356
385 354
395 354
404 347
409 332
417 324
422 314
427 304
432 294
439 282
444 272
452 264
457 254
465 246
475 241
483 234
490 226
489 212
489 202
489 192
497 184
504 172
512 164
520 156
530 151
538 144
547 139
556 134
566 130
574 122
584 119
594 119
604 119
614 121
624 124
634 126
644 129
654 131
664 134
674 134
682 140
690 147
697 155
702 164
705 174
700 185
700 195
700 205
695 215
695 225
697 235
698 248
690 255
690 265
685 275
685 285
685 295
680 305
680 315
680 325
680 335
680 345
680 355
680 365
682 375
685 385
685 395
685 405
690 414
695 423
695 433
700 442
704 452
709 461
710 471
715 480
720 489
725 498
730 507
737 515
742 524
749 532
757 539
764 547
772 554
781 559
791 559
800 564
808 570
818 574
828 575
838 579
848 579
858 579
868 580
878 584
887 579
896 574
906 570
916 569
925 564
935 561
943 554
952 549
960 541
968 534
974 522
982 514
990 506
998 499
1002 489
1012 484
1014 472
1019 462
1027 454
1032 444
1040 436
1037 420
1028 425
1018 425
1008 425
999 420
991 413
981 409
974 401
969 392
969 382
969 372
969 362
969 352
974 337
979 327
979 317
984 307
989 297
997 289
1005 281
1009 267
1017 259
1025 251
1035 246
1045 241
1055 236
1065 231
1073 224
1083 224
1092 219
1101 214
1110 209
1120 209
1130 209
1139 204
1149 204
1158 199
1168 200
1178 204
1187 209
1196 214
1206 214
1215 219
1223 225
1227 235
1230 245
1235 254
1243 260
1247 270
1252 279
1255 289
1260 298
1260 308
1260 318
1265 327
1274 322
1274 312
1282 304
1289 292
1297 284
1304 272
1312 264
1320 256
1330 251
1340 246
1350 241
1358 234
1368 234
1377 229
1387 229
1397 229
1406 224
1416 224
1426 220
1436 219
1445 224
1454 219
1464 219
1474 219
1484 219
1492 225
1500 232
1509 237
1517 244
1524 252
1532 259
1539 267
1544 276
1550 284
1555 293
1555 303
1560 312
1560 322
1560 332
1560 342
1564 352
1565 362
1570 371
1570 381
1570 391
1570 401
1570 411
1575 420
1570 430
1570 440
1565 455
1557 464
1549 470
1539 470
1529 470
1519 470
1509 470
1499 470
1489 470
1480 475
1480 485
1480 495
1480 505
1485 514
1485 524
1490 533
1495 542
1502 550
1510 557
1515 566
1524 571
1528 581
1535 589
1543 595
1550 603
1558 610
1565 618
1570 627
1574 637
1582 644
1589 652
1594 661
1598 671
1603 680
1605 690
1610 699
1615 708
1615 718
1620 727
1625 736
1630 745
1635 754
1640 763
1645 772
1645 782
1650 791
1653 801
1655 811
1658 821
1660 831
1660 841
1665 850
1665 860
1667 870
1670 880
1670 890
1665 900
1665 910
1665 920
1665 930
1660 940
1660 950
1660 960
1655 970
1655 980
1655 990
1650 1000
1645 1015
1640 1030
1635 1045
1635 1055
1635 1065
1635 1075
1635 1085
1635 1095
1635 1105
1635 1115
1635 1125
1630 1135
1630 1145
1625 1160
1625 1170
1618 1178
1610 1185
1600 1190
1590 1188
1583 1180
1575 1173
1569 1165
1564 1156
1564 1146
1559 1137
1559 1127
1559 1117
1559 1107
1564 1097
1564 1087
1569 1077
1577 1069
1584 1052
1589 1037
1594 1027
1594 1017
1599 1007
1599 997
1599 987
1604 974
1604 964
1604 954
1604 944
1604 934
1604 924
1604 914
1604 904
1604 894
1604 884
1604 874
1604 864
1604 854
1599 845
1590 840
1590 850
1585 865
1585 875
1580 890
1580 900
1575 910
1570 925
1565 940
1560 955
1555 970
1550 985
1550 995
1550 1005
1545 1015
1545 1025
1540 1035
1540 1045
1535 1055
1530 1070
1525 1080
1523 1098
1515 1105
1510 1120
1510 1130
1510 1140
1510 1150
1510 1160
1510 1170
1512 1180
1515 1190
1515 1200
1515 1210
1515 1220
1510 1230
1510 1240
1510 1250
1510 1260
1510 1270
1510 1280
1510 1290
1510 1300
1510 1310
1510 1320
1505 1335
1505 1345
1505 1355
1507 1365
1510 1375
1510 1385
1510 1395
1505 1410
1505 1420
1505 1430
1500 1445
1498 1458
1493 1468
1485 1475
1478 1483
1470 1490
1460 1490
1450 1495
1440 1500
1431 1505
1421 1505
1411 1505
1402 1500
1392 1500
1383 1505
1373 1505
1363 1505
1355 1498
1348 1490
1338 1490
1328 1490
1318 1490
1309 1485
1301 1478
1296 1469
1289 1461
1284 1452
1284 1442
1292 1434
1297 1424
1307 1424
1314 1412
1324 1407
1329 1397
1334 1382
1339 1367
1334 1358
1334 1348
1334 1338
1334 1328
1334 1318
1334 1308
1330 1298
1329 1288
1324 1279
1324 1269
1324 1259
1322 1249
1314 1242
1310 1232
1304 1224
1299 1215
1299 1205
1299 1195
1299 1185
1294 1176
1289 1167
1289 1157
1284 1148
1280 1138
1274 1130
1272 1120
1269 1110
1264 1101
1264 1091
1259 1082
1259 1072
1259 1062
1255 1052
1245 1050
1235 1050
1225 1050
1215 1050
1206 1055
1196 1055
1186 1055
1176 1055
1166 1055
1156 1055
1146 1055
1136 1055
1126 1055
1116 1055
1106 1055
1096 1053
1086 1050
1076 1050
1067 1055
1058 1050
1048 1050
1039 1045
1029 1045
1020 1050
1015 1065
1015 1075
1010 1085
1010 1095
1005 1105
1000 1120
1000 1130
995 1140
995 1150
995 1160
990 1175
990 1185
990 1195
985 1210
985 1220
985 1230
985 1240
985 1250
985 1260
985 1270
985 1280
985 1290
980 1300
980 1310
982 1320
985 1330
985 1340
985 1350
985 1360
980 1370
980 1380
980 1390
980 1400
980 1410
980 1420
980 1430
985 1439
985 1449
985 1459
985 1469
985 1479
980 1490
980 1500
975 1510
969 1522
959 1527
949 1532
941 1540
931 1540
921 1540
911 1540
902 1545
895 1537
887 1530
877 1530
867 1530
860 1522
850 1518
841 1513
831 1509
822 1504
814 1497
814 1487
819 1472
827 1464
832 1454
840 1446
848 1439
855 1431
863 1424
869 1412
874 1399
874 1389
874 1379
874 1369
874 1359
874 1349
871 1339
869 1329
869 1319
864 1310
864 1300
864 1290
864 1280
864 1270
864 1260
864 1250
859 1241
859 1231
859 1221
854 1212
854 1202
854 1192
849 1183
849 1173
842 1165
832 1164
822 1160
812 1160
802 1160
793 1155
783 1155
774 1160
765 1165
756 1160
747 1155
738 1150
729 1145
721 1139
712 1134
704 1127
699 1118
693 1110
684 1105
676 1099
672 1089
664 1082
655 1077
649 1069
647 1059
639 1052
639 1042
634 1033
634 1023
628 1015
620 1008
614 1000
612 990
605 982
600 973
599 963
592 955
582 955
573 950
565 943
564 933
557 925
554 915
554 905
554 895
554 885
552 875
549 865
547 855
544 845
542 835
539 825
538 815
530 808
524 800
522 790
519 780
519 770
511 764
509 754
509 744
509 734
509 724
504 715
499 706
499 696
494 687
494 677
494 667
499 657
499 647
504 632
504 622
504 612
504 602
504 592
504 582
509 567
509 557
514 547
514 537
514 527
515 510
508 518
500 525
492 534
483 540
474 545
464 547
454 552
444 557
434 560
424 560
414 560
404 560
394 560
385 555
379 547
374 538
367 530
358 525
349 520
339 520
331 514
324 506
319 497
319 487
319 477
