264 992
264 982
272 974
274 962
279 952
279 942
284 932
292 924
297 914
299 902
307 894
314 882
322 874
329 862
334 852
342 844
349 832
357 824
365 816
373 809
380 801
388 794
395 786
403 779
412 774
420 766
430 761
440 756
448 749
455 741
460 731
468 724
475 716
483 709
492 704
502 699
512 694
520 686
528 679
537 674
545 666
555 661
563 654
572 649
582 644
589 629
584 620
574 617
565 612
557 605
548 600
539 595
534 586
534 576
529 567
529 557
529 547
529 537
534 522
534 512
534 502
539 492
547 484
555 476
563 469
572 464
580 456
588 449
597 444
606 439
614 432
624 427
634 424
644 424
654 424
664 424
673 419
682 424
692 424
702 424
709 432
717 439
724 447
732 454
739 462
744 471
745 481
750 490
750 500
755 509
755 519
760 528
760 538
765 547
772 555
777 564
786 569
795 564
804 557
814 554
824 552
832 544
839 534
837 524
829 517
825 507
819 499
814 490
809 481
804 472
804 462
804 452
804 442
809 427
814 412
814 402
819 392
819 382
827 374
832 364
839 352
847 344
855 336
865 331
873 324
880 316
890 314
900 311
910 309
920 309
930 309
940 309
950 309
960 312
970 314
980 314
990 317
999 322
1009 326
1019 329
1027 335
1032 344
1035 354
1043 360
1047 370
1052 379
1055 389
1060 398
1060 408
1060 418
1055 430
1055 440
1053 458
1045 465
1045 475
1045 485
1045 495
1050 504
1058 510
1065 518
1070 527
1074 537
1082 544
1089 552
1097 559
1106 564
1114 571
1123 576
1133 580
1143 584
1152 589
1162 589
1172 589
1180 581
1188 574
1194 562
1199 548
1192 540
1189 530
1189 520
1189 510
1184 501
1184 491
1184 481
1184 471
1179 462
1179 452
1179 442
1179 432
1184 414
1184 404
1181 394
1179 384
1177 374
1167 370
1160 362
1150 358
1144 350
1139 341
1134 332
1134 322
1134 312
1139 302
1147 294
1155 286
1163 279
1170 271
1180 266
1188 259
1194 251
1194 241
1189 232
1194 217
1194 207
1194 197
1199 182
1204 167
1212 159
1219 147
1227 139
1236 134
1246 130
1256 125
1264 119
1274 121
1284 122
1292 114
1302 114
1312 109
1322 109
1332 104
1342 104
1352 99
1362 99
1371 104
1380 109
1390 109
1400 109
1410 109
1419 114
1429 116
1439 119
1447 125
1455 132
1462 140
1470 147
1475 156
1481 164
1489 171
1493 181
1500 189
1500 199
1500 209
1505 218
1515 216
1525 214
1533 220
1540 228
1548 234
1558 235
1565 243
1575 241
1585 239
1595 239
1605 239
1614 244
1622 250
1625 260
1630 269
1630 279
1630 289
1630 299
1635 308
1643 315
1650 323
1655 332
1659 342
1655 355
1655 365
1657 375
1655 385
1648 393
1640 400
1633 408
1625 415
1620 425
1613 433
1605 440
1597 449
1589 455
1579 455
1569 455
1559 455
1549 455
1539 455
1530 460
1530 470
1535 479
1535 489
1540 498
1540 508
1545 517
1549 527
1550 537
1550 555
1550 565
1550 575
1550 585
1550 595
1550 605
1550 615
1550 625
1550 635
1552 645
1555 655
1555 665
1555 675
1555 685
1550 700
1550 710
1550 720
1548 733
1543 743
1535 750
1530 760
1532 770
1535 780
1535 790
1535 800
1530 810
1530 820
1530 830
1528 843
1523 853
1515 860
1515 870
1515 880
1515 890
1510 900
1505 910
1503 928
1498 938
1490 945
1483 953
1475 960
1470 970
1465 980
1463 993
1458 1003
1450 1010
1443 1018
1435 1025
1428 1033
1420 1040
1413 1048
1405 1055
1395 1060
1386 1065
1377 1070
1367 1070
1357 1070
1347 1070
1337 1070
1327 1069
1317 1065
1308 1060
1299 1055
1290 1050
1282 1044
1272 1040
1263 1035
1254 1030
1244 1030
1235 1035
1230 1050
1230 1060
1230 1070
1230 1080
1228 1093
1220 1100
1220 1110
1220 1120
1225 1129
1225 1139
1225 1149
1230 1158
1230 1168
1230 1178
1225 1190
1225 1200
1225 1210
1225 1220
1220 1230
1220 1240
1215 1255
1210 1265
1203 1278
1198 1288
1190 1295
1183 1303
1175 1310
1165 1315
1155 1320
1145 1325
1135 1330
1128 1338
1120 1345
1120 1355
1120 1365
1120 1375
1120 1385
1120 1395
1120 1405
1120 1415
1120 1425
1120 1435
1120 1445
1120 1455
1120 1465
1120 1475
1120 1485
1120 1495
1122 1505
1130 1512
1138 1519
1147 1524
1157 1524
1164 1532
1174 1536
1180 1544
1188 1550
1190 1560
1190 1570
1185 1585
1180 1595
1173 1603
1163 1605
1154 1610
1144 1610
1134 1610
1125 1615
1118 1623
1110 1630
1100 1630
1091 1635
1081 1635
1072 1640
1062 1640
1052 1640
1042 1640
1033 1635
1024 1630
1014 1630
1006 1623
996 1620
987 1615
984 1605
979 1596
974 1587
979 1577
979 1567
987 1559
994 1550
994 1540
994 1530
994 1520
994 1510
989 1501
989 1491
989 1481
989 1471
989 1461
989 1451
989 1441
989 1431
989 1421
989 1411
989 1401
989 1391
989 1381
989 1371
989 1361
989 1351
989 1341
989 1331
984 1322
980 1312
974 1304
969 1295
967 1285
964 1275
956 1269
947 1264
937 1260
930 1252
924 1244
921 1234
919 1224
919 1214
914 1205
914 1195
906 1189
904 1179
904 1169
904 1159
899 1150
897 1140
888 1135
878 1135
868 1135
858 1135
848 1135
838 1135
829 1130
819 1132
809 1130
799 1130
789 1130
779 1130
770 1125
760 1125
750 1125
743 1133
738 1143
733 1153
725 1160
720 1175
715 1185
715 1195
710 1205
705 1215
705 1225
705 1235
700 1245
695 1255
695 1265
690 1280
685 1290
685 1300
680 1310
675 1325
675 1335
675 1345
670 1355
670 1365
670 1375
670 1385
670 1395
670 1405
670 1415
670 1430
670 1440
665 1455
665 1465
665 1475
670 1484
678 1490
685 1498
693 1504
702 1509
709 1517
717 1524
724 1532
730 1540
732 1550
737 1559
740 1569
742 1579
734 1587
726 1595
716 1595
707 1600
697 1604
687 1605
677 1605
667 1605
658 1600
649 1595
641 1589
634 1581
629 1572
624 1563
620 1553
619 1543
619 1533
619 1523
619 1513
614 1504
609 1495
609 1485
609 1475
604 1466
599 1457
599 1447
594 1438
589 1429
586 1419
584 1409
579 1400
579 1390
571 1384
569 1374
564 1365
554 1365
545 1370
545 1380
545 1395
547 1405
550 1415
550 1425
552 1435
555 1445
555 1455
560 1464
560 1474
560 1484
565 1493
565 1503
573 1510
580 1518
588 1525
595 1533
603 1540
607 1550
610 1560
612 1570
615 1580
615 1590
607 1604
598 1610
588 1610
578 1610
568 1610
559 1615
550 1620
540 1620
530 1620
521 1615
511 1615
502 1610
493 1605
484 1600
476 1594
469 1586
469 1576
469 1566
469 1556
464 1547
464 1537
469 1527
469 1517
469 1507
474 1492
479 1478
474 1469
474 1459
471 1449
469 1439
466 1429
464 1419
462 1409
454 1402
450 1392
440 1388
433 1380
425 1373
418 1365
409 1360
401 1354
399 1344
396 1334
394 1324
394 1314
394 1304
389 1295
389 1285
381 1279
374 1271
369 1262
369 1252
364 1243
360 1233
356 1223
351 1214
349 1204
344 1195
344 1185
339 1176
334 1167
334 1157
334 1147
339 1132
339 1122
344 1105
344 1095
344 1085
335 1080
330 1090
325 1100
318 1108
308 1113
298 1115
288 1115
279 1110
269 1106
264 1097
269 1081
264 1072
264 1062
264 1052
269 1042
269 1032
269 1022
269 1012
272 999
