514 752
514 742
522 734
530 726
538 719
547 714
556 709
565 704
575 704
585 704
594 699
604 699
614 699
624 697
634 694
644 694
654 692
664 689
674 689
684 689
694 689
704 687
714 684
724 684
734 684
744 677
749 667
759 662
769 657
779 654
789 654
799 654
809 652
817 644
826 639
835 634
845 634
855 634
865 634
875 637
884 642
892 649
902 649
912 644
917 634
919 622
919 612
919 602
919 592
924 582
932 574
940 566
950 561
960 556
970 551
980 549
990 549
1000 549
1010 549
1020 549
1030 552
1040 554
1050 554
1060 554
1070 554
1080 554
1090 554
1100 554
1110 554
1120 554
1130 554
1140 554
1150 554
1160 554
1169 559
1175 567
1180 576
1180 586
1180 596
1180 606
1180 616
1183 626
1193 630
1202 635
1210 642
1214 652
1224 656
1230 664
1240 667
1250 669
1259 674
1269 674
1279 674
1288 679
1298 679
1308 679
1318 680
1328 684
1338 684
1348 684
1358 684
1367 689
1376 694
1380 704
1385 713
1385 723
1385 733
1385 743
1385 753
1385 763
1385 773
1385 783
1380 795
1375 805
1370 815
1363 823
1355 830
1350 840
1343 848
1335 855
1327 864
1319 870
1310 875
1305 885
1300 895
1299 907
1291 915
1282 920
1273 925
1264 930
1255 935
1245 935
1235 935
1226 940
1217 935
1209 928
1204 919
1202 909
1192 905
1182 905
1172 905
1162 905
1152 905
1142 905
1132 905
1122 905
1112 905
1102 905
1092 905
1082 905
1072 905
1062 905
1052 905
1043 910
1033 910
1023 910
1013 910
1003 913
995 920
990 930
982 939
977 949
967 954
957 955
947 955
937 955
927 955
917 955
907 955
898 950
890 943
881 938
876 929
869 921
864 912
860 902
850 900
840 900
830 900
820 900
810 900
800 900
790 900
780 900
770 900
760 900
750 900
740 905
730 905
720 905
711 910
701 910
691 910
681 910
671 910
661 910
652 915
642 915
634 922
626 930
617 935
608 940
598 940
589 945
579 945
569 945
559 942
550 937
545 928
544 918
544 908
539 899
536 889
532 879
527 870
524 860
524 850
524 840
524 830
524 820
524 810
519 801
514 792
514 782
514 772
514 762
