449 712
449 702
454 692
462 684
471 679
480 674
489 669
499 667
509 662
519 659
528 654
537 649
547 644
557 639
567 634
577 629
587 629
596 624
605 619
614 614
624 614
634 614
644 614
654 614
664 614
674 614
684 614
694 614
699 602
707 594
716 589
725 594
735 594
744 587
752 579
760 571
770 566
780 561
790 559
800 559
810 559
820 559
829 564
835 572
840 581
846 589
854 577
859 567
859 557
859 547
859 537
859 527
859 517
864 507
872 499
880 491
885 481
893 474
902 469
911 464
919 457
929 452
939 449
949 449
959 449
969 449
979 449
989 449
999 449
1009 449
1019 449
1029 449
1039 449
1049 449
1059 449
1069 449
1079 449
1089 449
1099 449
1109 449
1119 449
1129 449
1139 449
1149 451
1158 456
1165 464
1170 473
1175 482
1182 490
1190 497
1195 506
1200 515
1200 525
1200 535
1200 545
1200 555
1200 565
1205 574
1210 583
1218 590
1227 595
1235 602
1243 609
1252 614
1261 619
1270 624
1280 624
1290 624
1300 624
1310 624
1320 624
1330 624
1340 624
1350 624
1360 624
1370 624
1380 624
1390 624
1400 624
1408 630
1415 638
1415 648
1415 658
1415 668
1410 680
1410 690
1405 700
1405 710
1405 720
1400 735
1400 745
1395 760
1394 772
1389 782
1384 792
1374 797
1364 800
1355 805
1355 815
1355 825
1350 840
1348 853
1343 863
1335 870
1327 884
1317 889
1307 890
1297 890
1287 890
1277 890
1267 890
1257 890
1247 889
1237 885
1228 880
1219 875
1209 875
1199 875
1189 875
1179 875
1169 875
1159 875
1149 875
1139 875
1129 875
1119 875
1109 875
1099 875
1089 875
1079 875
1069 875
1059 875
1049 875
1039 875
1033 883
1028 893
1023 903
1015 910
1008 923
1000 930
991 935
982 940
973 945
963 948
953 950
943 950
933 950
924 945
914 945
905 940
899 932
894 923
890 913
889 903
889 893
886 883
880 875
875 890
867 899
857 900
848 905
838 905
828 905
818 905
808 905
798 905
788 905
778 905
768 905
758 905
748 905
738 905
728 905
718 905
708 905
698 905
688 905
678 905
668 905
658 905
649 900
639 900
630 905
629 915
620 920
613 930
604 935
594 935
584 935
574 935
564 935
554 935
544 935
534 932
525 927
517 920
510 912
502 905
495 897
487 890
478 885
470 878
464 870
464 860
459 851
454 842
454 832
454 822
459 810
459 800
459 790
459 780
459 770
459 760
454 751
449 742
449 732
449 722
