464 712
464 702
469 692
477 684
487 679
497 674
507 674
516 669
526 669
536 669
546 669
555 664
565 661
575 659
585 656
595 654
605 654
615 651
625 649
635 649
645 649
655 646
665 644
675 644
685 644
694 639
704 639
714 639
719 622
727 614
736 609
746 609
756 609
766 605
776 600
781 590
789 584
798 579
807 574
817 574
827 574
837 574
846 579
855 584
860 593
860 603
870 601
875 591
879 572
879 562
879 552
879 542
884 527
889 517
897 509
902 499
907 489
916 484
925 479
935 479
945 479
955 479
965 479
975 479
985 479
995 479
1005 479
1015 479
1025 479
1035 479
1045 479
1055 479
1065 479
1075 479
1085 479
1095 479
1105 479
1115 482
1125 484
1135 484
1144 489
1154 489
1163 494
1172 499
1179 507
1185 515
1190 524
1195 533
1195 543
1195 553
1195 563
1195 573
1195 583
1200 592
1207 600
1215 607
1224 612
1234 616
1240 624
1250 624
1260 624
1270 624
1280 624
1290 624
1300 624
1310 624
1320 624
1330 624
1340 627
1349 632
1359 634
1368 639
1377 644
1384 652
1389 661
1393 671
1400 679
1400 690
1400 700
1400 710
1400 720
1400 730
1395 740
1390 755
1390 765
1385 775
1383 788
1378 798
1373 808
1365 815
1356 820
1347 825
1338 830
1329 835
1320 840
1320 850
1320 860
1318 873
1310 880
1300 885
1292 894
1284 900
1275 905
1266 910
1256 910
1246 914
1237 909
1229 902
1224 893
1219 884
1214 875
1204 875
1194 875
1185 870
1175 870
1165 870
1155 870
1145 870
1135 870
1125 870
1115 870
1105 870
1095 870
1085 870
1075 870
1065 870
1055 870
1045 870
1035 870
1025 870
1015 870
1010 885
1005 895
1000 905
992 914
984 922
976 930
967 935
958 940
948 943
938 945
928 945
919 940
911 934
909 924
904 915
899 906
894 897
889 888
884 879
884 869
879 860
869 860
859 860
849 860
839 860
829 860
820 865
812 874
802 879
792 884
782 885
773 890
764 895
754 895
745 900
735 900
725 900
715 905
705 905
695 905
685 905
675 905
665 905
655 905
645 905
635 905
625 905
615 905
605 905
595 905
585 905
575 905
573 918
565 925
555 930
545 930
535 930
525 928
516 923
511 914
509 904
504 895
504 885
504 875
499 866
494 857
489 848
484 839
481 829
479 819
479 809
479 799
479 789
479 779
479 769
479 759
474 750
469 741
469 731
469 721
