504 787
504 777
512 769
517 759
522 749
527 739
532 729
537 719
546 714
555 709
564 704
574 704
583 699
593 699
603 699
612 694
622 694
632 694
642 694
652 694
662 694
672 694
682 694
691 689
701 689
710 684
720 684
729 679
739 676
734 667
734 657
744 652
754 651
763 656
770 664
780 664
786 655
794 649
803 644
813 644
823 644
833 644
843 644
853 645
862 650
870 657
880 654
890 654
900 654
904 637
904 627
909 617
909 607
914 592
919 582
924 572
932 564
941 559
950 554
960 554
970 554
980 554
990 554
1000 554
1010 554
1020 554
1030 554
1040 554
1050 554
1060 554
1070 554
1080 554
1090 554
1100 554
1110 557
1120 559
1129 564
1138 569
1148 570
1157 575
1167 579
1174 587
1182 594
1185 604
1190 613
1190 623
1190 633
1190 643
1195 652
1195 662
1199 672
1209 674
1219 674
1229 674
1239 674
1249 674
1259 674
1269 674
1279 674
1289 674
1299 674
1309 672
1319 669
1328 664
1338 664
1348 664
1358 665
1367 670
1372 679
1375 689
1380 698
1385 707
1390 716
1390 726
1385 740
1380 750
1375 760
1370 770
1370 780
1370 790
1370 800
1370 810
1370 820
1370 830
1370 840
1363 853
1355 860
1345 860
1335 860
1325 865
1315 865
1310 880
1310 890
1305 900
1300 910
1295 920
1290 930
1282 939
1274 945
1264 945
1254 945
1244 945
1234 945
1224 945
1215 940
1209 932
1204 923
1200 913
1194 905
1184 905
1174 905
1164 905
1154 905
1144 905
1134 905
1124 905
1114 905
1104 905
1094 905
1084 905
1074 905
1064 905
1054 907
1044 910
1034 910
1024 910
1014 910
1004 910
995 915
990 925
987 939
982 949
974 955
965 960
955 960
945 965
936 970
926 970
916 970
906 968
896 964
889 956
884 947
879 938
873 930
863 930
853 930
843 930
833 930
823 930
813 930
803 930
793 930
784 925
774 925
764 925
754 925
744 925
734 925
724 925
714 925
704 925
695 920
685 920
675 920
665 920
658 928
650 935
643 943
633 945
623 945
613 945
603 945
593 945
583 945
575 938
569 930
561 924
552 919
547 910
544 900
544 890
542 880
534 874
529 865
527 855
524 845
524 835
524 825
524 815
524 805
522 795
512 794
