419 782
419 772
424 762
432 754
442 749
452 749
462 749
472 744
481 739
490 734
499 729
509 729
518 724
528 724
538 724
548 724
558 724
568 724
578 724
588 724
598 724
608 724
618 724
628 724
638 724
648 724
658 724
664 712
669 702
677 694
687 689
697 684
706 679
715 674
725 671
735 666
745 661
755 659
765 662
773 669
783 669
793 669
800 661
804 647
804 637
809 627
814 617
822 609
830 601
838 594
847 589
856 584
866 584
876 584
886 584
896 584
906 584
916 584
926 584
936 584
946 584
956 584
966 584
976 584
986 584
996 584
1006 584
1016 584
1026 584
1036 584
1045 589
1055 592
1062 600
1070 607
1070 617
1070 627
1070 637
1070 647
1074 657
1075 667
1075 677
1080 686
1086 694
1094 701
1103 706
1113 710
1123 714
1133 714
1142 719
1152 719
1161 724
1171 724
1181 724
1191 724
1201 724
1211 724
1220 729
1228 735
1230 745
1238 751
1248 755
1257 760
1262 769
1265 779
1267 789
1262 799
1254 805
1245 810
1240 820
1238 833
1233 843
1225 850
1218 863
1210 870
1200 870
1190 875
1185 890
1180 900
1175 910
1170 920
1161 925
1152 930
1142 930
1132 930
1122 930
1112 930
1102 930
1093 925
1084 920
1079 911
1071 905
1061 905
1051 905
1041 905
1031 905
1021 905
1011 905
1001 905
992 910
982 910
972 910
963 915
953 915
943 915
933 918
923 920
913 920
903 920
893 920
883 920
874 925
864 925
855 930
847 939
837 944
827 945
818 950
808 950
798 950
788 950
778 950
768 950
759 945
751 939
749 929
744 920
734 920
724 920
714 920
704 920
694 920
684 920
674 920
664 920
654 920
644 920
634 920
624 920
614 920
604 920
594 922
584 925
574 925
565 930
558 938
550 945
543 955
534 960
525 965
515 965
506 970
496 970
486 970
476 969
467 964
459 957
454 948
450 938
449 928
444 919
439 910
439 900
439 890
437 880
434 870
434 860
432 850
429 840
429 830
429 820
424 811
424 801
424 791
