574 737
574 727
579 717
587 709
596 714
604 702
614 697
624 692
634 687
644 677
654 672
664 667
674 662
684 659
693 654
703 654
712 649
722 649
732 649
742 649
752 649
762 649
772 649
781 644
791 644
801 644
811 644
821 644
831 644
841 644
849 632
849 622
854 612
859 602
869 597
879 592
889 589
899 591
909 594
918 589
927 584
937 579
947 574
957 569
967 564
977 564
986 569
994 576
998 586
1004 594
1014 594
1024 594
1033 589
1039 577
1039 567
1044 557
1044 547
1049 532
1054 517
1059 507
1064 497
1072 489
1082 484
1092 479
1102 474
1112 474
1121 469
1131 469
1141 469
1151 469
1161 469
1171 469
1181 469
1191 469
1201 469
1211 469
1221 469
1231 469
1241 469
1251 469
1261 469
1271 469
1280 474
1290 474
1300 474
1310 474
1320 474
1330 474
1340 477
1350 479
1360 482
1369 487
1377 494
1384 502
1389 511
1393 521
1395 531
1395 541
1398 551
1400 561
1400 571
1403 581
1410 589
1418 595
1427 600
1437 604
1446 609
1455 614
1465 617
1475 619
1484 624
1494 624
1504 624
1514 624
1524 624
1533 629
1543 629
1553 629
1563 630
1573 634
1582 639
1592 639
1601 644
1609 651
1615 659
1615 669
1615 679
1615 689
1623 695
1630 703
1633 718
1625 725
1615 730
1610 740
1605 750
1605 760
1605 770
1605 780
1600 790
1598 803
1590 810
1583 818
1575 825
1568 833
1560 840
1553 848
1543 853
1533 858
1525 865
1525 875
1520 890
1515 900
1508 913
1500 920
1495 930
1488 938
1480 945
1470 945
1460 942
1450 938
1444 930
1439 921
1434 912
1429 903
1429 893
1422 885
1412 885
1402 885
1392 885
1382 885
1372 885
1362 885
1352 885
1343 890
1333 890
1323 890
1313 890
1303 890
1293 890
1283 890
1273 893
1263 895
1253 895
1243 895
1233 895
1223 895
1214 900
1204 900
1194 900
1184 900
1175 905
1170 920
1165 930
1160 945
1158 958
1150 965
1143 973
1135 980
1125 985
1115 990
1105 990
1095 987
1085 983
1078 975
1070 968
1064 960
1059 951
1054 942
1054 932
1054 922
1054 912
1054 902
1049 893
1049 883
1043 875
1033 878
1025 885
1018 893
1013 903
1005 910
997 919
992 929
982 934
972 935
962 935
952 935
942 935
932 935
922 935
912 935
902 935
892 935
882 935
872 935
862 935
852 935
842 935
832 935
822 935
812 935
802 935
792 935
782 935
772 935
762 935
752 935
742 939
734 945
725 950
715 955
705 960
695 965
686 970
676 970
666 970
656 970
646 970
636 970
627 975
620 967
614 959
609 950
609 940
609 930
604 921
604 911
604 901
604 891
604 881
604 871
604 861
604 851
604 841
604 831
604 821
604 811
604 801
599 792
595 782
589 774
584 765
579 756
579 746
