599 1012
594 1027
599 1036
606 1044
616 1045
625 1040
633 1033
638 1023
643 1013
653 1010
663 1010
673 1010
682 1015
689 1023
694 1032
699 1041
699 1051
699 1061
699 1071
699 1081
699 1091
699 1101
699 1111
699 1121
699 1131
694 1147
694 1157
689 1172
689 1182
684 1197
679 1207
679 1217
674 1227
669 1237
669 1247
664 1262
664 1272
672 1279
680 1285
690 1285
700 1285
710 1285
720 1285
730 1285
740 1285
750 1285
760 1285
770 1285
779 1280
785 1270
785 1254
782 1244
772 1240
770 1230
770 1220
770 1210
770 1200
770 1190
770 1180
770 1170
770 1160
775 1150
784 1145
794 1145
804 1145
814 1145
824 1145
833 1140
843 1140
853 1140
863 1140
873 1140
883 1140
893 1140
902 1145
911 1150
914 1160
914 1170
914 1180
914 1190
914 1200
914 1210
909 1222
909 1232
909 1242
909 1252
914 1261
921 1269
931 1270
941 1270
951 1270
960 1275
970 1275
980 1277
990 1275
995 1265
1000 1248
1000 1238
1000 1228
995 1219
995 1209
990 1200
990 1190
990 1180
990 1170
1000 1170
1010 1170
1020 1170
1030 1170
1040 1170
1050 1170
1060 1170
1070 1170
1074 1180
1074 1190
1074 1200
1074 1210
1074 1220
1074 1230
1069 1247
1074 1256
1081 1264
1091 1265
1101 1268
1110 1273
1118 1280
1127 1285
1137 1285
1146 1290
1155 1295
1165 1297
1175 1300
1185 1300
1195 1300
1205 1295
1215 1285
1220 1270
1225 1255
1225 1245
1225 1235
1225 1225
1225 1215
1225 1205
1234 1200
1244 1200
1254 1200
1264 1200
1274 1200
1284 1200
1294 1200
1304 1200
1314 1200
1324 1200
1334 1200
1344 1200
1354 1200
1364 1200
1374 1200
1384 1200
1393 1205
1403 1205
1412 1210
1420 1217
1427 1225
1432 1234
1436 1244
1441 1253
1444 1263
1449 1272
1454 1281
1459 1290
1465 1298
1475 1302
1485 1305
1494 1310
1504 1310
1513 1315
1522 1320
1532 1320
1542 1320
1552 1320
1562 1320
1572 1320
1581 1315
1590 1310
1598 1303
1605 1290
1610 1275
1615 1260
1620 1250
1620 1240
1620 1230
1625 1219
1625 1209
1625 1199
1625 1189
1625 1179
1625 1169
1625 1159
1622 1149
1617 1140
1610 1132
1600 1128
1593 1120
1585 1114
1580 1105
1580 1095
1580 1085
1580 1075
1580 1065
1580 1055
1580 1045
1580 1035
1580 1025
1580 1015
1574 1007
1567 999
1557 999
1548 994
1538 994
1528 994
1518 994
1508 990
1500 983
1493 975
1485 968
1478 960
1473 951
1464 946
1456 939
1447 934
1438 929
1428 929
1418 929
1408 929
1399 934
1389 937
1379 942
1374 952
1374 962
1374 972
1374 982
1374 992
1379 1001
1379 1011
1369 1019
1360 1024
1350 1024
1341 1029
1332 1034
1324 1042
1319 1052
1319 1062
1319 1072
1319 1082
1315 1094
1305 1094
1295 1094
1285 1094
1275 1093
1268 1085
1260 1079
1256 1069
1250 1061
1245 1052
1244 1042
1240 1032
1240 1022
1240 1012
1240 1002
1240 992
1240 982
1240 972
1240 962
1240 952
1240 942
1235 933
1230 924
1223 916
1219 906
1211 899
1202 894
1193 889
1184 884
1174 887
1164 892
1159 902
1159 912
1159 922
1159 932
1159 942
1159 952
1159 962
1159 972
1159 982
1158 994
1148 994
1139 999
1129 999
1119 999
1109 1002
1099 1007
1094 1017
1089 1027
1089 1037
1089 1047
1089 1057
1089 1067
1089 1077
1089 1087
1082 1099
1072 1104
1063 1109
1053 1109
1043 1109
1033 1109
1023 1109
1015 1102
1007 1095
1000 1087
995 1078
995 1068
990 1059
985 1050
980 1041
975 1032
970 1023
965 1014
965 1004
960 995
954 987
945 982
935 979
926 974
916 974
906 974
896 974
886 974
876 974
866 974
856 974
846 974
836 974
826 974
816 974
806 974
796 974
786 974
776 974
766 974
757 969
748 964
739 959
730 954
720 952
710 949
700 949
690 947
680 944
670 944
660 944
650 944
640 941
632 949
627 959
622 969
614 977
609 987
604 1002
