499 1017
494 1027
499 1036
504 1045
514 1042
524 1037
534 1032
542 1024
552 1020
562 1020
572 1024
581 1029
589 1035
589 1045
592 1055
597 1064
601 1074
606 1083
610 1093
614 1103
614 1113
609 1127
604 1142
599 1152
599 1162
599 1172
599 1182
599 1192
599 1202
599 1212
599 1222
599 1232
604 1241
611 1249
619 1255
628 1260
635 1268
643 1275
653 1275
660 1265
665 1255
670 1245
675 1234
675 1224
670 1215
670 1205
670 1195
670 1185
670 1175
670 1165
670 1155
675 1145
675 1135
685 1135
695 1135
705 1135
714 1130
724 1130
734 1130
744 1130
754 1130
764 1130
774 1130
784 1130
794 1130
804 1130
814 1130
824 1130
834 1130
840 1138
848 1145
852 1155
854 1165
859 1174
859 1184
859 1194
859 1204
859 1214
854 1232
849 1247
849 1257
844 1272
844 1282
852 1289
860 1295
870 1295
880 1295
889 1290
895 1280
900 1270
900 1260
905 1243
900 1234
900 1224
900 1214
895 1205
895 1195
895 1185
895 1175
895 1165
895 1155
895 1145
905 1145
915 1145
925 1145
934 1150
943 1155
952 1160
962 1164
971 1169
974 1179
974 1189
974 1199
974 1209
974 1219
974 1229
974 1239
974 1249
979 1258
984 1267
992 1274
1001 1279
1011 1283
1021 1285
1031 1288
1041 1290
1051 1290
1061 1293
1071 1295
1080 1300
1090 1300
1100 1300
1110 1295
1120 1285
1125 1275
1130 1260
1130 1250
1130 1240
1130 1230
1130 1220
1130 1210
1140 1210
1150 1210
1160 1210
1170 1210
1180 1210
1190 1210
1200 1210
1210 1210
1220 1210
1230 1212
1240 1215
1250 1215
1260 1215
1270 1215
1280 1215
1290 1215
1299 1220
1308 1225
1315 1233
1323 1240
1329 1248
1334 1257
1334 1267
1339 1276
1344 1285
1347 1295
1357 1299
1366 1304
1376 1305
1386 1308
1396 1310
1406 1313
1415 1318
1425 1320
1435 1320
1445 1320
1455 1320
1465 1320
1475 1315
1485 1315
1494 1310
1502 1304
1510 1295
1518 1288
1525 1275
1530 1265
1538 1258
1545 1245
1550 1235
1558 1228
1563 1218
1565 1205
1570 1196
1570 1186
1570 1176
1565 1167
1560 1158
1555 1149
1552 1139
1544 1132
1537 1124
1529 1117
1522 1109
1514 1102
1505 1097
1495 1094
1485 1094
1480 1085
1480 1075
1480 1065
1480 1055
1480 1045
1480 1035
1484 1022
1480 1012
1475 1003
1468 995
1460 989
1451 984
1442 979
1432 979
1422 979
1412 979
1403 974
1393 974
1385 967
1384 957
1380 947
1375 938
1375 928
1370 919
1363 911
1354 906
1344 904
1334 904
1324 904
1314 904
1304 907
1294 912
1289 922
1289 932
1289 942
1294 951
1294 961
1294 971
1294 981
1286 995
1276 1000
1266 1004
1257 1009
1248 1014
1240 1021
1232 1029
1224 1037
1219 1047
1214 1057
1214 1067
1210 1081
1200 1084
1190 1084
1180 1084
1170 1084
1160 1084
1150 1082
1140 1079
1135 1070
1130 1061
1130 1051
1130 1041
1130 1031
1130 1021
1130 1011
1130 1001
1130 991
1130 981
1130 971
1130 961
1130 951
1130 941
1130 931
1130 921
1130 911
1130 901
1130 891
1130 881
1128 871
1124 861
1114 857
1105 852
1095 849
1085 851
1075 856
1070 866
1062 874
1054 882
1049 892
1049 902
1054 911
1059 920
1062 930
1067 939
1069 949
1069 959
1069 969
1065 979
1056 984
1047 989
1037 989
1027 994
1019 1002
1014 1012
1014 1022
1014 1032
1019 1041
1019 1051
1019 1061
1015 1074
1005 1074
995 1074
985 1074
975 1074
965 1076
955 1079
945 1079
935 1079
925 1079
915 1079
910 1070
910 1060
910 1050
905 1041
903 1031
900 1021
895 1012
890 1003
883 995
875 988
870 979
861 974
851 974
841 974
831 974
821 974
811 974
801 974
792 979
782 979
772 979
762 984
752 984
743 989
733 989
724 994
715 999
705 999
695 999
685 999
675 997
668 989
660 983
653 975
645 969
638 961
629 956
621 949
612 944
603 939
593 939
583 935
573 934
563 934
553 934
545 941
537 949
532 959
527 969
519 977
514 987
509 997
504 1007
