24 282
24 272
32 264
34 252
42 244
50 236
59 227
59 217
59 207
69 204
78 209
87 214
96 219
106 219
115 224
125 224
135 227
145 229
154 224
164 224
174 224
184 224
194 224
204 224
214 224
224 226
234 229
244 229
254 231
264 234
274 234
284 234
294 234
304 234
314 234
324 234
334 232
344 229
354 229
364 229
374 227
384 229
394 229
403 224
413 224
423 224
433 224
443 224
452 229
462 224
471 229
480 234
489 239
499 241
509 244
518 249
528 249
537 254
547 254
556 259
566 259
576 259
586 259
596 259
606 259
614 246
609 237
600 232
590 230
584 222
594 217
604 214
614 216
623 221
633 225
640 233
645 242
650 251
650 261
645 270
641 280
632 285
623 290
614 295
605 300
595 300
585 300
575 300
565 300
555 300
545 300
535 300
525 300
525 310
527 320
537 324
544 332
554 334
564 336
570 344
575 353
580 362
585 371
591 379
595 389
600 398
605 407
614 412
620 420
615 430
605 435
595 432
587 425
580 417
572 410
568 400
560 393
553 385
544 380
534 380
524 380
514 380
505 375
495 375
497 385
502 394
505 404
500 420
495 430
490 440
483 448
475 455
468 463
460 470
450 470
440 470
430 470
420 470
410 470
404 462
412 454
421 449
431 449
441 449
449 442
457 434
450 418
444 410
434 406
429 397
420 392
412 385
403 380
394 375
385 370
375 370
365 370
355 367
345 365
335 365
325 365
315 365
305 365
295 365
285 365
275 365
265 370
265 380
258 393
253 403
245 410
250 419
259 424
269 424
279 426
277 439
267 444
259 450
249 450
239 450
230 445
220 445
212 454
204 460
194 460
184 460
174 460
164 460
154 457
154 447
162 439
172 439
182 434
189 419
189 409
189 399
189 389
189 379
184 370
184 360
174 357
165 352
155 353
148 345
139 340
134 331
129 322
124 313
117 305
107 305
97 305
87 305
77 305
67 305
57 305
47 304
39 297
32 289
