49 297
49 287
59 282
69 277
79 272
87 264
97 259
105 251
115 246
123 239
132 234
126 220
117 215
110 207
105 198
99 190
94 181
94 171
94 161
94 151
94 141
94 131
89 122
89 112
99 109
109 111
119 114
128 109
138 109
148 109
158 109
165 101
173 94
182 99
192 99
200 91
210 86
220 84
229 79
239 79
249 79
259 79
269 79
279 79
288 74
298 74
307 69
317 69
326 64
336 60
346 59
356 55
366 54
376 54
385 49
395 49
405 49
415 49
425 49
435 49
444 54
454 54
463 59
473 59
482 64
492 64
499 72
509 74
518 79
528 79
532 69
542 69
549 77
548 93
543 103
535 110
525 110
515 110
510 120
510 130
505 145
500 160
500 170
495 180
495 190
495 200
497 210
500 220
502 230
505 240
500 250
495 265
490 275
482 289
474 297
464 300
455 305
445 305
435 305
429 297
429 287
437 279
446 274
456 270
464 258
464 248
464 238
457 230
450 222
440 210
440 220
440 230
435 240
430 250
425 260
418 268
410 275
402 284
392 285
382 289
372 290
362 289
354 282
354 272
362 264
371 259
381 259
391 255
396 245
396 229
392 219
387 210
378 205
368 205
358 205
348 205
338 205
329 210
319 210
309 210
300 215
290 215
285 225
285 235
280 245
280 255
275 265
273 278
268 288
260 295
252 309
244 317
234 322
224 325
214 325
204 321
199 312
204 302
214 299
224 297
232 289
234 278
234 268
234 258
234 248
230 238
224 230
214 230
204 230
194 230
185 235
178 243
170 250
162 259
154 265
145 270
135 275
125 280
117 289
107 294
97 299
87 300
78 305
68 305
59 300
