74 197
74 187
79 177
84 167
92 159
101 154
110 149
120 149
130 149
140 149
150 146
160 144
170 144
180 144
190 144
200 144
210 144
220 144
230 144
240 141
250 139
260 139
270 139
280 139
290 139
300 139
310 139
320 139
330 139
340 139
350 139
360 139
370 139
380 139
390 139
400 136
410 134
420 134
430 134
440 134
450 134
460 131
470 129
480 129
489 134
499 134
508 139
518 139
528 139
538 139
548 139
558 139
568 139
578 139
588 139
598 139
608 139
618 139
628 139
638 139
648 139
658 139
668 139
677 134
687 134
697 134
707 134
717 134
727 134
736 139
746 135
756 134
765 139
775 139
785 139
795 139
804 134
814 134
824 136
834 139
844 137
854 134
864 134
874 134
884 134
894 134
904 134
914 134
924 134
934 134
944 134
954 134
964 134
974 134
984 134
994 134
1004 134
1014 134
1024 136
1034 137
1044 134
1054 134
1064 134
1074 134
1084 134
1094 134
1104 134
1114 134
1124 134
1134 134
1144 134
1154 134
1164 134
1174 134
1184 134
1194 134
1204 134
1214 134
1224 134
1234 134
1244 134
1254 134
1264 134
1274 134
1284 134
1294 134
1304 134
1314 134
1324 134
1334 134
1344 134
1354 134
1364 134
1374 134
1384 134
1394 134
1404 132
1414 129
1423 134
1433 134
1443 134
1452 129
1462 129
1472 129
1482 129
1492 129
1502 129
1512 129
1522 129
1532 129
1542 129
1552 129
1562 129
1572 129
1582 129
1592 129
1602 129
1612 129
1622 129
1632 129
1641 134
1651 134
1661 134
1670 129
1680 129
1690 129
1700 129
1710 129
1720 129
1730 129
1740 129
1750 129
1760 126
1770 124
1780 124
1790 124
1800 124
1810 124
1820 124
1830 124
1840 124
1850 127
1860 129
1869 134
1877 140
1885 147
1892 155
1897 164
1900 174
1905 183
1910 192
1910 202
1910 212
1915 221
1915 231
1920 240
1920 250
1920 260
1920 270
1925 279
1925 289
1925 299
1925 309
1930 318
1930 328
1930 338
1930 348
1930 358
1930 368
1930 378
1935 387
1935 397
1940 406
1940 416
1940 426
1940 436
1940 446
1940 456
1940 466
1935 480
1935 490
1937 500
1940 510
1935 525
1935 535
1935 545
1940 554
1940 564
1935 575
1935 585
1935 595
1930 605
1930 615
1930 625
1928 638
1920 645
1913 653
1908 663
1900 670
1892 679
1884 685
1875 690
1865 690
1855 690
1845 690
1835 690
1825 690
1815 690
1805 690
1795 690
1785 690
1775 690
1765 690
1755 690
1745 690
1735 690
1725 690
1715 690
1705 690
1695 690
1685 690
1675 690
1665 690
1655 690
1645 690
1635 690
1625 690
1615 690
1605 690
1595 690
1585 695
1575 695
1565 695
1555 695
1545 695
1535 695
1525 695
1515 695
1505 695
1495 695
1485 700
1475 700
1465 700
1455 700
1445 700
1435 700
1425 700
1415 700
1405 700
1395 700
1385 700
1375 700
1365 700
1355 700
1345 700
1335 700
1325 700
1315 700
1306 705
1296 705
1286 705
1276 705
1266 705
1256 705
1246 705
1236 705
1226 705
1216 705
1206 705
1196 705
1187 700
1177 700
1167 700
1157 700
1147 700
1137 700
1127 700
1117 700
1107 700
1097 700
1087 700
1077 700
1067 700
1057 700
1047 700
1037 700
1027 700
1017 700
1007 704
997 705
987 705
977 705
967 705
957 705
947 705
937 705
927 705
917 705
907 705
897 705
887 705
877 705
867 705
857 705
847 705
837 705
827 705
817 705
807 705
797 705
787 705
777 705
767 705
757 705
747 705
737 705
727 705
717 705
707 705
697 705
687 705
677 705
667 705
658 700
648 700
638 700
628 700
618 700
608 700
598 700
588 700
578 700
568 700
558 700
548 700
538 700
529 695
519 695
509 695
499 695
489 695
479 695
470 690
460 690
452 684
442 680
435 672
425 668
419 660
411 654
404 646
399 637
394 628
389 619
384 610
376 603
371 594
367 584
362 575
359 565
354 556
354 546
354 536
354 526
354 516
354 506
354 496
349 487
349 477
349 467
349 457
349 447
349 437
349 427
349 417
349 407
349 397
349 387
349 377
349 367
349 357
354 347
354 337
354 327
354 317
359 302
359 292
359 282
364 267
359 258
350 253
341 248
331 245
321 245
311 245
301 245
291 245
281 245
271 245
261 245
251 245
241 245
231 245
221 245
211 245
201 245
191 245
181 245
171 245
161 245
151 245
141 245
131 245
122 240
112 240
103 235
94 230
86 224
79 216
74 207
