129 222
129 212
134 202
142 194
150 186
160 184
170 184
180 184
190 184
200 184
210 184
220 184
230 184
240 184
250 184
260 184
270 184
280 184
290 184
300 184
310 184
320 184
330 184
340 184
350 184
360 184
370 184
380 184
390 184
400 184
410 184
420 184
430 184
440 184
450 184
460 181
468 174
477 169
487 169
497 169
507 169
517 169
527 169
537 169
547 169
557 169
567 169
577 169
586 174
596 174
606 174
616 174
626 174
636 174
646 174
656 174
666 174
676 174
686 174
696 174
706 174
716 170
726 169
736 169
745 164
755 164
765 164
775 164
785 164
795 164
805 164
815 164
825 164
835 164
844 159
854 159
864 159
874 159
884 159
894 159
904 159
914 159
924 159
934 159
944 159
954 159
964 159
974 159
984 159
994 159
1004 157
1014 154
1024 154
1034 154
1044 154
1054 154
1064 154
1074 154
1083 159
1093 159
1103 159
1112 154
1122 154
1132 154
1142 154
1152 154
1162 154
1172 154
1181 159
1191 159
1201 159
1210 164
1220 164
1230 164
1240 164
1250 164
1260 164
1269 169
1279 169
1289 169
1299 169
1309 169
1319 169
1329 169
1339 171
1349 174
1359 174
1369 174
1379 174
1389 174
1399 174
1409 174
1419 174
1429 174
1439 172
1449 169
1459 169
1469 169
1479 169
1489 169
1499 169
1509 169
1518 164
1528 164
1538 164
1548 164
1558 164
1568 164
1578 164
1588 164
1598 164
1607 159
1617 159
1627 159
1637 159
1647 159
1657 159
1667 159
1677 159
1687 159
1697 159
1707 159
1717 159
1727 159
1737 154
1747 154
1757 154
1767 154
1777 154
1787 154
1797 154
1807 154
1817 154
1827 154
1837 154
1847 154
1857 154
1867 154
1877 154
1887 154
1897 154
1906 159
1916 159
1926 159
1936 159
1946 159
1956 159
1966 159
1976 159
1985 164
1995 164
2005 164
2015 164
2025 164
2034 169
2044 169
2054 169
2064 169
2074 169
2084 171
2094 174
2104 174
2114 174
2124 174
2133 179
2143 179
2153 180
2162 185
2172 189
2179 197
2187 204
2194 212
2202 219
2205 229
2210 238
2210 248
2210 258
2210 268
2215 277
2215 287
2215 297
2215 307
2215 317
2215 327
2215 337
2215 347
2215 357
2215 367
2215 377
2215 387
2215 397
2215 407
2215 417
2215 427
2215 437
2215 447
2215 457
2215 467
2215 477
2215 487
2215 497
2215 507
2215 517
2215 527
2215 537
2215 547
2215 557
2215 567
2215 577
2219 587
2220 597
2220 607
2220 617
2220 627
2220 637
2220 647
2220 657
2220 667
2220 677
2215 690
2215 700
2215 710
2215 720
2215 730
2215 740
2215 750
2210 765
2210 775
2202 784
2194 792
2186 800
2177 805
2167 809
2157 814
2147 819
2137 820
2127 824
2117 829
2107 834
2097 839
2087 839
2077 835
2067 839
2057 840
2047 840
2037 840
2027 840
2017 840
2007 840
1997 840
1988 845
1978 845
1968 845
1958 845
1948 845
1938 845
1928 845
1918 845
1908 845
1898 845
1888 845
1878 845
1868 845
1858 845
1848 845
1838 845
1828 845
1818 845
1808 848
1798 850
1788 850
1779 845
1769 845
1760 850
1750 850
1740 850
1730 850
1720 850
1710 850
1700 850
1691 845
1681 845
1672 850
1662 849
1652 845
1642 845
1632 845
1622 845
1612 845
1602 845
1592 845
1582 845
1572 845
1563 840
1553 840
1543 840
1533 840
1523 840
1513 840
1503 840
1493 840
1483 840
1473 840
1464 835
1454 835
1444 835
1435 830
1425 830
1415 830
1405 830
1395 830
1385 830
1375 830
1365 830
1355 830
1345 830
1335 830
1325 830
1315 830
1305 830
1295 830
1285 830
1275 830
1265 830
1255 830
1245 830
1235 835
1225 835
1215 835
1205 835
1196 840
1186 840
1176 840
1166 840
1156 840
1146 840
1136 840
1126 840
1116 840
1106 840
1096 840
1086 840
1076 840
1066 840
1056 840
1046 840
1037 845
1027 845
1017 845
1007 845
997 845
987 845
977 845
967 845
958 840
948 840
938 840
928 840
918 840
908 840
898 840
888 840
878 840
868 840
858 840
848 840
838 840
829 835
819 835
809 835
799 835
789 835
779 835
769 835
759 835
750 830
740 830
730 830
720 830
710 827
700 825
690 825
680 822
670 820
660 820
650 820
641 815
631 815
621 815
611 815
601 815
591 813
581 810
571 810
561 808
551 805
541 804
532 799
522 795
515 787
505 783
499 775
491 769
484 761
479 752
472 744
464 737
459 728
452 720
449 710
441 704
437 694
432 685
429 675
424 666
424 656
424 646
424 636
424 626
424 616
424 606
424 596
424 586
424 576
424 566
424 556
424 546
424 536
424 526
424 516
424 506
424 496
424 486
424 476
424 466
424 456
424 446
424 436
424 426
424 416
424 406
424 396
424 386
419 377
419 367
424 352
429 342
429 332
434 322
439 307
438 290
428 290
418 290
408 290
398 290
388 290
378 290
368 290
358 290
348 290
338 290
328 290
318 290
308 290
298 290
288 290
278 290
268 290
258 290
248 290
238 290
228 290
218 290
208 290
198 290
188 290
178 290
168 290
158 290
149 285
141 279
134 271
129 262
129 252
129 242
129 232
