289 202
289 192
294 182
294 172
299 162
307 154
316 159
326 159
336 155
346 154
356 154
365 149
375 149
385 149
395 149
404 144
414 144
424 144
434 144
444 144
454 144
464 144
474 144
484 144
494 144
504 144
514 144
524 142
534 139
544 139
554 139
563 134
573 134
583 134
593 134
603 134
613 134
623 134
632 129
641 124
650 119
659 112
667 104
676 99
686 99
696 99
706 99
716 99
725 104
735 104
745 104
754 92
759 82
767 74
776 69
785 64
794 59
803 54
813 54
823 54
833 54
843 54
853 54
863 54
873 54
883 54
893 54
903 54
913 54
923 54
933 54
943 54
953 54
963 54
973 54
983 54
993 54
1003 54
1013 54
1023 54
1033 55
1043 59
1053 59
1062 64
1071 69
1081 69
1090 74
1100 74
1110 74
1119 79
1129 79
1138 84
1148 84
1158 84
1168 85
1178 89
1188 89
1198 90
1208 94
1218 94
1228 95
1237 100
1247 104
1257 104
1267 104
1277 104
1286 109
1296 109
1306 109
1316 109
1326 109
1336 109
1346 109
1356 109
1366 109
1376 109
1386 109
1396 109
1406 109
1416 109
1426 109
1436 109
1446 109
1456 109
1466 109
1476 109
1486 109
1496 109
1506 109
1516 109
1526 109
1536 109
1546 109
1556 109
1566 109
1575 104
1585 104
1594 109
1604 109
1614 109
1624 109
1633 114
1643 114
1653 114
1663 114
1673 114
1683 114
1693 114
1703 114
1713 114
1723 114
1733 115
1743 119
1753 119
1763 119
1773 119
1783 119
1793 119
1803 119
1813 119
1823 120
1833 124
1843 124
1853 124
1863 124
1873 125
1882 130
1890 137
1899 142
1909 146
1913 156
1920 164
1925 173
1930 182
1930 192
1930 202
1930 212
1935 221
1935 231
1935 241
1935 251
1935 261
1935 271
1935 281
1935 291
1935 301
1935 311
1938 321
1940 331
1940 341
1940 351
1940 361
1940 371
1945 380
1945 390
1945 400
1945 410
1945 420
1945 430
1945 440
1945 450
1945 460
1945 470
1945 480
1945 490
1945 500
1945 510
1945 520
1940 530
1940 540
1940 550
1940 560
1940 570
1940 580
1940 590
1940 600
1940 610
1940 620
1935 635
1935 645
1930 655
1930 665
1930 675
1930 685
1925 695
1918 708
1910 715
1902 724
1893 730
1884 735
1874 737
1864 740
1854 740
1844 740
1834 740
1824 742
1814 745
1804 745
1794 745
1784 745
1774 745
1764 745
1754 747
1744 750
1734 750
1724 750
1714 750
1704 750
1694 750
1684 750
1674 750
1664 750
1654 750
1644 752
1634 755
1624 755
1614 755
1604 755
1594 755
1584 755
1574 755
1564 755
1554 755
1544 755
1534 755
1524 755
1514 755
1504 755
1494 755
1484 755
1474 755
1464 755
1454 755
1444 755
1434 755
1424 755
1414 755
1404 755
1394 755
1384 755
1374 755
1364 755
1354 755
1344 755
1334 755
1324 755
1314 755
1304 755
1294 755
1284 755
1274 755
1264 755
1254 755
1245 760
1235 765
1225 765
1215 765
1206 770
1196 770
1186 770
1176 770
1167 775
1157 775
1147 779
1137 780
1127 780
1117 784
1107 785
1097 789
1087 790
1077 790
1068 795
1059 800
1049 800
1040 805
1030 805
1020 805
1010 805
1000 805
990 805
980 805
970 805
960 805
950 805
940 805
930 805
920 805
910 805
900 805
890 805
880 805
870 805
860 805
850 805
840 805
830 805
820 805
810 805
800 802
790 800
780 798
774 790
765 785
757 779
752 770
749 760
740 755
730 755
720 755
711 760
701 760
691 760
681 760
672 755
662 755
655 747
647 740
638 735
629 730
620 725
610 722
602 715
595 707
587 700
584 690
574 687
570 677
564 669
559 660
557 650
554 640
554 630
549 621
544 612
544 602
544 592
539 583
534 574
534 564
534 554
529 545
529 535
529 525
529 515
524 506
524 496
524 486
524 476
524 466
524 456
519 447
519 437
524 427
524 417
524 407
524 397
524 387
524 377
524 367
524 357
524 347
529 332
529 322
529 312
534 297
539 282
544 273
544 263
544 253
537 245
527 245
517 245
507 245
497 245
487 245
477 245
467 245
457 245
447 245
437 245
427 245
417 245
407 245
397 245
387 245
377 245
367 245
358 240
348 240
338 240
329 235
319 235
309 235
301 229
294 221
294 211
