214 237
214 227
219 217
229 212
239 209
249 209
258 204
268 204
278 204
288 204
298 204
308 204
318 204
328 204
338 204
348 204
358 204
368 204
378 204
388 204
398 204
407 199
417 199
427 199
437 199
447 199
457 199
467 199
477 199
487 199
497 199
507 199
517 199
526 194
536 194
545 189
554 184
563 179
573 179
583 179
593 179
602 174
612 174
622 174
632 174
642 174
652 174
662 174
672 174
682 174
692 174
702 169
712 169
722 169
732 169
742 169
752 169
762 169
772 169
782 169
792 169
802 169
812 169
822 169
832 169
842 169
852 169
862 169
872 169
882 169
892 169
902 169
912 169
922 169
931 174
941 174
951 174
961 174
971 174
981 174
991 174
1001 174
1011 174
1020 179
1030 179
1040 179
1050 179
1060 179
1070 179
1080 179
1090 179
1100 179
1110 179
1120 179
1130 179
1140 179
1150 179
1160 179
1170 179
1180 179
1190 179
1200 179
1210 179
1220 179
1230 179
1240 179
1250 179
1260 179
1270 179
1280 179
1290 179
1300 179
1310 179
1320 179
1330 176
1340 174
1350 174
1360 174
1370 174
1380 174
1390 174
1400 174
1410 174
1420 174
1430 174
1440 174
1450 174
1460 174
1470 174
1480 174
1490 174
1500 174
1510 174
1520 174
1530 174
1540 174
1550 174
1560 174
1570 174
1580 174
1590 174
1600 174
1610 174
1620 174
1629 179
1639 179
1649 179
1659 179
1669 179
1679 179
1689 179
1699 179
1709 179
1718 184
1728 184
1738 184
1748 184
1758 185
1768 189
1778 189
1788 189
1798 190
1807 195
1817 199
1826 204
1834 211
1840 219
1845 228
1850 237
1855 246
1855 256
1860 265
1860 275
1860 285
1860 295
1860 305
1860 315
1860 325
1865 334
1865 344
1865 354
1865 364
1865 374
1865 384
1865 394
1865 404
1865 414
1865 424
1870 433
1870 443
1870 453
1865 470
1865 480
1865 490
1865 500
1865 510
1865 520
1865 530
1865 540
1865 550
1865 560
1860 570
1860 580
1860 590
1860 600
1860 610
1860 620
1855 630
1852 649
1847 659
1839 667
1831 675
1822 680
1813 685
1803 685
1793 688
1783 690
1773 690
1763 690
1753 693
1743 695
1733 695
1723 695
1713 695
1704 700
1694 700
1684 700
1675 695
1665 695
1655 700
1645 700
1635 700
1625 700
1615 700
1605 700
1595 700
1585 700
1575 700
1565 700
1555 700
1545 700
1535 705
1525 705
1515 705
1505 705
1495 705
1485 705
1475 705
1465 705
1455 705
1445 705
1436 710
1426 710
1416 710
1406 710
1396 710
1386 710
1376 710
1366 709
1357 704
1347 700
1338 695
1328 695
1318 695
1309 700
1299 700
1289 700
1280 695
1270 695
1261 700
1251 700
1242 705
1232 705
1222 705
1212 705
1202 705
1193 700
1184 695
1175 690
1165 690
1155 690
1145 690
1135 690
1125 690
1115 690
1105 690
1095 690
1085 690
1075 690
1065 690
1055 690
1045 690
1035 690
1025 690
1015 690
1005 695
995 695
985 695
975 695
965 695
955 695
945 695
935 695
925 695
915 695
905 695
895 700
885 700
875 700
865 700
855 700
845 700
835 705
825 705
815 705
805 705
795 710
785 715
775 715
765 715
755 715
746 710
737 705
728 700
718 700
708 700
698 700
688 700
678 703
668 705
658 705
648 705
639 700
629 700
620 695
610 692
600 690
590 687
580 685
570 685
560 682
550 680
541 675
531 674
522 669
512 665
503 660
495 653
486 648
481 639
477 629
472 620
468 610
460 603
454 595
449 586
444 577
444 567
444 557
444 547
444 537
449 526
449 516
444 507
444 497
444 487
444 477
444 467
444 457
444 447
444 437
444 427
444 417
444 407
444 397
444 387
444 377
449 367
449 357
449 347
449 337
449 327
454 315
449 306
441 300
432 295
422 295
412 295
402 295
392 295
382 294
372 290
362 290
352 290
342 290
332 290
322 290
312 290
302 290
292 290
282 290
272 290
262 290
253 285
243 285
234 280
226 274
219 266
214 257
214 247
