114 542
114 532
119 522
127 514
137 514
147 509
157 509
167 509
177 509
187 509
196 504
206 504
216 504
226 504
236 504
246 504
256 504
266 504
276 504
286 504
296 504
306 500
316 495
324 487
329 476
329 466
329 456
329 446
329 436
329 426
329 416
329 406
329 396
329 386
329 376
329 366
329 356
329 346
329 336
329 326
329 316
329 306
324 297
324 287
324 277
329 261
329 251
324 242
324 232
329 222
334 212
339 197
339 187
344 172
344 162
349 152
357 144
365 136
373 129
382 124
392 124
402 119
412 119
422 119
432 119
442 114
452 114
462 114
472 114
481 109
491 109
501 109
511 109
521 109
531 109
541 109
551 109
561 105
571 104
581 104
591 104
601 104
610 99
620 99
630 99
640 99
650 99
660 99
670 102
680 104
690 104
700 104
710 104
720 104
730 101
740 99
750 99
760 99
770 99
780 99
789 104
799 104
809 104
818 99
828 99
838 99
848 99
858 99
868 99
878 99
888 99
898 99
908 99
918 99
928 99
938 99
948 99
958 99
968 99
978 99
988 99
998 99
1008 99
1018 99
1028 99
1038 99
1047 104
1057 104
1067 104
1077 104
1087 104
1097 104
1107 104
1117 104
1127 104
1137 104
1147 104
1157 104
1167 104
1176 99
1186 95
1196 94
1206 94
1216 94
1226 94
1235 99
1244 104
1254 106
1264 109
1274 109
1284 109
1294 109
1304 109
1314 109
1324 109
1334 109
1344 109
1354 109
1364 109
1374 109
1384 109
1394 109
1404 109
1414 109
1424 109
1434 109
1444 109
1454 109
1464 109
1474 109
1484 109
1494 109
1504 109
1514 109
1524 109
1534 109
1544 109
1554 109
1564 109
1574 109
1584 109
1594 109
1604 109
1614 109
1624 109
1634 109
1644 109
1654 109
1664 109
1674 109
1684 109
1694 109
1704 111
1710 119
1715 128
1720 137
1725 146
1730 155
1730 165
1730 175
1730 185
1730 195
1730 205
1730 215
1730 225
1735 234
1735 244
1735 254
1740 263
1740 273
1740 283
1740 293
1740 303
1740 313
1740 323
1740 333
1740 343
1740 353
1740 363
1735 375
1735 385
1735 395
1735 405
1735 415
1735 425
1735 435
1735 445
1735 455
1735 465
1735 475
1735 485
1735 495
1735 505
1735 515
1735 525
1735 535
1735 545
1730 560
1723 573
1715 580
1705 585
1695 585
1685 585
1675 585
1665 585
1655 585
1645 585
1635 585
1626 590
1616 590
1606 590
1596 590
1586 590
1576 590
1566 590
1556 590
1546 590
1536 590
1526 590
1516 590
1507 595
1497 594
1487 590
1477 590
1467 590
1457 590
1447 590
1437 590
1428 595
1418 595
1408 595
1398 595
1388 595
1378 595
1368 595
1358 595
1348 595
1338 595
1328 595
1318 595
1308 595
1298 595
1288 595
1278 595
1268 595
1258 595
1248 595
1238 598
1228 603
1218 605
1208 605
1198 605
1189 600
1179 600
1169 600
1159 602
1149 605
1139 605
1129 605
1119 605
1109 605
1099 605
1089 605
1079 605
1069 605
1059 605
1050 610
1040 610
1030 610
1020 610
1010 610
1000 610
990 610
980 610
971 615
961 615
951 615
941 615
931 615
921 615
911 615
901 615
891 615
881 615
871 615
861 615
851 615
841 615
831 615
821 615
811 615
801 615
791 615
781 615
771 615
761 615
751 615
741 615
731 615
721 615
711 615
701 615
691 615
681 615
671 615
661 615
651 615
641 615
631 615
621 615
611 615
601 615
591 615
581 615
571 615
561 615
551 615
541 615
531 613
521 610
511 610
501 610
491 610
481 610
471 608
461 605
451 605
441 603
431 600
421 600
411 600
401 600
392 595
382 595
373 590
363 590
353 590
343 590
333 590
323 590
313 590
303 590
294 585
284 585
274 585
264 585
254 585
244 585
234 585
224 585
214 585
204 585
194 585
184 585
174 585
164 585
154 585
144 585
134 585
126 579
119 571
114 562
114 552
