199 237
199 227
204 212
209 202
217 194
227 194
237 194
246 189
256 185
266 184
276 184
286 184
296 184
306 184
316 184
326 184
336 184
346 184
356 184
366 184
376 184
386 184
396 184
406 184
416 184
426 184
436 184
446 184
456 184
466 184
476 184
486 184
495 189
505 189
515 189
525 189
534 184
544 184
553 179
562 174
571 169
580 164
590 164
600 164
609 159
619 159
629 159
639 159
649 159
659 159
669 159
678 154
688 154
698 154
707 149
717 149
727 149
736 144
746 144
756 144
766 144
776 144
786 144
795 139
805 139
815 139
825 139
835 139
845 139
855 139
865 139
875 139
885 139
895 139
905 139
915 139
924 144
934 144
944 144
954 144
964 144
974 144
984 144
994 144
1004 144
1014 144
1024 144
1034 144
1044 144
1054 144
1064 144
1074 144
1084 144
1094 144
1104 144
1114 144
1124 144
1134 144
1144 144
1154 144
1164 144
1174 144
1184 144
1194 144
1204 144
1214 144
1223 149
1233 149
1242 144
1252 144
1261 149
1271 149
1281 149
1291 145
1301 144
1311 144
1321 144
1331 144
1341 144
1351 144
1360 149
1370 149
1380 149
1390 149
1400 149
1410 149
1420 149
1430 149
1440 149
1450 149
1460 149
1470 149
1480 149
1490 149
1500 149
1510 149
1520 149
1530 149
1540 149
1550 149
1560 149
1570 149
1580 149
1590 149
1600 149
1610 149
1620 149
1630 149
1640 149
1650 149
1660 149
1670 149
1680 149
1690 149
1700 149
1710 149
1720 149
1730 149
1740 149
1750 149
1760 152
1770 154
1780 154
1790 154
1800 154
1809 149
1819 149
1829 149
1839 149
1849 149
1859 149
1869 149
1879 149
1889 149
1899 149
1909 149
1919 149
1929 151
1939 154
1949 154
1959 154
1969 154
1979 154
1989 154
1999 156
2008 161
2015 169
2023 175
2027 185
2030 195
2030 205
2030 215
2032 225
2035 235
2035 245
2035 255
2035 265
2035 275
2035 285
2035 295
2035 305
2035 315
2035 325
2035 335
2035 345
2035 355
2035 365
2037 375
2040 385
2040 395
2040 405
2040 415
2040 425
2040 435
2040 445
2040 455
2040 465
2040 475
2040 485
2040 495
2040 505
2040 515
2040 525
2040 535
2040 545
2040 555
2040 565
2040 575
2040 585
2040 595
2040 605
2035 620
2035 630
2035 640
2035 650
2035 660
2035 670
2035 680
2035 690
2035 700
2035 710
2035 720
2035 730
2030 740
2030 750
2030 760
2030 770
2030 780
2025 790
2017 804
2009 810
2000 815
1990 815
1980 820
1970 820
1960 820
1950 820
1940 820
1930 820
1920 820
1910 820
1900 820
1890 820
1880 820
1870 820
1860 820
1850 820
1840 820
1830 820
1820 820
1810 820
1800 820
1790 820
1780 820
1770 820
1760 820
1750 820
1740 820
1730 820
1720 820
1710 820
1700 820
1690 820
1680 820
1670 820
1660 820
1650 820
1640 820
1630 820
1620 820
1610 820
1600 820
1590 820
1580 820
1570 820
1560 820
1550 820
1540 820
1530 820
1520 820
1510 820
1500 820
1490 820
1480 820
1470 820
1460 820
1450 820
1440 820
1430 820
1420 820
1410 820
1400 820
1390 820
1380 820
1370 820
1360 820
1350 820
1340 820
1330 820
1320 820
1310 820
1300 820
1290 820
1280 820
1270 820
1260 820
1251 815
1241 815
1231 815
1221 815
1211 815
1201 815
1192 820
1182 820
1172 820
1162 819
1152 815
1142 815
1132 815
1122 815
1112 815
1102 815
1093 820
1084 825
1075 830
1065 830
1055 832
1045 830
1036 825
1027 820
1017 820
1008 815
998 815
988 815
978 815
968 815
958 815
949 820
939 822
929 825
919 825
910 830
901 825
891 825
882 820
873 815
864 810
854 810
844 810
834 810
824 810
814 810
804 810
794 810
784 810
774 810
764 810
754 810
744 810
734 810
724 810
714 810
704 810
694 810
684 810
675 805
666 800
657 795
647 795
637 795
627 795
617 794
607 790
597 790
587 790
578 785
568 785
558 785
549 780
541 774
532 769
524 762
519 753
514 744
511 734
509 724
504 715
504 705
504 695
502 685
499 675
499 665
497 655
494 645
494 635
494 625
494 615
489 606
489 596
489 586
489 576
489 566
489 556
489 546
489 536
484 527
484 517
484 507
484 497
484 487
484 477
484 467
489 452
489 442
489 432
489 422
489 412
489 402
489 392
494 377
494 367
494 357
494 347
499 332
499 322
504 312
500 302
492 295
482 295
472 295
462 295
452 295
442 295
432 295
422 295
412 295
403 290
393 290
383 290
373 290
363 290
353 290
343 290
333 290
323 290
314 285
304 285
294 285
284 285
274 285
265 280
255 280
245 277
235 275
225 275
215 273
209 265
204 256
204 246
