134 232
134 222
139 212
147 204
156 199
166 199
176 195
186 194
196 194
206 194
216 194
226 194
236 194
246 194
256 194
266 194
276 194
286 194
295 189
305 189
315 189
325 189
335 189
345 189
355 189
365 189
375 189
385 189
395 189
405 189
415 189
425 189
434 184
444 182
454 179
464 179
474 179
484 179
494 179
504 179
514 179
524 177
534 174
544 174
553 169
563 169
573 169
583 169
593 169
603 169
613 169
623 169
633 169
643 169
653 169
663 169
673 169
683 169
693 169
703 169
712 174
721 169
731 169
741 169
750 174
759 169
769 171
779 174
789 174
799 174
809 174
819 174
829 174
839 174
849 174
859 174
869 174
879 174
889 174
899 174
909 174
919 174
929 174
939 174
948 179
958 179
968 179
978 179
987 174
996 179
1006 179
1015 174
1025 177
1035 179
1045 179
1055 179
1064 174
1074 174
1084 174
1094 174
1103 179
1113 179
1123 179
1133 179
1143 179
1153 179
1163 179
1173 179
1183 179
1192 174
1202 174
1212 174
1222 174
1232 169
1242 169
1252 169
1262 169
1272 169
1282 169
1292 169
1302 169
1312 169
1322 169
1332 169
1342 169
1352 169
1362 169
1372 169
1382 169
1392 169
1402 169
1412 169
1422 169
1432 169
1442 169
1452 169
1462 169
1472 169
1482 169
1492 169
1502 169
1512 169
1522 169
1532 169
1542 169
1552 169
1562 169
1572 169
1582 169
1592 169
1602 169
1612 169
1622 169
1632 169
1642 169
1652 169
1662 169
1672 169
1681 174
1691 174
1701 174
1711 174
1721 174
1731 174
1740 179
1750 179
1760 179
1769 184
1779 184
1789 184
1799 184
1809 184
1819 184
1829 184
1839 184
1849 184
1859 184
1869 184
1879 184
1888 189
1895 197
1900 206
1905 215
1905 225
1905 235
1905 245
1905 255
1910 264
1910 274
1910 284
1910 294
1910 304
1910 314
1910 324
1910 334
1910 344
1910 354
1910 364
1915 373
1915 383
1915 393
1915 403
1915 413
1915 423
1915 433
1915 443
1915 453
1915 463
1915 473
1920 482
1920 492
1920 502
1920 512
1920 522
1920 532
1915 550
1915 560
1915 570
1915 580
1915 590
1915 600
1915 610
1915 620
1915 630
1915 640
1915 650
1915 660
1915 670
1910 685
1905 700
1897 710
1888 715
1878 715
1868 715
1858 715
1848 715
1838 715
1828 715
1818 715
1808 715
1798 715
1788 715
1778 715
1768 715
1758 715
1748 715
1739 720
1729 720
1719 720
1709 720
1699 720
1689 720
1679 720
1669 720
1659 720
1649 720
1639 720
1629 720
1619 720
1609 720
1599 720
1589 720
1579 720
1569 720
1559 720
1549 720
1539 720
1529 720
1519 720
1509 720
1499 720
1489 720
1479 720
1469 720
1459 720
1449 720
1439 720
1429 720
1419 720
1409 720
1399 720
1389 720
1379 720
1369 720
1359 720
1350 715
1340 715
1330 720
1320 720
1310 720
1300 720
1290 720
1280 720
1270 720
1260 720
1250 717
1240 715
1230 715
1220 712
1210 710
1200 710
1190 710
1180 710
1170 710
1160 710
1150 710
1140 710
1130 710
1120 710
1110 710
1100 710
1090 710
1080 710
1070 710
1060 710
1050 715
1041 720
1031 720
1022 725
1012 725
1002 725
992 725
983 720
973 720
963 720
954 715
945 710
935 710
925 710
915 715
905 720
895 720
885 720
875 720
865 720
855 720
845 720
835 717
825 713
816 708
806 705
796 705
786 705
776 705
766 705
757 710
747 714
737 710
727 710
717 710
707 714
697 715
687 715
677 715
667 715
657 715
647 715
637 714
627 710
617 709
607 705
598 700
588 700
578 700
568 700
558 700
548 700
538 700
528 700
519 695
510 690
502 684
492 680
485 672
477 665
470 657
465 648
461 638
456 629
454 619
449 610
449 600
444 591
444 581
444 571
444 561
439 552
439 542
439 532
439 522
439 512
439 502
439 492
439 482
439 472
439 462
439 452
439 442
439 432
439 422
444 407
444 397
444 387
444 377
444 367
444 357
449 347
449 337
449 327
449 317
449 307
449 297
449 287
440 282
430 280
420 280
410 280
400 280
390 280
380 280
370 280
360 280
350 280
340 280
330 280
320 280
310 280
301 275
291 275
281 275
271 275
261 275
251 275
241 275
231 275
221 275
211 275
201 275
191 275
182 270
172 270
163 265
153 265
144 260
139 251
134 242
