99 127
99 117
107 109
114 97
114 87
119 77
127 69
134 57
142 49
151 44
161 44
171 45
179 39
189 39
198 34
207 29
217 29
227 29
236 34
240 44
250 47
255 56
261 64
265 74
273 80
275 90
275 100
275 110
275 120
277 130
285 137
294 142
302 149
312 149
322 149
332 149
342 149
352 149
362 144
372 144
382 144
392 144
402 144
409 132
414 122
414 112
419 97
424 82
424 72
424 62
429 47
434 37
439 27
447 19
457 19
467 14
477 14
487 14
497 14
507 14
517 14
526 19
525 35
525 45
530 54
535 63
543 69
528 78
520 85
520 95
520 105
525 114
525 124
533 130
540 138
540 148
545 157
545 167
545 177
545 187
545 197
549 207
550 217
550 227
543 238
535 245
533 263
525 270
518 278
513 288
505 295
498 303
490 310
483 318
475 325
469 337
459 340
450 345
440 345
430 350
420 350
410 350
400 350
390 350
380 350
370 350
360 360
360 370
365 379
374 384
384 384
394 384
404 384
410 392
410 402
407 419
397 420
388 415
379 410
370 405
360 415
354 407
354 397
347 389
337 385
330 377
320 375
313 383
305 390
310 399
320 399
328 405
337 410
332 425
322 429
312 429
302 425
292 425
282 425
272 424
264 417
264 407
274 404
284 402
289 393
289 383
285 373
279 365
279 355
269 355
260 350
252 344
242 340
233 335
224 330
215 325
205 322
195 318
188 310
180 303
174 295
166 288
161 279
159 269
159 259
159 249
159 239
159 229
159 219
154 210
154 200
149 191
144 182
137 174
132 165
125 157
120 148
114 140
104 136
