4 647
4 637
9 622
9 612
9 602
9 592
9 582
14 567
22 559
24 545
24 535
20 525
14 517
14 507
14 497
14 487
19 477
14 462
14 452
14 442
14 432
19 422
24 407
24 397
32 389
40 381
45 371
53 364
59 352
67 344
75 336
85 334
94 327
102 319
110 311
124 309
119 300
114 291
114 281
109 272
109 262
109 252
114 237
124 234
134 236
140 244
150 247
160 249
169 254
179 254
189 254
199 254
209 254
219 254
228 259
238 259
248 259
258 259
268 260
277 265
287 269
297 269
307 269
316 274
325 279
335 282
343 289
352 294
359 302
367 309
370 319
380 319
390 322
397 330
402 339
405 349
410 358
418 364
425 372
430 381
430 391
435 400
435 410
437 420
440 430
440 440
440 450
445 459
445 469
440 485
440 495
440 505
435 515
430 525
425 540
425 550
430 559
440 559
450 559
460 556
470 554
479 547
489 544
498 539
505 531
513 524
520 516
525 506
530 496
534 481
534 471
534 461
529 452
525 442
519 434
516 424
512 414
504 407
500 397
494 389
489 380
484 371
479 362
479 352
472 344
467 335
464 325
464 315
459 306
459 296
454 287
454 277
454 267
454 257
454 247
454 237
454 227
454 217
459 207
459 197
460 180
451 175
442 180
432 179
422 175
413 170
404 165
394 161
389 152
389 142
394 127
394 117
404 107
404 97
414 92
414 82
424 79
429 67
439 62
449 59
459 59
469 59
475 51
485 49
495 52
504 57
514 52
524 49
534 49
542 55
552 59
561 54
571 54
581 54
589 61
598 66
608 69
617 74
625 80
630 89
640 89
650 92
660 94
670 97
677 105
678 123
670 130
670 140
670 150
665 160
655 165
660 174
669 179
675 187
680 196
680 206
680 216
689 221
695 229
700 238
705 247
705 257
703 268
695 275
685 275
705 279
714 284
724 284
733 289
743 290
753 294
762 299
771 304
781 304
790 309
798 315
807 320
815 327
824 332
832 339
839 347
847 354
854 362
862 369
869 377
874 386
880 394
885 403
890 412
895 421
900 430
902 440
907 449
910 459
910 469
915 478
915 488
920 497
920 507
920 517
920 527
920 537
925 546
925 556
925 566
925 576
925 586
925 596
925 606
923 618
918 628
910 635
903 648
898 658
893 668
888 678
880 685
873 698
865 705
858 713
850 720
844 730
835 735
828 743
820 750
815 760
815 770
810 780
805 790
800 805
798 823
793 833
788 843
783 853
778 863
770 870
765 885
765 895
760 910
755 925
750 935
745 945
740 955
735 970
735 980
735 990
735 1000
737 1010
740 1020
742 1030
745 1040
747 1050
750 1060
752 1070
760 1077
760 1087
764 1097
765 1107
770 1116
775 1125
780 1134
780 1144
788 1150
793 1159
800 1167
810 1169
820 1172
830 1174
840 1177
850 1179
860 1179
870 1179
880 1179
890 1179
900 1179
910 1179
920 1182
927 1190
932 1199
935 1209
932 1219
924 1227
914 1232
904 1235
894 1235
885 1240
876 1245
867 1250
857 1250
847 1250
837 1250
828 1245
820 1238
811 1233
801 1229
792 1224
782 1220
772 1220
762 1220
752 1220
742 1220
732 1224
722 1229
712 1234
702 1239
694 1245
689 1236
684 1227
694 1222
694 1212
694 1202
694 1192
704 1187
712 1179
721 1174
729 1160
719 1160
709 1160
699 1156
699 1146
699 1136
694 1127
702 1119
701 1103
696 1094
694 1084
689 1075
684 1066
679 1057
674 1048
670 1038
663 1030
655 1023
649 1015
640 1010
630 1008
624 1000
619 991
614 982
614 972
619 963
612 955
605 947
597 940
588 935
578 938
570 945
563 953
555 960
547 969
538 975
528 978
520 985
513 993
505 1000
498 1013
493 1023
485 1030
480 1040
470 1050
465 1060
458 1073
450 1080
440 1085
433 1093
425 1100
420 1110
420 1120
415 1135
410 1145
410 1155
410 1165
412 1175
422 1179
431 1184
441 1184
450 1189
459 1194
469 1194
479 1196
489 1199
499 1199
509 1199
519 1199
529 1201
535 1209
535 1220
540 1229
545 1238
550 1247
543 1260
534 1255
525 1250
516 1245
507 1240
497 1240
487 1240
477 1240
467 1239
457 1235
447 1235
438 1230
428 1230
418 1230
409 1225
403 1233
395 1240
386 1245
377 1240
367 1240
357 1240
347 1240
344 1230
344 1220
344 1210
339 1201
334 1192
334 1182
342 1174
339 1157
339 1147
347 1139
355 1131
365 1126
374 1117
374 1107
374 1097
379 1082
384 1072
389 1062
394 1052
399 1037
404 1022
409 1007
414 997
419 984
416 974
412 964
407 955
403 945
394 940
385 935
375 933
369 925
360 920
350 920
340 930
340 940
340 950
340 960
335 975
333 988
325 995
318 1003
308 1005
299 1000
297 990
294 980
290 950
290 960
290 970
280 980
280 990
275 1005
270 1015
260 1020
260 1030
255 1040
250 1050
241 1055
231 1055
221 1054
219 1044
219 1034
219 1024
219 1014
219 1004
214 995
212 985
209 975
208 965
200 958
194 950
194 940
193 930
184 925
184 915
179 906
179 896
174 887
167 879
159 872
149 875
140 880
138 898
130 905
120 905
112 914
104 920
94 920
84 920
74 920
64 916
59 907
59 897
64 887
74 877
74 867
74 857
82 850
80 840
74 832
74 822
74 812
79 795
70 790
60 790
54 800
45 805
38 813
30 820
20 820
10 820
4 812
4 802
4 792
9 782
14 772
14 762
19 751
19 741
19 731
14 722
14 712
14 702
14 692
14 675
9 666
4 657
