24 262
24 252
29 237
34 227
42 219
52 214
60 206
64 195
64 185
59 176
54 167
47 159
42 150
39 140
34 131
29 122
34 112
39 97
44 87
54 82
64 77
72 69
82 64
92 64
102 64
112 64
122 64
131 69
140 74
149 79
159 81
168 86
175 94
180 103
180 113
180 123
180 133
180 143
180 153
180 163
180 173
175 190
175 200
175 210
180 219
185 228
190 237
190 247
190 257
195 266
195 276
195 286
195 296
200 305
202 315
205 325
210 334
210 344
215 353
220 362
227 370
235 377
242 385
245 395
245 405
243 418
235 425
225 430
215 430
210 440
210 450
203 458
195 465
185 470
180 480
180 490
180 500
180 510
175 520
170 530
170 540
170 550
165 565
165 575
165 585
160 595
165 604
170 613
180 614
189 619
198 624
207 629
213 643
205 650
195 655
185 660
175 660
165 660
156 665
146 665
136 665
126 665
117 660
107 660
97 660
88 655
79 650
74 641
69 632
74 621
74 611
74 601
74 591
69 582
69 572
69 562
69 552
69 542
74 532
79 523
79 513
79 503
79 493
75 483
69 475
61 468
56 459
54 449
54 439
49 430
44 421
44 411
39 402
39 392
44 379
44 369
44 359
39 350
39 340
39 330
39 320
39 310
37 300
34 290
29 281
24 272
