24 267
24 257
32 249
39 237
47 229
57 224
65 216
69 197
64 188
57 180
54 170
46 164
39 156
34 147
34 137
34 127
39 117
47 109
55 101
63 94
70 86
80 81
90 79
100 79
110 79
120 79
130 79
139 84
149 86
158 91
168 95
175 103
180 112
184 122
185 132
190 141
185 155
185 165
185 175
180 190
180 200
175 215
180 224
185 233
190 242
194 252
195 262
195 272
200 281
200 291
200 301
200 311
205 320
210 329
210 339
215 348
215 358
215 368
220 377
225 386
228 396
233 405
235 415
235 425
230 435
223 443
215 450
215 460
208 473
200 480
200 490
200 500
200 510
195 525
190 540
185 555
185 565
185 575
180 585
175 600
175 610
180 619
188 625
197 630
207 634
216 639
224 646
220 660
211 665
201 665
192 670
183 675
173 675
163 675
153 675
143 675
133 675
124 670
114 670
104 670
96 664
89 656
84 647
84 637
89 625
87 615
84 605
79 596
79 586
79 576
74 567
74 557
79 542
84 527
84 517
84 507
80 497
72 490
65 482
60 473
59 463
54 454
51 444
49 434
49 424
46 414
44 404
44 394
39 385
37 375
34 365
34 355
34 345
34 335
34 325
34 315
29 306
24 297
24 287
24 277
