184 532
184 522
189 512
194 502
202 494
207 484
215 476
225 471
233 464
240 456
248 449
249 431
244 422
237 414
229 407
222 399
217 390
214 380
209 371
204 362
204 352
204 342
204 332
204 322
209 312
214 302
222 294
230 286
240 281
248 274
257 269
267 264
277 264
287 264
297 264
307 264
317 264
327 264
336 269
346 269
355 274
365 277
373 284
382 289
389 297
397 304
404 312
409 321
410 331
410 341
410 351
410 361
410 371
410 381
410 391
415 400
410 410
405 420
400 435
400 445
395 455
400 464
405 473
413 480
417 490
422 499
425 509
425 519
425 529
430 538
435 547
430 565
430 575
430 585
430 595
435 604
440 613
440 623
445 632
445 642
450 651
450 661
455 670
457 680
460 690
460 700
465 709
465 719
470 728
475 737
475 747
468 758
460 765
450 770
445 780
447 790
448 803
440 810
433 818
425 825
427 835
430 845
430 855
433 873
428 883
420 890
415 900
415 910
410 920
410 930
405 945
400 960
395 970
390 980
390 990
385 1000
390 1009
399 1014
408 1019
417 1024
426 1029
436 1029
445 1034
455 1037
460 1046
465 1055
457 1064
448 1070
439 1075
430 1080
420 1085
412 1094
402 1095
392 1095
382 1095
372 1095
362 1095
352 1095
342 1095
332 1095
323 1090
313 1090
304 1085
294 1085
285 1080
277 1074
269 1067
269 1057
269 1047
274 1032
279 1019
276 1009
274 999
269 990
264 981
264 971
259 962
259 952
259 942
259 932
259 922
264 912
269 897
274 882
274 872
274 862
270 852
262 845
252 844
244 837
239 828
234 819
229 810
229 800
224 791
219 782
214 773
214 763
214 753
214 743
214 733
210 723
209 713
204 704
204 694
199 685
199 675
194 666
194 656
194 646
189 637
189 627
194 610
194 600
194 590
189 581
184 572
184 562
184 552
184 542
