204 517
199 527
204 536
204 546
204 556
209 565
212 575
217 584
221 594
224 604
224 614
224 624
224 634
224 644
226 654
229 664
231 674
234 684
229 702
229 712
229 722
229 732
229 742
234 751
234 761
234 771
239 780
244 789
244 799
244 809
249 818
254 827
262 834
269 842
277 849
284 857
284 867
284 877
279 892
274 902
269 912
264 927
264 937
264 947
264 957
269 966
269 976
269 986
274 995
279 1004
274 1022
274 1032
269 1047
269 1057
269 1067
277 1074
285 1080
294 1085
304 1085
313 1090
323 1090
332 1095
342 1095
352 1095
362 1095
372 1095
382 1095
392 1095
402 1095
411 1090
421 1090
430 1085
440 1080
450 1080
460 1075
468 1068
470 1057
462 1050
455 1042
445 1039
435 1037
425 1034
419 1026
409 1022
400 1017
392 1010
390 1000
395 985
400 970
405 960
405 950
405 940
410 930
410 920
410 910
410 900
415 890
420 875
425 860
425 850
425 840
425 830
430 820
440 815
450 815
458 808
465 794
460 785
465 775
474 770
484 770
493 765
503 763
510 755
510 740
510 730
514 717
507 709
499 702
492 694
484 687
477 679
472 670
470 660
465 651
460 642
460 632
455 623
450 614
447 604
442 595
440 585
440 575
440 565
445 553
440 544
440 534
435 525
435 515
435 505
432 495
428 485
420 478
415 469
410 460
410 450
410 440
415 425
420 410
425 399
420 390
420 380
420 370
425 356
425 346
425 336
423 326
419 316
414 307
407 299
399 292
390 287
382 280
373 275
365 269
355 269
346 264
336 264
326 264
317 259
307 259
297 259
287 259
277 264
267 269
258 274
250 281
240 286
232 294
224 302
219 312
214 327
214 337
214 347
214 357
219 366
219 376
224 385
230 393
238 400
245 408
253 415
259 423
264 432
259 447
252 459
244 467
236 474
227 479
219 487
214 497
209 507
