24 267
24 257
29 247
34 237
42 229
50 221
58 214
59 201
59 191
54 182
49 173
44 164
39 155
39 145
34 136
29 127
34 112
39 102
47 94
55 86
63 79
72 74
82 74
92 74
102 74
112 74
122 74
131 79
140 84
150 87
157 95
167 99
174 107
175 117
175 127
175 137
175 147
175 157
180 166
175 180
170 195
170 205
172 215
177 224
184 232
185 242
189 252
190 262
195 271
195 281
190 295
192 305
197 314
200 324
205 333
205 343
210 352
215 361
218 371
220 381
225 390
230 399
230 409
230 419
223 433
215 440
215 450
210 460
203 468
195 475
190 485
190 495
190 505
190 515
185 530
180 540
180 550
180 560
175 570
170 580
165 595
170 604
178 610
187 615
192 624
201 629
210 634
215 643
211 655
201 655
192 660
184 667
174 670
164 670
154 670
144 670
134 670
124 670
115 665
105 662
95 660
87 654
79 647
79 637
79 627
79 617
84 605
84 595
79 586
74 577
74 567
74 557
74 547
79 532
84 517
84 507
84 497
79 488
72 480
65 472
60 463
59 453
54 444
51 434
49 424
49 414
46 404
44 394
44 384
39 375
39 365
39 355
34 346
29 337
34 325
34 315
29 306
24 297
24 287
24 277
