199 527
199 517
204 507
209 497
214 487
222 479
231 474
239 467
247 459
255 451
259 435
257 425
250 417
242 410
235 402
229 394
224 385
219 376
214 367
214 357
214 347
214 337
214 327
214 317
219 307
227 299
235 291
243 284
252 279
260 271
270 266
280 261
290 259
300 259
310 259
320 262
330 264
340 264
350 267
360 269
369 274
378 279
387 284
396 289
404 296
408 306
415 314
420 323
425 332
425 342
420 360
420 370
420 380
420 390
420 400
415 415
410 430
410 440
405 450
405 460
410 469
418 475
425 483
430 492
430 502
430 512
434 522
435 532
439 542
440 552
435 570
435 580
437 590
442 599
445 609
450 618
455 627
455 637
460 646
465 655
467 665
472 674
475 684
480 693
485 702
492 710
497 719
500 729
500 739
495 750
485 760
475 765
465 770
460 780
460 790
458 803
450 810
440 815
430 820
425 830
425 840
425 850
425 860
425 870
420 880
415 890
410 900
410 910
410 920
410 930
405 945
405 955
400 970
395 985
395 995
390 1005
395 1014
404 1019
413 1024
422 1029
429 1037
439 1041
449 1044
459 1046
465 1054
470 1063
463 1073
455 1080
445 1080
435 1080
426 1085
417 1090
407 1094
397 1095
387 1095
377 1095
367 1095
357 1095
347 1095
337 1095
328 1090
318 1090
309 1085
299 1085
289 1085
281 1079
274 1071
269 1062
269 1052
269 1042
274 1032
274 1022
279 1009
274 1000
272 990
269 980
269 970
264 961
259 952
259 942
259 932
264 917
269 907
274 892
279 883
279 873
279 863
276 853
271 844
262 839
254 832
250 822
244 814
241 804
239 794
239 784
234 775
234 765
234 755
229 746
229 736
229 726
224 717
224 707
229 693
229 683
224 674
224 664
219 655
217 645
214 635
214 625
214 615
214 605
212 595
209 585
204 576
204 566
199 557
199 547
199 537
