194 527
194 517
199 507
204 497
209 487
217 479
225 471
235 466
243 459
250 451
254 438
254 428
249 419
244 410
234 407
227 399
222 390
219 380
214 371
209 362
209 352
209 342
209 332
209 322
214 312
219 302
227 294
235 286
243 279
252 274
262 269
272 264
282 264
291 259
301 259
311 259
320 264
330 264
340 267
350 269
360 272
369 277
377 284
386 289
394 296
400 304
408 310
415 318
420 327
420 337
420 347
415 365
415 375
415 385
417 395
415 410
410 420
410 430
405 440
400 455
405 464
410 473
418 480
422 490
425 500
427 510
430 520
432 530
435 540
440 549
435 565
435 575
435 585
437 595
442 604
445 614
450 623
450 633
455 642
459 652
460 662
465 671
470 680
470 690
475 699
475 709
480 718
485 727
485 737
480 755
470 765
463 773
455 780
455 790
455 800
450 810
440 815
433 823
425 830
425 840
430 849
430 859
430 869
425 880
420 890
415 900
415 910
410 925
410 935
410 945
405 955
405 965
400 975
395 990
395 1000
397 1010
405 1017
413 1024
422 1029
429 1037
439 1041
449 1044
459 1046
465 1054
467 1069
459 1077
449 1080
439 1082
429 1085
420 1090
410 1090
401 1095
391 1095
381 1095
371 1095
361 1095
351 1095
341 1095
331 1093
321 1090
311 1088
301 1085
291 1083
281 1079
274 1071
269 1062
269 1052
269 1042
274 1027
279 1014
277 1004
272 995
269 985
264 976
264 966
259 957
259 947
259 937
259 927
264 912
269 902
274 892
279 879
279 869
276 859
272 849
264 842
255 837
247 830
244 820
239 811
239 801
239 791
234 782
229 773
229 763
225 753
224 743
224 733
224 723
224 713
224 703
224 693
219 684
216 674
214 664
211 654
209 644
204 635
204 625
204 615
204 605
204 595
204 585
199 576
194 567
194 557
194 547
194 537
