189 532
189 522
194 512
199 502
204 492
212 484
220 476
228 469
237 464
244 452
249 437
249 427
244 418
237 410
230 402
222 395
219 385
214 376
209 367
209 357
209 347
209 337
209 327
209 317
214 307
222 299
230 291
238 284
247 279
255 271
265 266
275 264
285 264
295 264
305 264
315 264
325 264
335 264
344 269
354 271
363 276
373 280
380 288
390 292
397 300
405 307
410 316
415 325
417 335
415 350
415 360
415 370
415 380
415 390
415 400
410 415
405 425
405 435
400 445
400 455
402 465
407 474
414 482
420 490
425 499
425 509
425 519
430 528
430 538
435 547
435 557
430 575
430 585
435 594
440 603
445 612
449 622
450 632
454 642
455 652
460 661
463 671
468 680
470 690
470 700
475 709
480 718
480 728
485 737
482 749
477 759
469 765
460 770
455 780
455 790
455 800
448 813
438 818
430 825
430 835
430 845
430 855
430 865
430 875
425 885
420 895
415 905
415 915
415 925
410 940
410 950
405 960
400 975
395 990
395 1000
397 1010
405 1017
413 1024
422 1029
429 1037
439 1041
449 1044
459 1046
465 1054
468 1068
460 1075
451 1080
441 1080
432 1085
422 1089
412 1094
402 1095
392 1095
382 1095
372 1095
362 1095
352 1095
342 1095
332 1095
323 1090
313 1090
304 1085
294 1085
284 1082
277 1074
269 1067
269 1057
269 1047
274 1037
274 1027
277 1010
274 1000
272 990
269 980
264 971
259 962
259 952
259 942
259 932
259 922
264 912
269 897
274 887
279 872
275 862
270 853
264 845
256 839
249 831
244 822
239 813
234 804
234 794
231 784
229 774
224 765
224 755
219 746
219 736
219 726
219 716
219 706
219 696
214 687
214 677
209 668
209 658
204 649
204 639
204 629
204 619
204 609
204 599
199 590
199 580
194 571
194 561
194 551
189 542
