184 527
184 517
189 507
197 499
202 489
210 481
218 474
227 469
235 461
243 454
249 441
249 431
244 422
237 414
229 407
222 399
217 390
214 380
209 371
204 362
204 352
204 342
204 332
204 322
209 312
214 302
222 294
230 286
238 279
247 274
257 269
267 264
277 264
287 264
297 264
307 264
317 264
327 264
336 269
346 269
355 274
365 277
373 284
382 289
389 297
397 304
404 312
409 321
410 331
410 341
410 351
410 361
410 371
410 381
410 391
410 401
410 411
405 420
400 435
395 450
395 460
400 469
405 478
413 485
420 493
420 503
420 513
425 522
425 532
430 541
430 551
430 561
425 575
425 585
430 594
435 603
440 612
440 622
444 632
445 642
449 652
450 662
455 671
458 681
460 691
460 701
465 710
467 720
470 730
470 740
465 755
458 768
450 775
450 785
450 800
443 813
433 818
425 825
425 835
425 845
430 854
430 864
425 880
420 890
415 900
415 910
415 920
410 935
410 945
405 955
400 970
395 980
390 995
392 1005
397 1014
406 1019
415 1024
425 1027
435 1029
445 1032
454 1037
460 1045
460 1055
456 1065
447 1070
438 1075
429 1080
420 1085
411 1090
402 1095
392 1095
382 1095
372 1095
362 1095
352 1095
342 1095
332 1095
323 1090
313 1090
304 1085
294 1085
285 1080
277 1074
269 1067
269 1057
269 1047
274 1037
274 1027
276 1009
274 999
269 990
269 980
264 971
259 962
259 952
259 942
259 932
259 922
264 912
269 897
274 887
274 877
274 867
274 857
267 849
257 845
250 837
242 830
235 822
230 813
229 803
225 793
219 785
214 776
209 767
209 757
214 748
214 738
209 729
209 719
204 710
202 700
199 690
199 680
194 671
194 661
194 651
189 642
189 632
189 622
194 605
194 595
189 586
189 576
184 567
184 557
184 547
184 537
