24 272
24 262
29 252
37 244
45 236
53 229
60 221
64 205
64 195
62 185
55 177
49 169
44 160
39 151
34 142
34 132
39 117
44 107
52 99
61 94
70 89
79 84
88 79
98 79
108 79
118 79
128 79
137 84
147 84
156 89
164 96
170 104
178 110
182 120
185 130
185 140
185 150
185 160
185 170
185 180
180 195
175 210
177 220
182 229
189 237
194 246
195 256
195 266
200 275
200 285
200 295
200 305
200 315
202 325
205 335
210 344
210 354
215 363
220 372
220 382
220 392
225 401
228 411
230 421
225 435
218 443
210 450
208 468
200 475
200 485
200 495
200 505
200 515
195 530
190 540
185 550
185 560
183 578
175 585
170 595
170 605
175 614
184 619
193 624
203 625
212 630
220 637
220 647
217 659
207 664
198 670
189 675
179 675
169 675
159 675
149 675
139 675
129 675
120 670
110 670
100 668
94 660
89 651
84 642
84 632
89 620
87 610
84 600
79 591
79 581
74 572
74 562
79 552
84 538
84 528
84 518
84 508
78 500
69 495
64 486
59 477
54 468
51 458
46 449
44 439
44 429
44 419
44 409
39 400
37 390
34 380
29 371
29 361
29 351
24 342
29 331
29 321
29 311
24 302
24 292
24 282
