404 852
404 842
409 832
409 822
409 812
414 797
419 787
424 777
429 767
437 759
444 747
452 739
460 731
468 724
472 714
480 706
488 699
497 694
505 686
513 679
522 674
530 666
540 661
548 654
557 649
566 644
575 639
584 632
594 627
604 622
612 614
622 609
632 609
641 604
650 599
659 594
668 589
678 589
688 589
698 589
708 589
718 589
728 589
738 589
748 589
758 589
768 589
778 589
788 589
798 589
808 589
818 589
828 589
838 589
845 581
845 570
835 567
827 560
824 550
824 540
824 530
824 520
824 510
820 500
811 495
802 490
793 485
784 480
774 476
769 467
769 457
777 449
786 444
796 444
806 444
816 444
826 444
836 444
846 444
856 444
866 444
876 444
885 449
895 452
904 457
912 464
913 474
905 480
895 485
885 490
885 500
887 510
895 517
899 527
895 545
895 555
895 565
895 575
895 585
895 595
905 599
915 599
925 599
934 587
942 579
951 574
961 574
971 574
981 574
991 574
1001 574
1011 574
1021 574
1031 574
1040 579
1050 579
1060 582
1070 584
1080 584
1089 589
1099 589
1109 589
1119 589
1129 591
1139 594
1149 594
1159 594
1169 594
1179 596
1188 601
1193 610
1192 629
1187 639
1179 647
1169 650
1159 650
1150 655
1140 655
1130 655
1120 660
1110 660
1101 665
1085 665
1093 671
1103 675
1112 680
1120 687
1128 694
1138 694
1148 694
1158 694
1168 694
1178 694
1188 694
1197 689
1207 689
1217 689
1227 689
1237 689
1247 689
1257 689
1267 689
1276 684
1286 684
1296 684
1306 684
1316 684
1326 684
1335 679
1345 679
1355 679
1365 676
1375 674
1385 671
1395 669
1405 666
1415 661
1425 659
1435 656
1445 654
1455 654
1464 649
1474 649
1484 649
1494 649
1504 649
1514 649
1524 649
1534 649
1544 649
1554 649
1563 654
1572 659
1579 667
1580 677
1580 687
1573 698
1565 705
1555 705
1546 710
1536 710
1526 710
1517 715
1507 719
1497 720
1487 720
1477 724
1467 725
1458 730
1449 735
1439 737
1429 742
1419 747
1409 752
1399 757
1389 760
1380 765
1370 765
1361 770
1351 770
1342 775
1332 775
1323 780
1314 785
1304 787
1294 790
1284 792
1274 795
1265 800
1255 800
1245 800
1236 805
1227 810
1218 815
1209 820
1200 825
1190 825
1180 830
1173 838
1163 843
1153 845
1144 850
1134 852
1124 855
1115 860
1120 869
1129 864
1139 866
1145 874
1150 883
1155 892
1155 902
1160 911
1165 920
1158 928
1150 935
1141 940
1131 940
1121 940
1112 945
1102 945
1092 945
1083 950
1073 950
1063 950
1053 950
1043 950
1033 950
1023 950
1013 950
1004 955
994 957
984 960
975 965
965 965
955 965
945 970
945 980
945 990
945 1000
945 1010
940 1025
930 1035
920 1040
910 1040
900 1040
890 1040
881 1045
871 1045
861 1045
851 1045
841 1045
832 1050
822 1050
812 1050
802 1050
792 1050
783 1055
773 1055
763 1055
753 1055
744 1060
734 1060
724 1060
714 1060
704 1060
694 1060
684 1060
674 1060
664 1060
654 1060
645 1065
635 1065
626 1070
616 1070
607 1075
597 1079
587 1080
577 1080
568 1085
558 1085
548 1085
538 1085
528 1085
518 1085
508 1085
498 1085
488 1085
479 1080
469 1076
464 1067
472 1059
482 1059
492 1059
502 1059
512 1059
522 1059
532 1059
542 1059
552 1059
562 1059
572 1054
581 1049
590 1044
599 1039
608 1034
617 1029
627 1024
637 1024
647 1019
649 1007
654 998
647 990
637 990
627 990
617 990
607 990
597 990
587 990
577 990
567 990
557 990
547 990
538 985
528 985
518 985
508 985
498 985
489 980
480 975
471 970
462 965
452 965
443 960
435 953
428 945
420 938
414 930
409 921
404 912
404 902
404 892
404 882
404 872
404 862
