24 217
24 207
29 192
37 184
39 172
47 164
54 147
62 139
70 131
78 124
85 116
93 109
102 104
112 104
121 99
130 94
140 94
150 94
160 94
170 94
180 94
190 94
200 94
210 94
220 94
229 83
222 75
219 65
215 55
205 55
199 47
199 37
199 27
209 24
219 24
229 24
239 24
249 24
259 24
263 34
255 40
245 40
245 50
245 60
247 70
255 77
265 77
275 79
285 79
295 76
305 77
313 84
323 85
333 89
343 89
352 94
361 89
371 89
380 94
390 97
383 110
374 115
364 115
354 115
345 120
345 130
355 134
365 134
375 132
385 134
394 129
404 129
414 127
424 124
434 122
444 119
454 119
463 124
472 119
482 119
492 119
502 119
512 119
522 114
532 114
542 114
551 109
561 109
571 109
575 125
569 135
559 135
550 140
540 140
531 145
522 150
512 154
502 159
492 164
482 169
473 175
463 178
453 183
443 185
434 190
425 195
415 195
405 195
395 197
385 195
375 200
365 200
355 205
355 220
365 221
375 222
380 231
379 242
374 252
364 255
354 252
344 255
335 260
325 260
315 260
305 260
295 260
285 260
275 265
275 275
272 289
264 295
254 297
244 295
235 300
225 300
215 300
205 305
195 305
185 305
175 305
165 305
155 310
145 310
135 315
125 315
115 315
105 315
95 315
85 315
75 315
65 315
55 315
49 307
54 297
64 296
70 304
80 304
90 304
99 299
109 299
119 299
128 294
138 294
144 286
144 276
136 270
126 270
116 268
106 265
96 265
87 270
78 265
68 265
59 260
49 260
39 260
29 256
24 247
24 237
24 227
