415 881
415 871
420 861
420 851
420 841
420 831
425 816
430 801
435 791
443 784
448 774
455 761
463 754
470 746
475 736
483 730
492 725
496 715
506 710
515 705
523 699
533 694
543 689
550 681
560 676
570 671
580 666
590 661
600 656
610 651
620 650
629 645
639 643
649 638
659 635
668 630
678 629
688 625
697 620
707 620
716 615
725 610
734 605
744 605
754 603
764 600
774 600
784 600
794 600
804 600
814 601
824 605
833 600
842 595
852 595
860 581
865 571
873 564
875 551
880 536
870 535
860 535
850 535
841 530
835 522
830 513
830 503
830 493
823 485
813 485
803 485
794 480
786 474
780 466
788 459
798 455
808 455
818 455
828 455
838 455
848 455
858 455
868 455
878 455
887 460
897 460
907 460
916 465
923 478
915 485
906 490
897 495
888 500
879 505
870 510
871 520
881 524
891 525
899 531
898 543
890 550
890 560
890 570
890 580
890 590
890 600
890 610
899 615
909 615
919 613
926 605
934 598
944 593
954 588
961 580
971 575
981 570
991 570
1001 570
1011 570
1021 570
1031 570
1041 574
1050 579
1058 585
1064 593
1072 600
1081 605
1091 609
1101 610
1111 610
1121 610
1131 610
1141 610
1151 610
1160 615
1168 621
1178 625
1187 630
1196 635
1201 644
1200 655
1192 665
1183 670
1173 670
1163 670
1154 675
1144 675
1134 677
1124 680
1115 685
1105 685
1105 695
1110 704
1120 708
1130 710
1139 715
1149 715
1159 715
1169 715
1179 715
1189 715
1199 715
1209 715
1219 715
1229 715
1238 710
1248 709
1258 705
1267 700
1277 700
1286 695
1296 690
1306 690
1315 685
1325 685
1335 685
1345 685
1355 685
1365 685
1375 685
1385 685
1395 681
1405 680
1415 680
1425 680
1435 680
1445 680
1455 680
1465 680
1475 680
1485 676
1495 675
1505 675
1515 675
1525 675
1535 675
1545 675
1555 678
1563 685
1565 695
1560 705
1551 715
1542 720
1533 725
1523 728
1513 730
1504 735
1495 740
1485 740
1476 745
1467 750
1457 754
1447 759
1437 764
1429 772
1419 777
1409 782
1399 785
1390 790
1380 795
1373 803
1363 808
1353 813
1343 815
1334 820
1325 825
1315 825
1305 825
1295 825
1286 830
1277 835
1267 839
1257 840
1248 845
1239 850
1229 850
1219 850
1210 855
1200 855
1190 860
1180 860
1170 865
1160 870
1150 875
1142 884
1134 890
1125 895
1125 905
1135 906
1145 901
1155 900
1163 906
1170 914
1170 924
1165 940
1160 955
1153 963
1143 965
1134 960
1124 960
1114 960
1104 960
1094 960
1084 960
1074 960
1064 960
1054 960
1044 960
1034 960
1025 965
1015 965
1005 965
995 965
985 970
975 975
965 980
955 980
948 988
940 995
935 1005
935 1015
933 1033
925 1040
915 1045
905 1045
895 1045
885 1050
875 1050
865 1050
855 1050
845 1055
835 1055
825 1055
815 1055
805 1055
795 1055
785 1060
775 1060
765 1060
756 1065
746 1065
736 1065
726 1065
717 1070
707 1070
697 1070
687 1070
678 1075
668 1075
658 1075
649 1080
639 1080
630 1085
620 1085
610 1085
600 1090
590 1090
580 1090
570 1095
560 1095
550 1095
540 1095
530 1095
520 1091
525 1081
533 1075
543 1075
553 1074
563 1070
573 1070
583 1070
592 1065
602 1065
612 1065
621 1060
631 1060
641 1055
651 1055
660 1046
665 1036
665 1026
670 1010
670 1000
670 990
661 985
651 985
641 985
631 985
621 985
611 985
601 985
591 985
581 985
571 985
561 985
551 985
541 985
531 985
521 985
511 985
501 984
492 979
483 974
473 970
464 965
456 959
449 951
441 945
435 937
430 928
425 919
420 910
415 901
415 891
