809 1247
809 1237
817 1229
822 1219
819 1206
814 1197
814 1187
819 1172
819 1162
829 1157
839 1154
849 1154
855 1146
865 1141
875 1139
885 1139
893 1145
895 1155
900 1164
909 1169
918 1174
928 1174
929 1157
934 1147
939 1137
944 1127
949 1117
957 1109
962 1099
967 1090
967 1080
957 1080
948 1085
938 1085
928 1085
918 1085
908 1085
899 1080
894 1071
889 1062
889 1052
889 1042
889 1032
894 1022
894 1012
899 1002
904 992
904 982
912 974
919 962
927 954
932 944
940 936
948 929
955 921
963 914
970 906
978 899
987 894
995 886
1005 881
1015 876
1023 869
1032 864
1042 859
1052 854
1062 849
1072 849
1082 844
1092 844
1099 827
1099 817
1104 807
1109 792
1109 782
1109 772
1119 769
1128 764
1138 764
1148 764
1158 764
1167 769
1177 769
1187 769
1197 769
1207 769
1214 752
1214 742
1214 732
1219 722
1224 712
1229 697
1234 682
1239 672
1249 662
1257 654
1264 642
1269 632
1277 624
1286 619
1295 614
1299 599
1294 590
1289 581
1284 572
1284 562
1284 552
1284 542
1284 532
1294 529
1304 527
1314 524
1324 524
1333 529
1343 530
1350 538
1355 547
1365 549
1373 555
1375 565
1375 575
1375 585
1375 595
1375 605
1385 609
1395 609
1405 609
1415 609
1425 609
1435 609
1445 606
1455 604
1465 604
1475 604
1485 604
1495 604
1505 604
1515 604
1525 604
1535 604
1545 604
1555 604
1565 604
1575 604
1585 604
1595 604
1605 604
1615 604
1625 604
1635 604
1645 604
1655 604
1665 604
1675 604
1685 604
1695 604
1705 604
1715 604
1725 604
1735 604
1745 604
1755 604
1765 604
1775 604
1785 604
1795 604
1805 604
1815 604
1825 604
1835 604
1845 604
1855 604
1865 604
1875 604
1885 604
1895 604
1905 604
1915 604
1925 604
1935 604
1945 604
1955 604
1965 604
1975 604
1985 604
1995 604
2005 604
2015 604
2025 604
2035 604
2045 604
2055 604
2065 604
2075 604
2085 604
2095 604
2105 604
2114 599
2124 599
2133 604
2143 604
2153 604
2162 599
2172 599
2182 599
2192 599
2202 599
2212 599
2222 599
2232 599
2242 599
2252 599
2261 604
2271 604
2281 604
2291 600
2301 599
2310 604
2320 604
2330 604
2340 601
2350 599
2360 599
2370 599
2380 599
2390 599
2400 599
2404 587
2404 577
2404 567
2404 557
2405 545
2395 545
2389 537
2389 527
2399 524
2409 519
2409 509
2409 499
2409 489
2409 479
2409 469
2409 459
2409 449
2409 439
2409 429
2404 420
2396 414
2392 404
2382 400
2373 395
2363 395
2354 390
2344 390
2334 390
2324 390
2314 390
2304 390
2294 390
2284 392
2274 395
2264 395
2254 395
2244 391
2239 382
2239 372
2247 364
2252 354
2262 354
2272 354
2281 349
2291 349
2300 344
2310 341
2320 339
2330 339
2339 334
2349 334
2359 334
2368 329
2378 329
2387 324
2397 324
2407 324
2417 319
2427 314
2437 309
2447 309
2457 309
2467 309
2477 309
2487 309
2497 309
2507 309
2517 304
2527 304
2537 304
2547 304
2557 299
2567 299
2577 299
2587 299
2597 299
2607 299
2617 299
2627 299
2636 294
2646 294
2656 294
2666 294
2676 294
2686 294
2696 290
2706 289
2716 285
2726 284
2736 284
2746 284
2756 284
2765 279
2775 279
2785 279
2795 279
2805 279
2815 276
2825 274
2835 274
2845 274
2855 274
2864 269
2874 269
2884 269
2894 269
2904 269
2913 264
2923 264
2932 259
2942 259
2952 259
2961 254
2971 254
2981 254
2991 254
3001 254
3011 254
3021 254
3030 259
3039 254
3049 254
3058 259
3068 259
3077 254
3087 254
3096 259
3106 259
3116 259
3126 259
3136 259
3146 259
3156 259
3166 259
3176 259
3186 259
3196 259
3206 259
3216 259
3226 259
3236 259
3246 259
3256 259
3266 259
3276 259
3286 259
3296 259
3306 259
3316 259
3326 259
3336 259
3346 259
3356 259
3366 259
3376 259
3386 259
3396 259
3406 259
3416 259
3426 259
3436 259
3446 259
3456 259
3466 259
3476 259
3486 259
3496 259
3506 259
3516 259
3526 259
3536 259
3546 259
3556 259
3566 259
3576 259
3586 259
3596 259
3606 259
3616 259
3626 259
3636 259
3646 260
3656 259
3665 264
3674 259
3684 259
3694 259
3704 261
3714 264
3724 262
3734 259
3744 259
3754 259
3764 259
3774 259
3784 259
3794 259
3803 264
3813 264
3823 264
3833 264
3842 259
3852 259
3862 259
3872 259
3882 259
3892 259
3902 259
3912 259
3922 259
3931 264
3941 264
3951 264
3961 264
3971 264
3981 264
3991 264
4001 264
4011 264
4021 264
4031 264
4041 264
4051 264
4061 264
4071 264
4081 264
4091 264
4100 269
4109 264
4119 264
4127 270
4137 274
4147 274
4157 274
4167 274
4176 279
4186 279
4196 279
4206 279
4215 274
4224 279
4233 284
4242 289
4252 289
4261 294
4270 299
4279 304
4288 309
4298 309
4307 314
4317 314
4327 314
4337 314
4347 314
4356 319
4365 324
4375 327
4385 329
4395 329
4403 335
4410 343
4418 350
4422 360
4427 369
4430 379
4435 388
4435 398
4440 407
4440 417
4440 427
4440 437
4440 447
4440 457
4440 467
4440 477
4440 487
4440 497
4435 515
4435 525
4435 535
4435 545
4435 555
4435 565
4435 575
4435 585
4435 595
4435 605
4435 615
4435 625
4435 635
4435 645
4430 660
4430 670
4430 680
4430 690
4430 700
4430 710
4430 720
4430 730
4432 740
4435 750
4430 760
4430 770
4430 780
4430 790
4430 800
4430 810
4435 819
4445 822
4455 824
4465 824
4475 824
4485 821
4495 819
4505 819
4515 819
4525 819
4535 822
4544 827
4554 829
4564 831
4573 836
4583 840
4590 848
4600 852
4607 860
4615 867
4622 875
4630 882
4635 891
4641 899
4650 904
4650 914
4658 920
4662 930
4667 939
4674 947
4675 957
4679 967
4685 975
4685 985
4687 995
4690 1005
4695 1014
4695 1024
4695 1034
4700 1043
4700 1053
4700 1063
4700 1073
4700 1083
4700 1093
4700 1103
4700 1113
4700 1123
4700 1133
4700 1143
4700 1153
4700 1163
4700 1173
4700 1183
4695 1200
4695 1210
4695 1220
4690 1235
4690 1245
4685 1260
4680 1270
4680 1280
4685 1289
4695 1292
4695 1302
4685 1310
4675 1310
4670 1320
4670 1330
4665 1340
4662 1354
4657 1364
4647 1369
4637 1374
4632 1384
4624 1392
4616 1400
4607 1405
4599 1412
4591 1420
4582 1425
4573 1430
4563 1433
4553 1435
4544 1440
4534 1442
4524 1445
4514 1445
4504 1445
4494 1445
4484 1445
4474 1445
4464 1445
4454 1445
4445 1450
4435 1450
4425 1450
4415 1450
4405 1450
4395 1450
4385 1450
4375 1447
4365 1445
4365 1455
4358 1463
4353 1473
4345 1480
4343 1493
4335 1500
4330 1510
4325 1520
4318 1528
4313 1538
4305 1545
4298 1553
4290 1560
4283 1568
4278 1578
4273 1588
4265 1595
4258 1603
4250 1610
4243 1618
4233 1623
4225 1630
4215 1635
4205 1640
4196 1645
4187 1650
4178 1655
4169 1660
4159 1660
4149 1660
4139 1660
4129 1660
4119 1660
4109 1660
4099 1660
4089 1660
4079 1660
4069 1660
4059 1660
4049 1660
4040 1655
4030 1655
4020 1655
4010 1660
4000 1660
3990 1660
3981 1655
3972 1650
3962 1650
3953 1645
3944 1640
3934 1637
3925 1632
3917 1625
3908 1620
3898 1620
3889 1615
3879 1612
3870 1607
3860 1603
3853 1595
3844 1590
3835 1585
3825 1585
3815 1585
3805 1585
3795 1585
3785 1585
3775 1585
3765 1585
3755 1585
3745 1585
3735 1582
3725 1580
3715 1580
3706 1575
3696 1575
3686 1573
3676 1570
3667 1565
3657 1565
3648 1560
3639 1555
3630 1550
3620 1548
3613 1540
3604 1535
3594 1532
3587 1524
3577 1520
3574 1510
3564 1507
3557 1499
3549 1492
3542 1484
3534 1477
3529 1468
3523 1460
3515 1453
3508 1445
3498 1445
3488 1445
3478 1445
3468 1445
3458 1445
3448 1445
3438 1445
3428 1445
3418 1445
3408 1445
3398 1445
3388 1445
3378 1445
3368 1445
3358 1445
3348 1445
3338 1445
3328 1445
3318 1445
3308 1445
3298 1445
3288 1445
3278 1445
3268 1445
3258 1445
3248 1445
3238 1445
3228 1445
3218 1445
3208 1445
3198 1445
3188 1445
3178 1445
3168 1445
3158 1445
3148 1445
3138 1445
3128 1445
3118 1445
3108 1445
3098 1445
3088 1445
3078 1445
3068 1445
3058 1445
3048 1445
3038 1445
3028 1445
3018 1445
3008 1445
2998 1445
2988 1445
2978 1445
2968 1445
2958 1445
2948 1445
2938 1445
2928 1445
2918 1445
2908 1445
2898 1445
2888 1445
2878 1445
2868 1445
2858 1445
2848 1445
2838 1445
2828 1445
2818 1445
2808 1445
2798 1445
2788 1445
2778 1445
2768 1445
2758 1445
2748 1445
2738 1445
2728 1445
2718 1445
2708 1445
2698 1445
2689 1440
2679 1440
2670 1445
2660 1445
2650 1445
2641 1440
2631 1440
2622 1445
2612 1444
2602 1444
2592 1445
2583 1440
2573 1440
2563 1440
2553 1440
2543 1440
2533 1443
2523 1445
2513 1445
2503 1445
2493 1445
2483 1445
2473 1445
2464 1440
2455 1445
2445 1445
2435 1445
2426 1440
2416 1440
2407 1445
2397 1445
2388 1440
2378 1440
2368 1440
2358 1440
2348 1440
2338 1440
2328 1440
2318 1438
2308 1440
2299 1435
2289 1435
2279 1435
2270 1430
2260 1430
2250 1430
2240 1430
2230 1430
2221 1425
2211 1425
2201 1425
2191 1425
2182 1420
2172 1420
2162 1420
2152 1420
2142 1420
2132 1420
2122 1420
2112 1420
2102 1420
2092 1420
2082 1420
2072 1420
2062 1420
2052 1420
2042 1420
2032 1420
2022 1420
2012 1420
2002 1420
1992 1420
1982 1420
1972 1420
1962 1420
1952 1420
1943 1425
1933 1425
1924 1420
1914 1420
1904 1420
1894 1420
1884 1420
1874 1420
1864 1420
1854 1420
1844 1420
1834 1420
1824 1420
1814 1420
1804 1420
1794 1420
1784 1420
1775 1425
1770 1440
1765 1450
1760 1460
1755 1470
1748 1483
1740 1490
1735 1500
1728 1508
1720 1515
1713 1528
1705 1535
1695 1540
1687 1554
1679 1560
1670 1565
1662 1574
1654 1580
1645 1585
1635 1590
1625 1595
1618 1603
1608 1605
1599 1610
1590 1615
1580 1615
1571 1620
1562 1625
1552 1629
1542 1630
1533 1635
1523 1635
1514 1640
1504 1640
1494 1642
1484 1645
1474 1645
1464 1645
1454 1645
1445 1650
1435 1650
1426 1645
1416 1645
1407 1640
1397 1640
1387 1640
1378 1635
1368 1635
1359 1630
1350 1625
1341 1620
1331 1618
1321 1615
1312 1610
1302 1609
1292 1605
1283 1600
1274 1595
1266 1588
1256 1584
1247 1579
1237 1575
1227 1575
1217 1575
1207 1575
1197 1575
1187 1575
1178 1570
1168 1570
1159 1565
1149 1565
1140 1560
1130 1557
1120 1555
1111 1550
1102 1545
1093 1540
1084 1535
1074 1531
1066 1525
1056 1524
1052 1514
1042 1510
1035 1502
1027 1495
1020 1487
1012 1480
1004 1473
997 1465
990 1457
982 1450
979 1440
974 1431
969 1422
962 1414
957 1405
954 1395
949 1386
944 1377
944 1367
939 1358
934 1349
934 1339
929 1330
929 1320
926 1310
916 1310
907 1305
897 1305
887 1305
878 1300
869 1295
859 1297
849 1300
839 1297
830 1292
822 1285
819 1275
814 1266
809 1257
