209 632
209 622
214 607
214 597
224 592
234 589
244 589
254 591
260 599
270 602
277 610
287 614
294 622
302 629
311 634
314 618
310 608
304 600
294 596
294 586
289 577
289 567
294 552
299 542
307 534
316 529
324 522
332 514
341 509
350 504
359 499
368 494
378 494
388 494
397 489
407 489
417 484
426 479
436 479
446 479
454 486
460 494
460 504
469 499
478 494
488 494
497 489
499 477
504 467
512 459
520 451
528 444
535 436
545 434
554 427
564 422
572 414
582 414
591 409
600 404
609 397
619 394
628 389
637 384
647 379
657 374
667 374
676 369
685 364
694 359
703 354
713 354
722 349
731 344
740 339
749 334
759 332
767 324
777 319
787 314
797 314
806 309
814 302
819 287
819 277
819 267
819 257
824 242
824 232
824 222
829 212
837 204
845 196
853 189
863 189
873 189
877 179
887 179
896 174
906 174
915 169
925 166
935 164
945 161
955 156
965 154
975 151
985 149
994 144
1004 142
1014 139
1024 137
1034 134
1043 129
1053 129
1063 129
1072 124
1082 124
1091 119
1101 119
1111 115
1121 114
1131 114
1141 114
1150 109
1160 109
1170 106
1180 104
1190 104
1200 101
1210 99
1220 99
1230 99
1240 96
1250 94
1260 94
1270 94
1280 94
1290 94
1300 94
1310 94
1320 94
1330 94
1340 94
1350 94
1360 94
1370 94
1380 97
1390 99
1400 99
1410 99
1420 99
1429 104
1439 104
1449 104
1458 109
1468 109
1477 114
1487 114
1496 119
1505 124
1515 127
1523 134
1530 142
1537 150
1540 160
1540 170
1545 179
1545 189
1545 199
1540 215
1540 225
1540 235
1545 244
1555 247
1564 252
1574 256
1580 264
1588 270
1590 280
1595 289
1595 299
1595 309
1595 319
1595 329
1595 339
1595 349
1605 349
1615 349
1625 349
1635 349
1643 355
1650 363
1650 373
1645 385
1645 395
1638 403
1630 410
1620 410
1610 410
1605 420
1615 424
1625 424
1635 424
1645 424
1655 424
1663 430
1665 440
1665 450
1665 460
1660 475
1650 485
1640 485
1630 482
1620 480
1610 480
1600 480
1605 489
1613 495
1620 503
1630 504
1638 510
1640 520
1633 530
1623 530
1613 530
1604 525
1594 522
1585 517
1575 515
1565 515
1560 525
1560 535
1555 545
1550 560
1550 570
1543 583
1538 593
1530 600
1520 610
1515 620
1506 625
1497 630
1488 635
1478 638
1468 640
1458 640
1448 640
1439 635
1429 635
1419 632
1410 627
1402 620
1393 615
1385 608
1379 600
1369 597
1359 600
1350 605
1340 605
1331 610
1322 615
1312 619
1302 620
1293 625
1284 630
1275 635
1265 635
1255 640
1246 645
1236 645
1227 650
1218 655
1208 658
1198 660
1189 665
1180 670
1170 670
1161 675
1152 680
1142 684
1132 685
1122 685
1112 685
1102 689
1092 690
1082 690
1072 690
1062 690
1053 695
1044 700
1034 702
1026 710
1016 710
1006 710
996 710
986 710
976 710
966 710
957 705
947 705
940 697
930 695
920 695
920 705
925 714
925 724
925 734
925 744
925 754
920 770
920 780
920 790
915 800
910 815
908 833
900 840
895 850
895 860
888 873
880 880
875 890
868 898
860 905
850 910
842 919
832 920
822 924
812 925
802 925
792 925
782 925
772 925
763 920
753 920
744 915
735 910
727 904
717 900
713 890
705 883
699 875
694 866
689 857
684 848
677 840
667 840
657 840
647 840
637 840
628 835
618 835
609 830
600 825
591 820
581 818
571 815
562 810
553 805
544 800
534 797
525 792
515 790
506 785
496 783
486 780
476 780
466 780
457 785
447 785
437 785
427 785
417 785
408 780
398 780
389 775
380 770
371 765
362 760
353 755
345 748
338 740
330 733
324 725
316 719
312 709
307 700
298 695
288 695
279 690
271 684
262 679
252 675
245 667
235 663
229 655
221 649
214 641
