54 442
54 432
62 424
72 424
82 424
92 424
102 424
111 418
105 410
95 410
85 408
79 400
74 391
69 382
69 372
69 362
77 354
86 349
96 349
106 349
116 349
124 337
124 327
124 317
124 307
124 297
124 287
129 272
137 264
145 256
155 251
165 246
175 244
179 226
179 216
174 207
174 197
174 187
174 177
179 162
179 152
187 144
192 134
202 129
211 124
220 119
230 116
240 114
249 109
259 109
268 104
278 104
288 104
297 99
307 99
317 99
327 99
337 99
346 94
356 94
366 94
376 94
386 94
396 94
406 94
416 94
426 94
436 94
446 94
456 94
466 94
476 94
485 99
495 99
505 99
515 99
524 104
534 104
544 104
553 109
563 109
573 110
583 114
593 114
603 114
612 119
622 119
632 119
641 124
651 124
660 129
670 129
680 132
690 134
699 139
709 139
718 144
728 145
738 149
747 154
757 154
766 159
775 164
785 164
795 167
805 169
814 174
824 174
833 179
843 180
848 189
858 189
868 190
875 198
883 205
890 213
895 222
895 232
895 242
895 252
900 261
900 271
900 281
900 291
903 301
910 309
920 312
930 314
939 319
948 324
957 329
966 334
975 339
985 342
994 347
1004 351
1014 354
1023 359
1032 364
1041 369
1050 374
1060 374
1069 379
1078 384
1087 389
1096 394
1106 394
1114 401
1123 406
1133 410
1143 414
1152 419
1161 424
1169 431
1179 434
1187 440
1195 447
1202 455
1210 462
1215 471
1220 480
1222 490
1232 494
1242 494
1251 499
1259 492
1267 484
1276 479
1286 479
1296 479
1304 486
1314 489
1324 489
1333 494
1343 494
1353 495
1362 500
1372 504
1381 509
1389 516
1395 524
1404 529
1412 535
1420 542
1424 552
1425 562
1430 571
1425 585
1423 598
1413 603
1405 610
1405 620
1405 630
1415 629
1424 622
1432 614
1442 609
1450 601
1460 596
1468 589
1478 589
1488 589
1497 594
1505 600
1505 610
1507 620
1510 630
1503 643
1495 650
1487 659
1479 665
1470 670
1460 675
1450 680
1443 688
1433 693
1423 695
1414 700
1408 708
1403 718
1395 725
1388 733
1380 740
1373 748
1365 755
1355 760
1346 765
1337 770
1329 777
1319 780
1309 782
1299 785
1289 785
1279 785
1269 785
1259 785
1250 780
1240 780
1230 780
1221 785
1211 785
1202 790
1192 794
1182 799
1172 804
1162 805
1154 812
1144 815
1135 820
1125 820
1115 825
1106 830
1097 835
1087 835
1078 840
1068 840
1058 840
1048 840
1038 843
1033 853
1028 863
1020 870
1013 883
1005 890
999 900
990 905
981 910
972 915
963 920
953 923
943 925
933 925
923 925
913 925
903 925
894 920
884 920
874 916
866 910
857 905
850 897
842 890
839 880
831 874
824 866
824 856
819 847
815 837
809 829
809 819
804 810
804 800
799 791
799 781
799 771
794 762
794 752
794 742
794 732
794 722
794 712
797 695
787 695
777 699
769 705
759 707
749 710
739 710
729 710
719 710
709 710
699 710
689 706
681 700
671 699
662 694
652 690
642 690
632 690
622 690
613 685
603 685
593 685
583 685
574 680
564 680
555 675
546 670
536 669
527 664
517 660
508 655
498 655
489 650
480 645
470 645
461 640
452 635
442 635
433 630
424 625
415 620
405 617
395 615
386 610
377 605
367 605
358 600
349 595
340 600
333 608
325 615
315 620
307 629
297 634
287 635
277 639
267 640
257 640
247 640
238 635
228 635
219 630
211 624
202 619
197 610
189 603
182 595
178 585
170 578
169 568
165 558
164 548
159 539
159 529
154 520
145 515
135 515
125 520
115 525
105 530
95 530
85 530
79 522
79 512
87 504
97 504
105 496
114 489
119 480
109 480
99 480
89 482
79 485
69 485
59 481
54 472
54 462
54 452
