139 267
134 277
139 286
139 296
139 306
144 315
144 325
149 334
149 344
149 354
154 363
155 373
163 380
164 390
169 399
174 408
174 418
179 427
179 437
184 446
189 455
189 465
194 474
194 484
194 494
194 504
196 514
199 524
199 534
199 544
204 553
204 563
205 573
209 583
210 593
214 603
214 613
214 623
215 633
219 643
224 652
224 662
229 671
224 682
219 692
214 702
214 712
224 715
234 715
244 715
254 715
264 715
274 715
284 715
294 715
304 715
314 715
323 720
333 720
343 720
353 720
363 720
373 720
383 720
393 720
403 720
413 720
423 720
430 710
435 700
445 695
450 685
459 680
467 674
470 660
478 653
483 643
490 635
495 625
495 615
503 608
508 598
515 590
515 580
523 573
528 563
533 553
535 540
535 530
535 520
535 510
540 500
540 490
545 480
550 470
555 455
560 440
560 430
560 420
560 410
560 400
565 390
565 380
570 368
570 358
565 349
561 339
551 339
541 339
532 344
527 354
519 362
514 372
514 382
509 392
504 402
499 417
494 432
494 442
494 452
492 464
484 472
479 484
470 489
470 479
470 469
470 459
470 449
465 440
465 430
465 420
465 410
462 400
460 390
460 380
460 370
460 360
465 345
465 335
465 325
470 315
470 305
470 295
470 285
470 275
470 265
470 255
470 245
470 235
470 225
470 215
475 197
475 187
475 177
470 168
470 158
465 149
460 140
452 134
447 144
437 144
429 152
429 162
429 172
424 182
424 192
424 202
424 212
419 222
419 232
419 242
414 252
409 267
409 277
409 287
404 302
404 312
404 322
399 332
394 344
385 339
385 329
380 320
380 310
380 300
385 285
385 275
385 265
385 255
385 245
385 235
385 225
385 215
385 205
390 190
390 180
390 170
390 160
395 146
395 136
393 126
385 120
383 110
375 104
365 101
357 109
352 119
344 127
344 137
344 147
339 157
339 167
339 177
339 187
334 202
334 212
334 222
329 232
329 242
329 252
324 262
324 272
324 282
319 292
319 302
319 312
319 322
319 332
310 339
307 329
302 320
300 310
300 300
300 290
300 280
300 270
300 260
300 250
300 240
300 230
305 215
310 203
310 193
310 183
310 173
310 163
305 154
300 145
292 139
283 144
275 151
267 159
259 167
259 177
259 187
259 197
254 207
254 217
254 227
249 242
249 252
249 262
244 277
244 287
239 297
239 307
244 316
244 326
244 336
249 345
249 355
244 367
244 377
244 387
234 392
227 384
217 380
215 370
212 360
205 352
205 342
197 335
195 325
195 315
190 306
188 296
185 286
180 277
179 267
175 257
165 254
159 246
149 242
144 257
