174 262
174 272
174 282
169 292
174 301
174 311
179 320
179 330
184 339
189 348
190 358
194 368
194 378
199 387
204 396
211 404
214 414
214 424
220 432
224 442
229 451
234 460
234 470
234 480
239 489
241 499
244 509
244 519
244 529
244 539
244 549
244 559
244 569
244 579
244 589
244 599
249 608
250 618
254 628
255 638
259 648
259 658
264 667
264 677
269 686
264 697
259 707
259 717
265 725
275 725
285 725
295 725
305 725
315 725
325 725
335 725
345 725
355 725
365 725
375 725
385 725
395 725
405 725
415 725
425 725
435 725
445 725
455 725
465 725
473 718
483 713
490 705
498 698
505 690
513 683
518 673
523 663
530 650
535 640
540 630
548 623
555 610
555 600
565 595
573 588
578 578
580 565
585 550
590 535
595 525
600 515
600 505
605 495
613 488
618 478
620 460
620 450
620 440
620 430
625 420
630 405
635 390
632 380
630 370
622 364
612 364
602 364
594 372
589 382
579 387
577 404
569 412
564 422
559 437
554 452
550 471
545 481
540 491
532 499
522 504
517 495
515 485
515 475
515 465
515 455
515 445
515 435
515 425
515 415
515 405
515 395
515 385
520 375
520 365
525 355
530 340
535 325
535 315
540 300
545 290
550 280
555 265
555 255
555 245
560 235
560 225
565 207
565 197
560 188
560 178
555 169
552 159
544 167
534 172
524 177
519 187
514 197
514 207
509 217
504 227
499 242
499 252
494 262
494 272
489 282
484 292
479 302
474 312
469 327
468 344
460 351
453 359
444 364
435 369
435 359
435 349
430 340
430 330
430 320
435 310
435 300
440 290
440 280
445 265
445 255
450 240
450 230
450 220
450 210
455 200
455 190
460 175
460 165
465 152
460 143
455 134
450 125
444 117
436 124
427 129
417 134
409 142
404 152
404 162
404 172
404 182
399 197
399 207
394 222
389 237
384 247
384 257
379 267
379 277
379 287
379 297
379 307
379 317
374 327
369 337
363 349
353 345
345 339
342 329
337 320
335 310
332 300
330 290
330 280
327 270
325 260
325 250
325 240
325 230
325 220
325 210
325 200
322 190
320 180
320 170
318 160
310 153
303 145
295 151
287 159
279 167
274 177
274 187
274 197
274 207
274 217
274 227
274 237
279 246
279 256
279 266
279 276
279 286
274 302
274 312
274 322
279 331
279 341
279 351
279 361
284 370
284 380
289 389
287 404
277 400
269 394
260 389
257 379
249 372
242 364
237 355
235 345
230 336
225 327
220 318
215 309
215 299
210 290
207 280
200 272
192 265
184 259
