324 2282
319 2292
325 2300
335 2300
345 2300
355 2300
365 2300
375 2300
385 2300
395 2300
405 2300
415 2300
425 2300
435 2300
445 2300
455 2300
465 2300
475 2300
485 2300
495 2300
505 2300
515 2300
525 2300
535 2300
545 2300
555 2300
565 2300
575 2300
585 2300
595 2300
605 2300
615 2300
625 2300
635 2300
645 2300
655 2300
665 2300
675 2300
685 2300
695 2300
705 2300
715 2300
725 2300
735 2300
745 2300
755 2300
765 2300
775 2300
785 2300
795 2300
805 2300
815 2300
825 2300
835 2300
845 2300
855 2300
865 2300
875 2300
885 2300
895 2300
905 2300
915 2300
925 2300
935 2300
945 2300
955 2300
965 2300
975 2300
985 2300
995 2300
1005 2300
1015 2300
1025 2300
1035 2300
1045 2300
1055 2300
1065 2300
1075 2300
1085 2300
1095 2300
1105 2300
1115 2300
1125 2300
1135 2300
1145 2300
1155 2300
1165 2300
1175 2300
1185 2300
1195 2300
1205 2300
1215 2300
1225 2300
1235 2300
1245 2300
1255 2300
1265 2300
1275 2300
1285 2300
1295 2300
1305 2300
1315 2300
1325 2300
1335 2300
1345 2300
1355 2300
1365 2300
1375 2300
1385 2300
1395 2300
1405 2300
1415 2300
1425 2300
1435 2300
1445 2300
1455 2300
1465 2300
1475 2300
1485 2300
1495 2300
1505 2300
1515 2300
1525 2300
1535 2300
1545 2300
1555 2300
1565 2300
1575 2300
1585 2300
1595 2300
1605 2300
1615 2300
1625 2300
1635 2300
1645 2300
1655 2300
1665 2300
1675 2300
1685 2300
1695 2300
1705 2300
1715 2300
1725 2300
1735 2300
1745 2300
1755 2300
1765 2300
1775 2300
1785 2300
1795 2300
1805 2300
1815 2300
1825 2300
1835 2300
1845 2300
1855 2300
1865 2300
1875 2300
1885 2300
1895 2300
1905 2300
1915 2300
1925 2300
1935 2300
1945 2300
1955 2300
1965 2300
1975 2300
1985 2300
1995 2300
2005 2300
2015 2300
2025 2300
2035 2300
2045 2300
2055 2300
2065 2300
2075 2300
2085 2300
2095 2300
2105 2300
2115 2300
2125 2300
2135 2300
2145 2300
2155 2300
2165 2300
2175 2300
2185 2300
2195 2300
2205 2300
2215 2300
2225 2300
2235 2300
2245 2300
2255 2300
2265 2300
2275 2300
2285 2300
2295 2300
2305 2300
2315 2300
2325 2300
2335 2300
2345 2300
2355 2300
2365 2300
2375 2300
2385 2300
2395 2300
2405 2300
2415 2300
2425 2300
2435 2300
2445 2300
2455 2300
2465 2300
2475 2300
2485 2300
2488 2285
2480 2278
2475 2269
2472 2259
2467 2250
2463 2240
2455 2234
2452 2224
2447 2215
2443 2205
2435 2199
2432 2189
2427 2180
2423 2170
2415 2163
2410 2154
2407 2144
2402 2135
2395 2127
2390 2118
2385 2109
2382 2099
2377 2090
2370 2082
2365 2073
2360 2064
2356 2054
2350 2046
2345 2037
2340 2028
2335 2019
2330 2010
2325 2001
2320 1992
2315 1983
2310 1974
2304 1966
2294 1964
2284 1964
2274 1964
2264 1964
2254 1964
2244 1964
2234 1964
2224 1964
2214 1964
2204 1964
2194 1964
2184 1964
2174 1964
2164 1964
2154 1964
2144 1964
2134 1964
2124 1964
2114 1964
2104 1964
2094 1964
2084 1964
2074 1964
2064 1964
2054 1964
2044 1964
2034 1964
2024 1964
2014 1964
2004 1964
1994 1964
1984 1964
1974 1964
1964 1964
1954 1964
1944 1964
1934 1964
1924 1964
1914 1964
1904 1964
1894 1964
1884 1964
1874 1964
1864 1964
1854 1964
1844 1964
1835 1969
1825 1966
1815 1967
1805 1969
1795 1966
1785 1967
1775 1969
1765 1966
1755 1967
1745 1969
1735 1966
1725 1967
1715 1969
1705 1966
1695 1967
1685 1969
1675 1966
1665 1967
1655 1969
1645 1966
1635 1967
1625 1969
1615 1966
1605 1967
1595 1969
1585 1966
1575 1967
1565 1969
1555 1966
1545 1966
1535 1966
1525 1966
1515 1966
1505 1966
1495 1966
1485 1966
1475 1966
1465 1966
1455 1966
1445 1966
1435 1966
1425 1966
1415 1966
1405 1966
1395 1966
1385 1966
1375 1969
1365 1969
1355 1969
1345 1969
1335 1969
1325 1969
1315 1969
1305 1969
1295 1969
1285 1969
1275 1969
1265 1969
1255 1969
1245 1969
1235 1969
1225 1969
1215 1969
1205 1969
1195 1969
1185 1969
1175 1969
1165 1969
1155 1969
1145 1969
1135 1969
1125 1969
1115 1969
1105 1969
1095 1969
1085 1969
1075 1969
1065 1969
1055 1969
1045 1969
1035 1969
1025 1969
1015 1969
1005 1969
995 1969
985 1969
975 1969
965 1969
955 1969
945 1969
935 1969
930 1960
930 1950
930 1940
930 1930
930 1920
930 1910
930 1900
930 1890
940 1890
950 1890
960 1890
970 1890
980 1890
990 1890
1000 1890
1010 1890
1020 1890
1030 1890
1040 1890
1050 1890
1060 1890
1070 1890
1080 1890
1090 1890
1100 1890
1110 1890
1120 1890
1130 1890
1140 1890
1150 1890
1160 1890
1170 1890
1180 1890
1190 1890
1200 1890
1210 1890
1220 1890
1230 1890
1240 1890
1250 1890
1260 1890
1270 1890
1280 1890
1290 1890
1300 1890
1310 1890
1320 1890
1330 1890
1340 1890
1350 1890
1360 1890
1370 1890
1380 1890
1390 1890
1400 1890
1410 1890
1420 1890
1430 1890
1440 1890
1450 1890
1460 1890
1470 1890
1480 1890
1490 1890
1500 1892
1510 1890
1519 1895
1528 1890
1537 1895
1547 1894
1557 1890
1566 1895
1576 1893
1586 1890
1595 1895
1604 1890
1614 1892
1624 1895
1633 1890
1642 1895
1652 1894
1662 1890
1671 1895
1681 1893
1691 1895
1701 1895
1711 1895
1721 1895
1731 1895
1741 1895
1751 1895
1761 1895
1771 1895
1781 1895
1791 1895
1801 1895
1811 1895
1821 1895
1831 1895
1841 1895
1851 1895
1861 1895
1871 1895
1881 1895
1891 1895
1901 1895
1911 1895
1921 1895
1931 1895
1941 1895
1951 1895
1961 1895
1971 1895
1981 1895
1991 1895
2001 1895
2011 1895
2021 1895
2031 1895
2041 1895
2051 1895
2061 1895
2071 1895
2081 1895
2091 1895
2101 1895
2111 1895
2121 1895
2131 1895
2141 1895
2151 1895
2161 1895
2171 1895
2181 1895
2191 1895
2201 1895
2211 1895
2221 1895
2231 1895
2241 1895
2251 1895
2261 1895
2257 1880
2253 1870
2245 1864
2242 1854
2237 1845
2233 1835
2225 1829
2222 1819
2217 1810
2213 1800
2205 1793
2200 1784
2197 1774
2192 1765
2188 1755
2180 1749
2177 1739
2172 1730
2168 1720
2160 1714
2157 1704
2152 1695
2148 1685
2140 1679
2137 1669
2132 1660
2128 1650
2120 1644
2117 1634
2112 1625
2108 1615
2100 1608
2095 1599
2092 1589
2087 1580
2083 1570
2075 1564
2072 1554
2067 1545
2063 1535
2055 1529
2052 1519
2047 1510
2043 1500
2035 1494
2032 1484
2027 1475
2023 1465
2015 1459
2012 1449
2007 1440
2003 1430
1995 1423
1990 1414
1987 1404
1982 1395
1978 1385
1970 1379
1967 1369
1962 1360
1958 1350
1950 1344
1947 1334
1942 1325
1938 1315
1930 1309
1927 1299
1922 1290
1918 1280
1910 1273
1905 1264
1902 1254
1897 1245
1893 1235
1885 1228
1880 1219
1877 1209
1872 1200
1865 1192
1860 1183
1855 1174
1851 1164
1845 1156
1840 1147
1835 1138
1830 1129
1825 1120
1820 1111
1815 1102
1810 1093
1805 1084
1800 1075
1795 1066
1790 1057
1785 1048
1780 1039
1775 1030
1770 1021
1765 1012
1760 1003
1753 995
1745 989
1735 989
1725 989
1715 989
1705 989
1695 989
1685 989
1675 989
1665 989
1655 989
1645 989
1635 989
1625 989
1615 989
1605 989
1595 989
1585 989
1575 989
1565 989
1555 989
1545 989
1535 989
1525 989
1515 989
1505 989
1495 989
1485 989
1475 989
1465 989
1455 989
1445 989
1435 989
1425 989
1415 989
1405 989
1395 989
1385 989
1375 989
1365 989
1355 989
1345 989
1335 989
1325 989
1315 985
1315 975
1315 965
1315 955
1315 945
1315 935
1315 925
1315 915
1325 915
1335 915
1345 915
1355 915
1365 915
1375 915
1385 915
1395 915
1405 915
1415 915
1425 915
1435 915
1445 915
1455 915
1465 915
1475 915
1485 915
1495 915
1505 915
1515 915
1525 915
1535 915
1545 915
1555 915
1565 915
1575 915
1585 915
1595 915
1605 917
1615 917
1625 915
1634 920
1643 915
1652 920
1662 919
1672 915
1681 920
1691 918
1701 915
1703 900
1695 894
1692 884
1687 875
1683 865
1675 859
1672 849
1667 840
1663 830
1655 823
1650 814
1647 804
1642 795
1638 785
1630 778
1625 769
1622 759
1617 750
1610 742
1605 733
1600 724
1596 714
1590 706
1585 697
1580 688
1575 679
1570 670
1565 661
1560 652
1555 643
1550 634
1545 625
1540 616
1535 607
1530 598
1525 589
1520 580
1515 571
1510 562
1505 553
1500 544
1495 535
1489 527
1485 517
1480 508
1475 499
1469 491
1464 482
1460 472
1455 463
1450 454
1444 446
1439 437
1435 427
1427 420
1423 410
1418 401
1414 391
1406 384
1397 389
1392 399
1387 409
1382 419
1374 427
1369 437
1362 449
1357 459
1352 469
1347 479
1342 489
1334 497
1329 507
1324 517
1317 529
1312 539
1307 549
1302 559
1294 567
1289 577
1284 587
1277 599
1272 609
1267 619
1262 629
1257 639
1249 647
1244 657
1239 667
1232 679
1227 689
1222 699
1217 709
1209 717
1204 727
1199 737
1192 749
1187 759
1182 769
1177 779
1169 787
1164 797
1159 807
1154 817
1147 829
1142 839
1137 849
1132 859
1124 867
1119 877
1114 887
1107 899
1102 909
1097 919
1092 929
1084 937
1079 947
1074 957
1069 967
1062 979
1057 989
1052 999
1047 1009
1039 1017
1034 1027
1029 1037
1022 1049
1017 1059
1012 1069
1007 1079
999 1087
994 1097
989 1107
982 1119
977 1129
972 1139
967 1149
959 1157
954 1167
949 1177
942 1189
937 1199
932 1209
927 1219
922 1229
914 1237
909 1247
904 1257
897 1269
892 1279
887 1289
882 1299
874 1307
869 1317
864 1327
859 1337
865 1345
875 1345
885 1345
895 1345
905 1345
915 1345
925 1345
935 1345
945 1345
955 1345
965 1345
975 1345
985 1345
995 1345
1005 1345
1015 1345
1025 1345
1035 1345
1045 1345
1055 1345
1065 1345
1075 1345
1085 1345
1095 1345
1105 1345
1115 1345
1125 1345
1135 1345
1145 1345
1155 1345
1165 1345
1175 1345
1185 1345
1195 1345
1205 1345
1215 1345
1225 1345
1235 1345
1245 1345
1255 1345
1265 1345
1275 1345
1285 1345
1295 1345
1305 1345
1315 1345
1325 1345
1335 1345
1345 1345
1355 1345
1365 1345
1375 1345
1385 1345
1395 1345
1405 1345
1415 1345
1425 1345
1435 1345
1445 1345
1455 1345
1465 1345
1475 1345
1485 1345
1495 1345
1505 1345
1515 1345
1525 1345
1535 1345
1545 1345
1555 1345
1565 1345
1575 1345
1585 1345
1595 1345
1605 1345
1615 1345
1625 1345
1635 1345
1645 1345
1655 1345
1665 1345
1675 1345
1685 1345
1695 1345
1705 1345
1715 1345
1725 1345
1735 1345
1745 1345
1755 1345
1765 1345
1775 1345
1785 1345
1789 1355
1789 1365
1789 1375
1789 1385
1789 1395
1789 1405
1789 1415
1789 1425
1789 1435
1780 1444
1770 1444
1760 1444
1750 1444
1740 1444
1730 1444
1720 1444
1710 1444
1700 1444
1690 1444
1680 1444
1670 1444
1660 1444
1650 1444
1640 1444
1630 1444
1620 1444
1610 1444
1600 1444
1590 1441
1580 1442
1570 1444
1560 1441
1550 1444
1541 1439
1531 1439
1521 1439
1511 1439
1501 1439
1491 1439
1481 1439
1471 1439
1461 1439
1451 1439
1441 1439
1431 1439
1421 1439
1411 1439
1401 1439
1391 1439
1381 1439
1371 1439
1361 1439
1351 1435
1341 1439
1331 1439
1322 1434
1313 1439
1303 1439
1294 1434
1284 1434
1274 1434
1264 1434
1254 1434
1244 1434
1234 1434
1224 1434
1214 1434
1204 1434
1194 1434
1184 1434
1174 1434
1164 1434
1154 1434
1144 1434
1134 1434
1124 1434
1114 1434
1104 1432
1094 1431
1084 1434
1074 1432
1064 1431
1054 1431
1044 1429
1034 1429
1024 1429
1014 1429
1004 1429
994 1429
984 1429
974 1429
964 1429
954 1429
944 1429
934 1429
924 1429
914 1429
904 1429
894 1429
884 1429
874 1429
864 1427
854 1427
844 1427
834 1427
824 1427
814 1427
804 1432
799 1442
794 1452
787 1464
782 1474
777 1484
772 1494
764 1502
759 1512
754 1522
747 1534
742 1544
737 1554
732 1564
724 1572
719 1582
714 1592
709 1602
702 1614
697 1624
692 1634
687 1644
679 1652
674 1662
669 1672
662 1684
657 1694
652 1704
647 1714
639 1722
634 1732
629 1742
624 1752
617 1764
612 1774
607 1784
602 1794
594 1802
589 1812
584 1822
577 1834
572 1844
567 1854
562 1864
557 1874
549 1882
544 1892
539 1902
532 1914
527 1924
522 1934
517 1944
509 1952
504 1962
499 1972
492 1984
487 1994
482 2004
477 2014
472 2024
464 2032
459 2042
454 2052
447 2064
442 2074
437 2084
432 2094
424 2102
419 2112
414 2122
407 2134
402 2144
397 2154
392 2164
387 2174
379 2182
374 2192
369 2202
362 2214
357 2224
352 2234
347 2244
339 2252
334 2262
329 2272
