274 1281
269 1272
277 1264
285 1256
293 1249
300 1241
308 1234
317 1229
322 1219
332 1214
340 1206
350 1201
358 1194
365 1186
373 1179
382 1174
391 1169
399 1162
409 1157
417 1149
427 1144
436 1139
444 1132
454 1127
464 1122
474 1117
482 1109
492 1109
501 1104
510 1099
519 1094
528 1089
537 1084
547 1079
557 1079
566 1074
575 1069
585 1066
595 1064
604 1059
614 1057
624 1054
633 1049
643 1049
652 1044
662 1044
672 1039
682 1039
692 1039
690 1022
682 1015
675 1007
667 1000
664 990
654 987
649 978
642 970
634 963
627 955
620 947
612 940
609 930
601 924
594 916
589 907
582 899
574 892
570 882
564 874
559 865
554 856
549 847
542 839
537 830
534 820
526 814
522 804
517 795
514 785
506 779
502 769
497 760
494 750
489 741
484 732
479 723
476 713
471 704
467 694
462 685
459 675
454 666
454 656
449 647
444 638
439 629
439 619
434 610
429 601
429 591
424 582
424 572
419 563
419 553
414 544
411 534
409 524
406 514
404 504
404 494
399 485
397 475
394 465
394 455
389 446
389 436
389 426
389 416
384 407
384 397
384 387
394 384
404 384
414 386
424 389
434 389
444 389
453 394
463 394
473 395
483 399
492 404
502 404
512 404
521 409
531 409
540 414
550 417
560 419
570 422
580 424
590 427
600 429
609 434
618 439
628 439
637 444
646 449
655 454
665 454
675 457
684 462
694 466
703 471
713 475
723 479
732 484
741 489
750 494
760 497
769 502
779 506
785 514
795 517
804 522
814 526
820 534
830 537
839 542
847 549
856 554
865 559
874 564
882 570
892 574
899 582
907 589
916 594
924 601
930 609
940 612
947 620
955 627
963 634
970 642
978 649
987 654
990 664
1000 667
1007 675
1015 682
1022 690
1032 694
1039 682
1039 672
1044 662
1044 652
1049 642
1049 632
1054 617
1059 602
1064 587
1069 572
1074 562
1079 547
1084 537
1089 527
1094 517
1099 507
1104 497
1109 482
1117 474
1122 464
1127 454
1132 444
1139 432
1147 424
1152 414
1159 402
1167 394
1172 384
1179 372
1187 364
1195 356
1203 349
1207 339
1215 331
1220 321
1230 316
1235 306
1243 299
1250 291
1258 284
1265 276
1273 269
1282 274
1289 282
1297 289
1304 297
1312 304
1315 314
1324 319
1330 327
1337 335
1345 342
1349 352
1357 359
1364 367
1370 375
1375 384
1380 393
1388 400
1392 410
1400 417
1404 427
1410 435
1415 444
1420 453
1425 462
1430 471
1436 479
1440 489
1445 498
1450 507
1454 517
1459 526
1463 536
1468 545
1470 555
1475 564
1480 573
1480 583
1485 592
1489 602
1490 612
1495 621
1498 631
1500 641
1503 651
1505 661
1508 671
1510 681
1510 691
1520 694
1529 687
1537 679
1545 671
1553 664
1560 656
1568 649
1577 644
1582 634
1592 629
1600 621
1609 612
1619 607
1627 599
1636 594
1644 587
1652 579
1661 574
1669 567
1679 562
1689 557
1697 549
1707 544
1716 539
1725 534
1734 527
1744 522
1754 517
1764 512
1772 504
1782 499
1792 494
1802 489
1812 484
1822 479
1832 479
1841 474
1850 469
1859 464
1868 459
1877 454
1887 454
1897 449
1907 444
1917 439
1927 439
1937 434
1947 429
1957 429
1966 424
1976 424
1985 419
1995 419
2004 414
2014 412
2024 409
2034 407
2044 404
2054 404
2063 399
2073 399
2082 394
2092 394
2102 389
2112 389
2122 389
2132 389
2141 384
2151 384
2161 384
2165 394
2165 404
2160 415
2160 425
2160 435
2155 450
2155 460
2150 475
2145 490
2145 500
2140 515
2140 525
2135 535
2130 550
2130 560
2125 570
2125 580
2120 590
2115 605
2110 615
2110 625
2105 635
2100 645
2095 655
2095 665
2090 675
2085 685
2080 695
2075 705
2070 715
2068 728
2063 738
2058 748
2053 758
2048 768
2043 778
2035 785
2030 795
2025 805
2018 818
2013 828
2008 838
2000 845
1993 858
1988 868
1983 878
1975 885
1970 895
1963 903
1955 910
1948 923
1940 930
1930 940
1923 953
1915 960
1909 970
1900 975
1895 985
1885 990
1878 1003
1870 1010
1863 1018
1855 1025
1855 1035
1865 1039
1875 1039
1884 1044
1894 1044
1903 1049
1913 1049
1922 1054
1932 1054
1941 1059
1950 1064
1960 1064
1969 1069
1979 1071
1988 1076
1998 1079
2007 1084
2016 1089
2025 1094
2035 1097
2044 1102
2054 1106
2064 1109
2072 1115
2082 1119
2091 1124
2100 1129
2108 1135
2117 1140
2125 1147
2134 1152
2142 1159
2151 1164
2160 1169
2168 1175
2177 1180
2185 1187
2192 1195
2200 1202
2209 1207
2217 1214
2226 1219
2230 1229
2239 1234
2247 1240
2255 1247
2262 1255
2270 1262
2277 1270
2270 1285
2263 1293
2255 1300
2247 1309
2239 1315
2230 1320
2224 1330
2215 1335
2208 1343
2198 1348
2190 1355
2182 1364
2174 1370
2165 1375
2155 1380
2147 1389
2137 1394
2129 1400
2120 1405
2110 1410
2103 1418
2093 1423
2083 1428
2073 1433
2065 1440
2055 1440
2045 1445
2036 1450
2027 1455
2018 1460
2009 1465
2000 1470
1990 1470
1980 1475
1970 1480
1961 1485
1951 1485
1942 1490
1932 1494
1922 1495
1913 1500
1903 1500
1894 1505
1884 1505
1875 1510
1865 1510
1855 1510
1855 1520
1860 1529
1868 1535
1875 1543
1883 1550
1888 1559
1897 1564
1900 1574
1909 1579
1915 1587
1922 1595
1930 1602
1937 1610
1942 1619
1949 1627
1955 1635
1960 1644
1968 1650
1975 1658
1980 1667
1985 1676
1990 1685
1995 1694
2000 1703
2008 1710
2012 1720
2017 1729
2024 1737
2029 1746
2033 1756
2038 1765
2045 1773
2050 1782
2054 1792
2059 1801
2063 1811
2068 1820
2070 1830
2075 1839
2080 1848
2085 1857
2089 1867
2094 1876
2095 1886
2098 1896
2103 1905
2107 1915
2110 1925
2112 1935
2117 1944
2120 1954
2125 1963
2125 1973
2130 1982
2130 1992
2134 2002
2135 2012
2140 2021
2140 2031
2145 2040
2145 2050
2147 2060
2150 2070
2155 2079
2155 2089
2155 2099
2160 2108
2160 2118
2160 2128
2165 2137
2165 2147
2165 2157
2157 2165
2147 2165
2137 2165
2128 2160
2118 2160
2108 2160
2099 2155
2089 2155
2079 2155
2070 2150
2060 2147
2050 2145
2040 2145
2031 2140
2021 2140
2012 2135
2002 2134
1992 2130
1982 2130
1973 2125
1963 2125
1954 2120
1944 2117
1935 2112
1925 2110
1915 2107
1905 2103
1896 2098
1886 2095
1876 2094
1867 2089
1857 2085
1848 2080
1839 2075
1830 2070
1820 2068
1811 2063
1801 2059
1792 2054
1782 2050
1773 2045
1765 2038
1756 2033
1746 2029
1737 2024
1729 2017
1720 2012
1710 2008
1703 2000
1694 1995
1685 1990
1676 1985
1667 1980
1658 1975
1650 1968
1644 1960
1635 1955
1627 1949
1619 1942
1610 1937
1602 1930
1595 1922
1587 1915
1579 1909
1574 1900
1564 1897
1559 1888
1550 1883
1543 1875
1535 1868
1529 1860
1520 1855
1510 1855
1510 1865
1505 1880
1505 1890
1500 1900
1500 1910
1495 1920
1490 1935
1485 1950
1480 1965
1475 1980
1470 1990
1465 2005
1460 2015
1455 2025
1450 2035
1445 2045
1440 2055
1438 2068
1430 2075
1425 2085
1420 2095
1413 2108
1408 2118
1400 2125
1393 2138
1388 2148
1380 2155
1373 2168
1368 2178
1360 2185
1353 2193
1345 2200
1338 2213
1330 2220
1324 2230
1315 2235
1310 2245
1303 2253
1295 2260
1287 2269
1279 2277
1269 2277
1262 2269
1254 2262
1247 2254
1239 2247
1234 2238
1227 2230
1219 2223
1212 2215
1205 2207
1200 2198
1194 2190
1186 2184
1179 2176
1174 2167
1169 2158
1162 2150
1159 2140
1151 2134
1147 2124
1139 2117
1135 2107
1129 2099
1124 2090
1119 2081
1114 2072
1109 2063
1106 2053
1101 2044
1097 2034
1092 2025
1089 2015
1084 2006
1079 1997
1075 1987
1070 1978
1069 1968
1064 1959
1061 1949
1059 1939
1054 1930
1054 1920
1049 1911
1049 1901
1044 1892
1044 1882
1039 1873
1039 1863
1033 1855
1023 1858
1015 1865
1008 1873
1000 1880
990 1885
983 1898
973 1903
968 1913
958 1918
950 1925
940 1930
930 1940
922 1949
914 1955
905 1960
897 1969
889 1975
880 1980
870 1985
860 1990
852 1999
842 2004
834 2010
825 2015
816 2020
807 2025
798 2030
789 2035
780 2040
770 2045
760 2050
750 2055
741 2060
732 2065
723 2070
713 2073
703 2078
693 2083
683 2088
673 2093
663 2095
653 2098
643 2103
633 2108
623 2110
613 2113
603 2118
593 2120
584 2125
574 2125
565 2130
555 2130
546 2135
536 2135
527 2140
517 2140
508 2145
498 2145
488 2148
478 2150
469 2155
459 2155
449 2157
439 2160
429 2160
419 2160
410 2165
400 2165
390 2165
384 2157
384 2147
384 2137
389 2122
389 2112
389 2102
394 2087
394 2077
399 2062
404 2047
404 2037
409 2027
409 2017
414 2002
419 1992
419 1982
424 1972
424 1962
429 1947
434 1937
439 1927
439 1917
444 1907
449 1897
454 1887
454 1877
459 1867
464 1857
469 1847
474 1837
479 1822
484 1812
489 1802
494 1792
499 1782
504 1772
512 1764
517 1754
522 1744
527 1734
534 1722
539 1712
547 1704
552 1694
559 1682
564 1672
572 1664
577 1654
585 1646
593 1639
597 1629
605 1621
610 1611
619 1602
627 1594
634 1582
644 1577
649 1567
657 1559
665 1551
673 1544
680 1536
688 1529
694 1520
691 1510
681 1510
671 1508
661 1505
651 1503
641 1500
631 1498
621 1495
612 1490
602 1489
592 1485
583 1480
573 1480
564 1475
555 1470
545 1468
536 1463
526 1459
517 1454
507 1450
498 1445
489 1440
479 1436
471 1430
462 1425
453 1420
444 1415
435 1410
427 1404
417 1400
410 1392
400 1388
393 1380
384 1375
375 1370
367 1364
359 1357
352 1349
342 1345
335 1337
327 1330
319 1323
312 1315
303 1310
295 1303
289 1295
281 1289
