24 107
24 97
32 89
41 84
50 79
59 74
68 69
77 64
85 56
93 49
103 49
112 44
122 44
132 44
141 39
150 44
160 47
169 52
179 56
185 64
190 73
195 82
199 92
200 102
205 111
210 120
210 130
215 139
215 149
220 158
220 168
220 178
225 187
230 196
233 206
235 216
235 226
238 236
245 244
245 254
250 263
258 270
265 278
275 282
284 287
292 294
302 294
312 294
321 299
331 299
341 299
351 299
360 304
370 307
380 309
389 314
399 316
408 321
418 325
425 333
433 340
442 345
450 352
459 357
464 366
470 374
478 380
487 385
492 394
499 402
507 409
515 415
520 424
525 433
530 442
539 447
545 455
550 464
550 474
558 480
562 490
567 499
570 509
575 518
580 527
584 537
585 547
585 557
590 566
595 575
600 584
600 594
605 603
610 612
614 622
620 630
625 639
633 645
637 655
642 664
649 672
657 679
664 687
670 695
675 704
685 704
695 707
705 709
713 715
723 719
733 719
743 719
753 719
763 719
773 719
783 719
792 714
802 709
807 699
812 689
817 679
822 669
827 659
835 651
845 654
850 663
850 673
850 683
850 693
850 703
845 715
845 725
845 735
840 745
835 760
825 765
817 779
807 784
799 790
790 795
780 795
770 800
761 805
751 805
742 810
732 810
722 810
712 810
702 809
692 805
682 805
672 805
663 800
653 800
644 795
635 790
625 788
616 783
606 779
597 774
587 770
577 770
570 762
560 760
550 758
543 750
534 745
524 745
515 740
507 734
497 730
490 722
480 718
473 710
464 705
455 700
445 700
445 710
445 720
440 730
440 740
445 749
445 759
445 769
445 785
436 798
430 790
420 790
420 800
414 815
405 820
401 830
392 835
388 825
379 820
369 822
362 830
359 820
349 817
339 817
339 807
344 797
354 792
362 784
370 776
375 766
380 756
385 746
389 732
389 722
389 707
389 697
385 687
379 679
374 670
365 675
360 690
355 700
355 710
360 719
360 729
360 739
365 748
360 760
350 760
340 765
338 783
330 790
320 793
314 785
304 787
295 793
289 785
285 775
275 780
265 785
259 777
264 767
272 759
281 754
286 745
294 732
299 722
307 714
309 702
309 692
309 682
314 672
314 662
314 652
314 642
309 633
309 623
309 613
309 603
302 595
294 589
289 580
281 574
277 564
272 555
269 545
264 536
259 527
252 519
242 515
233 520
223 523
215 530
213 543
205 550
195 555
195 565
200 574
205 585
195 585
185 585
175 593
169 585
160 570
160 580
160 590
154 600
149 591
144 582
144 572
144 562
149 552
157 544
165 536
173 529
180 521
188 514
192 504
201 499
209 492
219 489
219 475
214 466
206 460
196 460
187 465
178 470
169 475
163 483
155 490
148 498
140 505
142 515
152 519
147 530
125 520
130 529
138 535
128 540
119 535
110 530
101 539
94 531
89 522
94 507
99 492
107 484
115 476
123 469
132 464
140 456
150 451
158 444
165 436
173 429
179 416
179 406
179 396
174 387
174 377
169 368
169 358
169 348
169 338
164 329
164 319
164 309
164 299
164 289
164 279
164 269
164 259
161 249
159 239
159 229
156 219
154 209
151 199
149 189
149 179
144 170
142 160
135 152
125 150
116 145
107 140
97 140
87 140
78 135
68 135
58 135
48 135
39 130
29 126
24 117
