79 476
74 467
82 459
91 454
100 449
110 446
120 444
130 444
139 439
149 437
159 432
169 427
177 419
187 414
195 406
203 399
210 391
218 384
225 376
233 369
240 361
248 354
252 344
260 336
264 322
269 312
274 298
274 288
269 279
267 269
262 260
259 250
257 240
254 230
249 221
244 212
244 202
239 193
233 185
223 185
214 190
205 195
198 203
190 210
182 224
174 232
166 240
157 245
152 254
144 262
134 260
124 257
124 247
129 237
134 227
142 219
147 209
154 197
159 187
167 179
172 169
177 159
182 149
190 141
198 134
207 129
216 124
225 119
234 114
244 114
254 114
260 106
264 91
259 82
259 72
259 62
264 52
269 42
277 34
286 29
295 24
305 22
315 24
323 30
330 38
335 47
340 56
345 65
345 75
340 85
345 94
350 103
360 107
370 109
380 109
390 109
400 112
409 117
417 124
426 129
430 139
438 145
445 153
453 160
460 168
468 175
472 185
480 192
484 202
492 209
499 217
505 225
510 234
515 243
508 253
498 255
489 250
480 245
472 239
462 235
458 225
450 218
444 210
436 204
429 196
424 187
415 182
407 175
398 170
389 175
380 180
375 190
375 200
375 210
370 225
370 235
370 245
365 255
365 265
365 275
365 285
365 295
367 305
372 314
379 322
387 329
394 337
400 345
405 354
415 357
422 365
430 372
437 380
447 384
454 392
462 399
465 409
473 415
480 423
485 432
490 441
496 449
500 459
505 468
510 477
514 487
515 497
515 507
519 517
520 527
520 537
520 547
515 560
509 572
499 572
492 564
487 555
484 545
484 535
479 526
474 517
474 507
469 498
464 489
459 480
454 471
449 462
442 454
437 445
428 440
420 433
414 425
406 419
397 414
389 407
380 402
372 395
365 387
355 383
348 375
339 370
329 370
319 370
310 375
300 380
293 388
285 395
278 403
270 410
263 418
255 425
248 433
238 438
230 445
223 453
213 458
203 463
193 468
183 473
173 475
164 480
154 480
145 485
135 485
126 490
116 490
106 488
96 485
86 484
