104 267
104 257
109 247
117 239
122 229
130 221
135 211
143 204
147 194
155 186
160 176
165 166
173 159
182 154
190 146
198 139
208 139
217 134
227 134
237 134
247 129
254 116
254 106
249 97
249 87
249 77
257 69
264 57
274 52
284 49
294 49
304 49
312 55
320 62
327 70
335 77
335 87
335 97
330 110
330 120
335 129
344 134
354 134
364 134
374 134
383 139
392 144
401 149
409 156
415 164
420 173
428 180
435 188
440 197
447 205
452 214
459 222
464 231
470 239
475 248
483 255
487 265
492 274
495 284
488 293
478 295
470 288
464 280
454 277
447 269
439 262
434 253
428 245
420 238
414 230
406 224
402 214
394 207
385 202
375 200
365 200
360 210
360 220
355 230
355 240
350 255
350 265
345 280
345 290
340 300
340 310
340 320
335 330
340 339
340 350
345 359
345 369
353 375
352 394
342 399
333 405
325 398
318 390
309 385
300 380
294 390
285 395
278 403
270 410
265 420
258 428
253 438
245 445
238 458
230 465
223 478
215 485
210 495
203 503
198 513
190 520
183 528
178 538
170 545
163 553
158 563
148 565
139 570
130 575
124 567
124 557
129 547
129 537
134 527
139 517
144 507
152 499
157 489
164 477
169 467
174 457
182 449
187 439
194 427
202 419
207 409
212 399
217 389
224 377
232 369
237 359
239 347
244 337
249 320
249 310
249 300
244 291
244 281
239 272
239 262
234 253
230 243
229 233
224 224
221 214
217 204
207 200
197 204
189 210
180 215
175 225
168 233
160 240
152 249
144 255
135 260
127 269
119 277
109 276
