154 77
154 67
159 57
164 47
169 37
177 29
185 21
195 19
205 19
213 25
220 33
228 40
232 50
235 60
235 70
240 79
240 89
240 99
240 109
240 119
234 127
224 125
214 122
209 113
209 103
209 93
209 83
205 73
199 65
190 70
190 80
190 90
190 100
190 110
192 120
200 127
200 137
207 145
217 149
227 149
237 149
247 149
257 144
267 144
277 144
286 139
296 139
306 139
316 139
325 144
334 149
342 155
350 162
354 172
364 174
374 174
384 176
390 184
400 187
407 195
415 202
420 211
420 221
415 230
415 240
423 246
433 249
443 249
453 249
463 249
473 250
482 255
490 262
497 270
505 277
512 285
520 292
527 300
532 309
535 319
543 325
545 335
550 344
550 354
555 363
555 373
555 383
555 393
555 403
555 413
555 423
555 433
555 443
560 452
560 462
560 472
565 481
560 495
560 505
565 514
565 524
560 540
554 532
550 522
549 509
549 499
549 489
549 479
544 470
535 475
525 485
525 495
530 504
535 513
540 522
540 532
545 541
550 550
555 559
560 568
565 577
565 587
565 597
565 607
565 617
569 627
570 637
570 647
570 657
570 667
560 675
552 684
542 685
532 685
522 685
513 680
504 675
494 672
494 662
494 652
494 642
499 632
504 622
509 606
504 597
497 589
487 585
480 577
472 570
469 560
460 565
455 575
455 585
455 595
450 605
445 620
445 630
445 640
445 650
439 662
429 665
419 667
409 665
399 665
391 659
387 649
382 640
379 630
381 620
389 612
389 602
394 587
394 577
394 567
399 557
399 547
404 530
403 520
394 515
384 515
375 510
365 500
365 510
365 520
365 530
365 540
365 550
370 559
370 569
370 579
375 588
370 605
370 615
370 625
370 635
372 645
377 654
380 664
380 674
380 684
373 693
365 700
355 700
345 700
335 700
325 700
315 698
309 690
299 687
299 677
299 667
304 652
309 642
314 630
314 620
312 610
309 600
309 590
307 580
304 570
295 575
290 590
290 600
285 610
285 620
287 630
290 640
285 650
280 665
270 670
260 675
250 675
240 675
230 675
222 669
214 662
214 652
214 642
214 632
219 622
227 614
229 602
234 587
234 577
234 567
239 552
239 542
244 532
244 522
249 512
249 502
254 487
259 472
259 462
264 452
264 442
264 432
264 422
264 412
264 402
264 392
269 378
269 368
269 358
269 348
262 340
255 332
249 324
244 315
242 305
239 295
231 289
222 284
212 280
203 275
195 268
194 258
188 250
180 243
174 235
169 226
164 217
164 207
174 204
184 200
176 193
171 184
169 174
164 165
159 156
159 146
154 137
154 127
154 117
154 107
154 97
154 87
