34 157
34 147
39 137
47 129
55 121
65 116
75 114
84 109
94 109
104 109
113 114
123 115
132 120
140 127
145 136
137 150
132 159
122 160
112 160
109 150
109 140
99 140
89 140
80 145
80 155
85 164
90 173
98 179
107 184
116 189
126 189
134 182
144 179
154 179
164 179
174 179
183 174
193 174
202 169
212 169
222 164
232 164
242 164
252 164
261 159
271 159
281 159
290 164
295 173
300 182
304 192
305 202
313 209
323 209
333 209
342 204
352 204
362 204
371 199
381 199
391 199
401 199
411 199
421 199
430 204
440 204
450 204
460 207
470 209
480 209
489 214
497 220
505 227
512 235
520 242
527 250
532 259
540 265
542 275
550 282
550 292
554 302
555 312
555 322
555 332
559 342
560 352
560 362
560 372
560 382
565 391
564 407
555 413
554 403
549 394
549 384
549 374
544 365
538 373
530 380
530 390
530 400
535 409
535 419
535 429
540 438
540 448
540 458
540 468
545 477
545 487
550 496
547 510
538 505
528 508
518 510
509 505
499 505
489 505
480 500
474 492
479 482
479 472
479 462
474 453
474 443
465 438
458 430
448 433
440 440
435 450
435 460
425 465
425 475
424 487
414 492
404 495
394 495
384 495
374 495
364 495
354 495
349 486
344 477
349 467
357 459
362 449
364 437
369 427
369 417
374 405
364 405
354 405
344 405
334 402
325 397
315 395
315 405
317 415
322 424
325 434
325 444
325 454
325 464
325 474
330 483
335 492
333 503
325 510
316 515
306 515
296 515
286 515
276 515
266 515
256 515
247 510
237 509
229 502
229 492
237 484
247 479
249 464
244 455
242 445
239 435
239 425
230 430
225 440
218 453
210 460
212 470
215 480
208 493
198 495
188 498
178 500
168 500
158 500
148 500
138 500
129 495
119 492
119 482
119 472
127 464
137 464
142 454
144 437
149 422
157 414
162 404
167 394
172 384
179 372
184 362
184 352
184 342
184 332
189 319
189 309
184 300
174 297
165 292
157 285
150 277
142 270
133 265
123 265
113 265
104 260
94 260
89 251
81 245
71 243
61 239
54 231
49 222
59 219
69 219
64 210
55 202
47 195
44 185
39 176
34 167
