69 782
69 772
74 757
74 747
79 737
84 727
92 719
97 709
105 701
113 694
123 694
133 694
134 677
134 667
134 657
134 647
134 637
134 627
134 617
134 607
134 597
134 587
134 577
134 567
134 557
134 547
134 537
134 527
134 517
134 507
134 497
134 487
134 477
134 467
134 457
134 447
139 432
139 422
144 412
149 402
154 392
154 382
159 372
164 362
169 352
169 342
177 334
182 324
187 314
194 302
199 292
204 282
209 272
217 264
225 256
230 246
238 239
245 231
253 224
262 219
270 211
280 206
290 201
300 196
310 191
320 186
328 179
335 171
343 164
350 156
360 154
369 149
378 144
388 144
397 139
407 134
417 129
427 129
436 124
445 119
454 112
464 109
474 107
484 102
494 97
504 94
513 89
523 89
533 89
543 89
553 89
563 89
573 89
583 89
593 89
602 94
611 99
621 99
631 99
640 104
650 104
659 109
667 115
677 119
684 127
692 134
695 144
700 153
708 159
718 159
728 159
738 159
748 159
758 159
768 159
777 164
786 169
795 174
804 179
814 181
820 189
828 195
835 203
843 209
852 214
861 219
870 224
878 230
885 238
893 245
900 253
905 262
905 272
912 280
917 289
924 297
925 307
929 317
930 327
930 337
935 346
935 356
940 365
940 375
940 385
940 395
940 405
940 415
940 425
940 435
940 445
940 455
940 465
940 475
940 485
940 495
940 505
940 515
940 525
940 535
940 545
945 554
945 564
945 574
945 584
945 594
945 604
945 614
945 624
945 634
945 644
945 654
945 664
945 674
953 680
960 688
965 697
969 707
977 714
980 724
985 733
985 743
985 753
985 763
985 773
985 783
985 793
985 803
980 815
975 830
970 840
965 855
960 865
955 880
955 890
950 900
950 910
945 920
945 930
945 940
940 950
935 965
927 974
919 980
910 985
903 993
898 1003
890 1010
885 1025
885 1035
885 1045
885 1055
885 1065
885 1075
880 1090
880 1100
875 1115
870 1130
865 1145
858 1153
853 1163
848 1173
843 1183
835 1190
828 1198
820 1205
820 1215
820 1225
820 1235
820 1245
815 1260
815 1270
810 1280
810 1290
810 1300
810 1310
805 1320
805 1330
800 1340
800 1350
798 1363
790 1370
785 1385
780 1395
778 1408
773 1418
768 1428
763 1438
755 1445
748 1453
740 1460
730 1465
720 1470
710 1475
703 1483
693 1488
685 1495
675 1500
665 1505
657 1514
649 1520
640 1525
630 1530
623 1538
615 1545
605 1550
596 1555
587 1560
579 1567
569 1572
559 1577
549 1580
540 1585
531 1590
521 1593
511 1590
501 1588
491 1584
482 1579
472 1575
462 1575
453 1570
444 1565
435 1560
425 1557
415 1553
409 1545
399 1542
392 1534
384 1527
379 1518
372 1510
363 1505
355 1498
348 1490
340 1483
333 1475
325 1468
318 1460
310 1453
304 1445
299 1436
299 1426
294 1417
289 1408
285 1398
279 1390
279 1380
274 1371
269 1362
262 1354
254 1347
254 1337
254 1327
254 1317
259 1302
259 1292
264 1275
264 1265
264 1255
264 1245
264 1235
264 1225
264 1215
264 1205
264 1195
264 1185
264 1175
264 1165
264 1155
264 1145
264 1135
262 1125
259 1115
258 1105
250 1098
244 1090
243 1080
235 1073
234 1063
228 1055
220 1048
219 1038
212 1030
203 1025
194 1020
185 1015
175 1013
169 1005
160 1000
154 992
149 983
143 975
135 968
134 958
129 949
124 940
122 930
115 922
110 913
104 905
99 896
94 887
87 879
82 870
79 860
74 851
74 841
74 831
69 822
69 812
69 802
69 792
