79 302
79 292
89 287
99 277
99 267
99 257
99 247
99 237
99 227
99 217
99 207
99 197
99 187
99 177
104 162
104 152
109 137
109 127
114 117
122 109
127 99
132 89
140 81
145 71
153 64
160 56
168 49
177 44
187 39
195 31
205 26
215 24
225 24
235 24
245 24
255 24
265 24
275 24
285 24
295 27
304 32
312 39
319 47
329 47
339 42
349 39
359 39
368 44
377 49
386 54
394 61
403 66
410 74
418 80
425 88
425 98
430 107
435 116
438 126
440 136
440 146
440 156
440 166
440 176
440 186
440 196
440 206
440 216
435 230
435 240
435 250
440 259
450 262
455 271
455 281
455 291
450 305
450 315
450 325
450 335
450 345
445 355
440 365
440 375
433 383
425 390
415 395
415 405
410 420
408 438
400 445
395 455
390 470
390 480
390 490
390 500
390 510
390 520
385 530
385 540
378 548
370 555
363 568
358 578
350 585
343 593
335 600
325 605
315 610
308 618
300 625
290 625
281 630
271 630
262 625
252 625
243 620
235 613
229 605
221 599
212 594
204 587
197 579
189 572
182 564
174 557
170 547
165 538
164 528
164 518
164 508
164 498
164 488
155 483
149 475
144 466
139 457
139 447
134 438
134 428
134 418
128 410
120 403
114 395
109 386
104 377
99 368
99 358
94 349
89 340
89 330
84 321
79 312
