24 317
24 307
29 292
34 282
44 272
49 260
49 250
44 241
44 231
39 222
39 212
39 202
39 192
39 182
39 172
39 162
39 152
44 137
49 127
54 117
59 107
67 99
74 87
82 79
90 71
98 64
105 56
115 51
125 46
133 39
142 34
152 34
162 29
172 29
181 24
191 24
201 24
211 24
221 24
231 24
241 24
249 31
255 39
265 42
272 50
280 57
290 56
300 54
310 54
319 59
329 59
339 61
348 66
353 75
360 83
368 90
375 98
380 107
380 117
385 126
385 136
385 146
385 156
385 166
385 176
385 186
380 195
380 205
380 215
375 225
375 235
375 245
375 255
375 265
380 274
388 280
390 290
390 300
390 310
390 320
390 330
390 340
385 355
380 365
377 379
369 385
360 390
355 400
350 410
350 420
345 435
343 453
335 460
330 470
325 480
325 490
325 500
320 510
320 520
315 535
310 545
305 560
299 572
291 580
282 585
274 592
264 597
256 605
247 610
239 617
231 625
221 625
212 630
202 630
193 625
184 620
174 620
165 615
157 609
149 602
142 594
134 587
127 579
119 572
114 563
109 554
104 545
104 535
99 526
99 516
99 506
99 496
99 486
99 476
99 466
99 456
99 446
99 436
94 427
89 418
82 410
73 405
65 398
59 390
54 381
49 372
44 363
37 355
34 345
29 336
24 327
