79 307
79 297
87 289
96 284
99 272
99 262
99 252
99 242
99 232
99 222
99 212
99 202
99 192
99 182
104 167
104 157
109 142
109 132
114 117
119 107
127 99
134 87
142 79
149 67
157 59
166 54
174 47
182 39
192 34
202 34
211 29
220 24
230 24
240 24
250 24
260 24
270 24
280 24
290 24
299 29
307 35
315 42
323 49
333 49
342 44
351 49
361 49
370 54
379 59
387 65
395 72
402 80
407 89
410 99
415 108
420 117
420 127
425 136
425 146
425 156
425 166
425 176
425 186
425 196
430 205
430 215
430 225
430 235
430 245
435 254
444 259
450 267
455 276
455 286
455 296
450 310
450 320
450 330
450 340
445 355
440 370
433 383
425 390
415 395
415 405
410 420
408 438
400 445
395 455
390 470
390 480
390 490
390 500
390 510
390 520
385 530
380 545
373 553
368 563
360 570
355 580
351 590
342 595
334 602
324 607
314 612
306 620
297 625
287 629
277 630
267 630
257 630
250 622
240 618
233 610
225 603
219 595
209 592
202 584
194 577
187 569
179 562
174 553
169 544
164 535
164 525
164 515
164 505
164 495
164 485
154 482
149 473
144 464
139 455
137 445
134 435
134 425
133 415
125 408
119 400
114 391
109 382
104 373
99 364
97 354
92 345
89 335
84 326
79 317
