149 186
144 177
152 169
157 159
165 151
173 144
182 139
190 131
200 126
208 119
218 119
227 114
236 109
245 104
255 101
265 99
274 94
283 89
293 89
302 84
312 84
322 84
332 84
342 84
352 84
362 84
372 84
382 84
392 84
401 89
411 89
420 94
430 97
439 102
449 104
458 109
467 114
474 122
482 129
489 137
494 146
500 154
508 160
515 168
523 175
530 183
538 190
545 198
553 205
560 213
568 220
575 228
580 237
585 246
590 255
595 264
597 279
587 284
577 280
568 275
559 270
550 265
540 263
531 258
521 255
512 250
503 245
493 245
484 240
474 240
465 235
455 235
445 235
435 240
440 249
448 255
452 265
457 274
460 284
465 293
465 303
465 313
470 322
470 332
470 342
465 360
465 370
460 380
455 395
450 405
445 415
445 425
440 440
440 450
440 460
435 470
435 480
435 490
430 500
430 510
425 520
420 530
418 543
410 550
402 559
393 565
384 570
374 572
364 575
354 575
344 575
334 575
324 575
315 570
305 567
295 563
288 555
280 548
276 538
271 529
269 519
264 510
264 500
259 491
259 481
259 471
254 462
247 454
239 462
234 472
226 480
216 484
209 476
204 467
209 452
209 442
214 427
219 412
224 397
229 386
229 376
229 366
229 356
224 347
224 337
229 327
229 317
229 307
229 297
234 282
239 272
244 262
252 254
257 239
247 235
237 239
229 245
220 250
210 255
200 260
194 252
199 242
199 232
204 222
209 212
212 195
208 185
198 185
188 185
178 185
169 190
159 190
