169 172
164 182
169 191
176 199
186 200
195 195
205 190
214 185
224 182
234 180
234 197
229 207
222 219
217 229
209 237
204 247
199 257
194 267
194 277
189 287
189 297
189 307
189 317
194 326
194 336
199 345
202 355
204 365
202 379
197 389
189 397
184 407
179 417
174 427
169 442
169 452
179 455
188 460
197 454
205 445
215 440
225 440
234 435
244 435
253 440
257 450
259 460
259 470
254 482
252 494
247 504
242 514
237 524
229 532
224 542
224 552
224 562
229 571
236 579
244 585
250 593
258 600
267 605
277 609
286 614
296 615
306 618
316 620
326 620
336 620
346 620
356 620
366 620
376 620
386 620
395 615
405 615
414 610
423 605
433 603
440 595
450 590
458 583
463 573
470 560
470 550
467 540
460 532
455 523
450 514
447 504
442 495
440 485
437 475
435 465
435 455
440 445
445 435
453 428
460 415
468 408
473 398
480 385
488 378
493 368
495 355
500 340
505 323
505 313
505 303
505 293
505 283
500 274
500 264
497 254
492 245
490 235
502 244
509 252
517 259
524 267
532 274
541 279
551 275
555 265
562 250
560 240
554 232
550 222
542 215
533 210
525 204
516 199
507 194
499 187
490 182
482 175
475 167
467 160
463 150
455 144
452 134
447 125
440 117
430 114
423 106
414 101
404 97
395 92
385 89
376 84
366 84
357 79
347 79
337 79
327 84
317 84
307 89
297 94
287 99
277 104
268 109
260 116
252 124
244 132
235 139
225 141
215 144
205 146
195 151
185 156
177 164
