24 37
24 27
34 24
44 26
53 31
60 39
68 45
77 50
85 57
94 62
102 69
111 74
119 81
125 89
134 94
142 100
150 107
157 115
165 122
172 130
180 137
187 145
195 152
199 162
207 169
214 177
222 184
231 189
241 189
250 194
260 194
270 197
279 202
285 210
283 223
278 233
273 243
265 250
273 256
278 265
282 275
290 282
294 292
302 299
309 307
314 316
320 324
325 333
333 340
337 350
345 357
352 365
350 375
355 384
360 393
368 400
377 405
382 414
391 419
400 424
410 427
418 434
427 439
436 444
445 449
452 464
442 465
432 465
423 460
413 460
404 455
394 455
385 460
380 470
379 482
372 490
363 485
355 478
354 468
349 459
344 450
344 440
339 431
334 422
334 412
329 403
323 395
314 390
304 390
294 390
284 390
274 390
265 385
259 377
259 367
259 357
255 347
250 338
244 330
234 327
229 318
223 310
215 303
209 295
199 292
195 282
185 280
185 290
180 300
170 300
160 297
150 293
144 285
139 276
134 267
139 257
147 249
149 237
142 229
137 220
130 212
124 204
119 195
111 188
106 179
99 171
94 162
87 154
79 147
74 138
69 129
64 120
59 111
54 102
49 93
45 83
41 73
36 64
29 56
29 46
