14 332
14 322
24 317
34 312
44 309
54 307
64 304
73 299
83 299
92 294
102 289
112 289
122 284
132 284
141 279
151 279
161 279
171 275
181 274
191 274
201 274
211 274
221 270
231 265
239 252
247 244
252 234
260 226
268 219
277 214
286 209
295 204
300 213
300 223
305 232
305 242
309 252
315 260
323 266
330 274
330 284
340 287
350 289
360 289
369 294
379 294
388 299
397 304
407 304
416 309
426 309
435 314
445 317
454 322
464 324
473 329
482 324
492 324
501 329
509 336
515 344
524 349
534 349
544 349
553 344
562 339
570 331
578 324
587 319
595 311
605 306
615 301
625 296
635 291
645 286
655 281
665 279
675 276
685 274
695 274
700 285
693 293
685 300
675 305
665 310
658 318
650 325
643 333
635 340
628 353
620 360
615 370
615 380
615 390
615 400
615 410
620 419
620 429
620 439
625 448
625 458
615 465
607 459
597 455
594 445
586 439
579 431
574 422
569 413
562 405
558 395
550 388
544 380
534 380
524 380
514 380
505 385
496 390
487 395
477 395
468 390
458 390
448 393
438 395
429 400
420 405
413 413
403 415
394 410
384 410
374 410
364 410
354 412
344 415
334 417
324 420
314 420
304 420
294 420
284 422
274 425
264 425
254 425
244 425
235 430
230 440
230 450
225 465
225 475
225 485
220 495
220 505
213 515
205 508
201 498
196 489
194 479
189 470
189 460
189 450
184 441
184 431
179 422
179 412
172 404
162 400
152 399
142 395
133 390
124 385
114 382
105 377
95 375
86 370
76 369
67 364
57 360
48 355
39 350
29 347
22 339
