94 106
90 96
98 90
107 85
116 80
124 74
134 70
144 68
154 64
164 60
174 58
184 56
184 40
194 34
199 25
209 25
219 29
229 31
239 34
249 38
259 42
266 50
274 57
284 54
294 50
304 48
314 52
322 59
329 67
335 75
341 83
351 85
360 80
370 76
379 71
388 66
398 64
407 72
403 86
402 103
403 113
405 123
405 142
395 143
385 139
375 135
366 130
358 124
349 119
339 120
338 135
334 145
326 153
316 153
306 151
296 147
286 145
276 147
266 147
256 147
246 147
236 149
239 159
241 169
241 179
233 186
223 184
214 179
206 185
196 185
188 179
183 170
179 160
174 151
164 149
154 145
144 141
134 139
125 134
116 129
108 122
101 114
