96 102
94 92
103 87
111 81
121 77
129 71
139 68
149 64
159 60
169 58
179 55
186 38
195 33
200 22
210 24
220 26
229 31
239 33
248 38
258 41
266 47
273 55
283 52
293 48
303 46
312 51
320 57
327 65
333 73
339 81
349 83
358 78
367 73
376 68
386 64
396 62
403 72
399 86
399 96
399 106
399 116
402 126
403 138
393 139
383 137
373 133
364 128
356 122
347 117
337 118
336 131
332 141
325 149
315 149
305 147
295 145
285 141
275 143
265 143
255 144
245 145
235 146
240 155
241 165
234 181
224 181
216 175
208 181
198 181
190 174
184 166
180 156
175 147
165 145
155 141
145 137
135 135
126 130
117 125
109 118
103 110
