132 130
137 139
147 138
156 133
164 127
172 119
182 118
182 128
185 138
189 148
199 149
209 147
218 141
228 143
238 143
248 145
244 164
244 174
249 183
259 178
267 172
275 164
282 172
288 180
298 181
304 173
307 158
307 148
316 143
326 139
336 135
346 131
354 123
359 114
365 104
364 90
356 84
350 76
342 70
332 67
323 62
313 58
303 56
295 50
295 38
289 30
284 21
274 22
265 27
256 32
246 36
238 44
230 52
220 52
212 46
202 50
194 58
188 66
183 75
177 84
169 78
161 72
152 67
142 63
132 64
133 74
135 84
136 94
136 104
134 120
