124 104
122 94
130 86
138 80
146 72
156 68
166 66
175 61
185 58
195 55
200 38
208 30
212 20
222 22
232 26
241 31
249 37
259 40
266 48
272 56
281 51
290 46
300 48
308 55
315 63
321 71
325 81
335 81
344 76
352 70
362 66
372 62
377 76
375 86
375 96
375 106
375 116
377 126
379 136
369 139
359 137
351 131
343 125
335 119
325 118
325 128
321 138
315 149
305 149
295 147
286 142
276 143
266 143
256 143
246 145
249 155
253 165
248 181
238 179
230 173
222 167
216 175
208 181
198 179
193 170
190 160
190 150
181 145
171 141
162 136
152 133
143 128
136 120
130 112
