79 103
74 94
82 88
91 83
100 78
110 76
119 71
129 67
139 64
149 60
159 57
169 56
178 48
178 38
188 34
193 25
203 22
213 22
223 26
233 28
242 33
251 38
260 43
269 48
277 54
287 53
297 49
307 46
317 48
325 54
333 60
340 68
348 75
353 84
363 83
372 78
382 74
392 70
402 66
412 64
422 62
423 76
419 88
419 98
419 108
421 118
423 128
417 139
407 139
397 135
387 131
378 126
369 121
359 117
349 118
348 131
344 141
337 149
327 149
317 149
307 147
298 142
288 141
278 143
268 143
258 143
248 145
238 145
228 145
231 155
230 169
226 179
216 182
206 183
197 178
189 172
183 164
178 155
171 147
161 147
151 145
141 141
131 137
121 133
111 129
102 124
94 117
87 109
