82 134
91 139
101 138
111 135
121 131
130 125
139 120
149 117
156 125
158 135
162 145
172 149
182 149
192 147
202 143
212 141
222 143
232 143
242 143
252 145
262 145
264 156
264 166
267 176
275 182
285 179
295 181
305 178
313 170
319 160
324 151
334 147
344 145
354 141
364 137
374 133
384 131
392 125
400 117
408 109
416 101
416 89
406 85
397 80
387 76
378 71
368 68
358 64
348 60
338 58
328 56
319 51
319 41
311 35
305 27
296 22
286 22
276 26
266 30
256 36
247 41
237 44
229 51
219 55
210 50
200 46
190 48
180 52
172 60
164 68
156 76
150 84
140 81
130 78
121 73
112 68
102 64
92 62
82 66
84 76
88 86
90 96
90 106
86 120
