120 106
118 96
126 88
134 82
142 74
152 70
162 68
171 63
181 60
191 56
196 42
204 34
208 24
218 23
228 26
238 30
246 36
254 42
263 47
271 54
281 52
291 48
301 50
308 58
315 66
321 74
326 83
336 84
344 78
352 72
362 68
372 64
379 74
377 84
375 96
375 106
376 116
378 126
380 141
370 143
360 139
350 135
342 129
335 121
325 120
323 132
320 145
313 153
303 153
293 150
284 145
274 147
264 147
254 147
244 149
247 159
251 169
251 179
244 187
234 183
227 175
217 172
212 181
203 187
195 181
190 172
188 162
186 152
176 148
167 143
157 139
147 135
138 130
132 122
126 114
