24 372
24 362
32 354
42 349
51 344
61 344
70 339
80 336
90 334
100 331
110 329
120 329
130 326
140 324
150 324
160 324
169 319
179 319
189 319
199 317
209 314
219 314
229 314
238 309
248 309
258 310
268 314
278 314
288 314
298 314
307 309
315 301
323 294
332 289
341 294
349 301
355 309
363 315
372 320
382 324
392 324
401 329
411 329
421 329
431 329
441 329
451 329
460 324
469 329
479 329
488 334
497 339
506 344
516 344
525 349
535 352
544 357
554 359
564 359
574 359
584 359
594 359
604 359
613 354
623 354
632 349
641 344
650 339
660 336
670 331
680 326
690 324
699 319
709 319
719 319
720 330
713 338
705 345
698 353
690 360
683 368
675 375
675 385
677 395
682 404
691 409
699 416
705 424
713 430
717 440
712 450
702 450
692 449
682 445
672 444
662 440
653 435
643 435
634 430
625 425
616 420
607 415
597 414
587 410
577 410
567 410
557 410
547 410
537 410
527 414
517 415
507 415
498 420
488 420
479 425
469 427
459 430
450 435
440 435
430 435
420 440
410 440
400 440
393 448
383 453
373 458
365 465
357 474
347 479
339 485
330 490
320 490
311 485
302 480
295 472
285 468
279 460
269 457
260 452
250 450
240 450
230 450
220 450
211 445
201 445
191 445
181 445
171 445
161 443
151 440
141 440
132 435
122 435
112 434
102 430
93 425
84 420
74 417
65 412
55 408
49 400
39 397
32 389
24 382
