104 102
102 92
110 86
119 81
128 74
138 70
148 66
158 62
168 60
178 56
188 54
190 38
198 32
203 23
213 23
223 26
233 29
243 32
251 38
259 44
268 49
276 56
284 50
294 46
304 47
312 53
319 61
327 68
333 76
339 84
349 80
358 74
368 70
378 66
388 63
395 72
391 88
391 98
391 108
393 118
395 128
389 139
379 137
369 134
360 129
352 122
343 117
333 118
331 132
326 145
316 149
306 149
296 147
288 141
278 143
268 143
258 143
248 145
238 145
243 154
245 164
243 176
233 181
223 177
213 176
205 182
195 179
189 171
184 162
182 152
173 147
163 143
153 139
143 135
133 131
125 125
117 118
111 110
