4 272
4 262
9 252
14 237
14 227
19 217
24 207
32 199
42 194
50 186
60 181
70 179
80 179
90 182
100 184
110 184
120 187
130 189
140 189
149 194
159 196
169 199
179 201
189 204
199 206
209 209
219 211
228 216
238 219
247 224
257 224
267 224
276 229
286 229
296 225
306 224
319 224
314 215
305 210
299 202
309 197
317 189
325 181
335 176
343 169
350 161
359 152
367 144
375 136
385 131
393 124
402 119
411 114
421 110
431 109
441 109
451 109
460 114
470 117
480 119
490 122
500 124
510 127
519 132
529 134
538 139
548 139
557 144
566 149
575 154
585 157
594 162
604 166
610 174
619 167
627 159
634 147
642 139
652 139
660 131
668 124
677 119
686 114
695 109
705 106
713 99
722 94
732 89
742 84
752 79
762 74
772 74
782 69
791 64
801 60
811 55
821 54
830 49
840 46
850 44
859 39
868 34
878 34
887 29
897 29
906 24
916 20
926 19
935 14
945 14
954 9
964 7
974 4
982 10
990 17
997 25
1005 32
1010 41
1015 50
1020 59
1025 68
1030 77
1035 86
1041 94
1050 99
1055 108
1060 117
1067 125
1075 132
1083 139
1093 139
1102 144
1110 136
1114 117
1114 107
1124 104
1134 104
1144 102
1149 87
1157 79
1160 89
1170 92
1178 99
1187 94
1197 94
1205 86
1215 87
1220 96
1225 105
1225 115
1225 125
1225 135
1225 145
1225 155
1230 164
1239 159
1249 161
1258 166
1268 165
1278 169
1285 161
1294 166
1300 174
1310 174
1319 179
1329 181
1335 189
1345 189
1353 195
1360 203
1368 209
1375 217
1383 224
1393 225
1395 235
1400 244
1408 250
1415 258
1420 267
1425 276
1423 288
1418 298
1410 305
1408 323
1403 333
1393 335
1384 340
1374 340
1365 335
1355 335
1345 335
1335 335
1325 340
1315 340
1305 345
1295 345
1286 350
1276 350
1267 355
1257 355
1248 360
1238 360
1229 365
1219 365
1210 370
1205 385
1205 395
1200 405
1198 418
1193 428
1185 435
1180 450
1175 460
1168 473
1160 480
1154 492
1145 498
1139 490
1133 498
1125 505
1115 510
1105 515
1099 507
1107 499
1112 489
1122 484
1129 472
1137 464
1145 456
1153 449
1157 439
1162 429
1167 419
1174 402
1179 392
1184 383
1177 375
1167 375
1157 375
1152 384
1144 390
1135 395
1128 403
1120 410
1110 410
1101 415
1092 420
1082 420
1073 425
1063 425
1053 425
1043 425
1033 425
1024 420
1014 420
1004 420
994 420
984 420
974 420
965 415
955 415
945 412
935 410
928 418
920 425
912 434
907 444
897 445
888 450
878 450
868 450
858 450
848 450
838 453
828 455
818 455
808 455
798 455
788 455
778 455
769 450
759 450
749 450
739 450
729 450
719 450
709 450
699 450
689 450
679 450
669 450
659 450
649 450
639 450
630 445
620 445
610 442
600 440
590 440
581 435
571 435
561 433
551 430
541 430
531 430
521 428
511 425
501 423
491 420
481 420
472 415
462 414
452 410
442 410
433 405
423 405
414 400
404 400
394 397
385 392
375 390
365 387
355 385
346 380
337 375
327 374
317 370
308 365
299 360
289 356
284 347
292 339
305 325
295 325
285 325
275 325
265 325
255 325
245 325
235 330
226 335
217 340
207 340
197 344
187 345
177 345
167 349
157 350
147 350
137 350
128 355
118 355
108 355
98 355
88 355
78 355
68 355
58 355
49 350
40 345
30 343
24 335
16 329
12 319
4 312
4 302
4 292
4 282
