82 132
90 139
100 139
110 135
120 131
129 126
137 120
147 117
154 125
158 135
162 145
172 149
182 149
192 147
202 143
212 141
222 143
232 143
242 143
252 145
262 145
264 155
264 165
266 175
274 181
284 179
294 181
304 179
312 171
318 163
323 150
333 147
343 145
353 141
363 137
373 134
383 130
392 125
400 117
408 109
415 100
414 89
405 84
395 80
385 76
377 70
367 68
357 64
347 60
337 58
327 56
317 52
312 37
307 28
301 20
291 22
282 27
272 30
262 34
252 38
242 40
234 46
226 52
216 54
206 50
196 46
186 48
178 54
170 60
162 68
156 76
150 84
140 82
130 78
121 73
112 68
102 65
92 62
82 64
84 74
86 84
88 94
88 104
86 118
