19 422
19 412
29 409
38 404
48 404
58 404
67 399
76 394
86 394
96 390
106 389
115 384
125 384
135 384
144 379
154 379
163 374
173 374
183 374
193 374
203 374
210 366
218 359
219 347
227 339
229 322
239 317
239 307
249 297
254 287
264 286
270 294
270 304
270 314
275 323
275 333
280 342
288 349
297 354
306 359
315 364
325 364
335 364
345 364
355 364
365 364
375 364
385 364
395 364
405 364
415 367
425 369
434 374
444 374
454 374
464 374
474 374
484 374
494 374
504 374
513 369
522 374
532 374
541 379
550 384
560 384
570 384
580 384
589 377
599 372
607 364
616 359
625 354
634 349
644 349
653 344
662 339
672 334
681 329
691 329
699 322
709 319
719 319
729 317
739 312
749 309
759 309
769 309
779 309
783 319
775 325
767 335
758 340
749 345
740 350
730 350
720 355
713 363
703 368
695 375
685 375
678 385
668 388
660 395
650 400
640 405
633 413
625 420
625 430
627 440
630 450
625 465
616 460
606 459
599 451
591 445
582 440
575 432
565 428
559 420
549 422
539 427
529 432
521 440
511 440
502 445
492 445
483 440
473 440
464 435
454 435
444 435
434 437
424 440
415 445
406 450
396 450
386 448
376 445
366 445
356 445
347 450
337 450
328 455
318 458
308 460
298 460
288 460
278 460
268 460
258 460
248 460
238 463
228 468
220 475
220 485
220 495
220 505
217 519
207 520
200 512
192 505
185 497
180 488
174 480
169 471
161 465
152 460
142 460
132 460
123 455
113 455
104 450
94 450
84 450
74 447
65 442
55 440
46 435
37 430
27 429
