113 102
112 92
120 86
128 80
136 74
146 70
156 66
166 62
176 58
186 56
194 48
194 38
202 32
207 23
217 23
227 26
237 28
245 34
254 39
263 44
270 52
280 52
290 48
300 47
309 52
316 60
322 68
328 76
334 84
344 80
352 74
362 70
371 65
381 63
385 78
383 88
383 98
383 108
385 118
387 128
383 139
373 139
363 135
355 129
347 123
339 117
329 118
326 137
322 147
312 149
302 148
292 145
282 141
272 143
262 143
252 145
242 145
245 155
249 165
244 181
234 181
226 175
217 170
210 179
200 181
192 175
188 165
186 155
179 147
169 143
160 138
150 135
140 131
131 126
125 118
119 110
