19 377
19 367
27 359
35 351
43 344
53 344
60 336
70 331
80 329
89 324
98 319
107 314
117 314
127 314
137 309
147 309
156 304
166 304
176 304
186 300
196 299
206 299
216 299
226 295
236 294
246 290
256 289
266 289
276 289
286 289
296 289
306 285
316 284
325 279
335 276
345 274
355 274
365 277
372 285
382 289
392 289
401 294
411 294
420 299
430 302
440 304
449 299
458 294
467 289
477 289
487 289
495 295
500 304
510 307
518 314
527 319
536 324
545 329
553 335
563 339
573 339
583 339
592 334
602 329
612 329
622 329
631 324
640 319
649 314
659 312
669 307
679 304
689 304
698 299
707 294
717 289
727 289
737 284
747 279
757 279
758 289
750 295
743 308
735 315
727 329
717 334
709 342
699 345
693 353
683 355
673 358
665 365
667 375
677 379
684 387
694 391
704 394
712 400
720 407
729 412
737 419
744 427
750 435
755 444
760 453
751 460
741 460
731 459
722 454
712 450
703 445
693 445
684 440
675 435
665 433
658 425
649 420
639 417
630 412
620 410
610 410
601 405
591 403
581 400
572 395
562 395
552 395
543 400
534 405
524 405
515 410
505 410
495 410
486 415
477 420
467 420
457 424
447 425
438 430
429 435
419 435
409 435
400 440
390 440
380 445
377 459
372 469
364 475
355 480
348 488
343 498
333 503
328 513
320 520
310 523
304 515
304 505
296 498
291 489
289 479
284 470
279 461
271 455
262 450
252 450
242 450
232 450
222 450
212 449
202 445
192 445
182 445
172 445
163 440
153 440
144 435
134 435
124 431
116 425
106 423
96 420
86 419
77 414
67 410
57 410
50 402
40 398
31 393
25 385
