24 207
24 197
29 182
34 172
42 164
51 159
61 159
71 159
81 159
90 164
100 167
110 169
120 169
129 174
139 176
149 179
159 179
169 179
179 179
188 174
194 162
199 152
207 144
215 136
220 126
225 116
233 109
240 101
248 94
255 86
263 79
270 71
278 64
287 59
295 51
303 44
312 39
322 34
332 34
341 29
350 24
360 24
370 24
380 24
390 24
400 24
410 24
420 24
430 24
440 27
450 29
459 34
469 36
478 41
488 44
497 49
507 49
517 49
524 57
534 61
543 66
550 74
558 80
565 88
575 92
584 97
592 104
601 109
610 114
615 123
623 130
630 138
638 145
647 150
655 157
659 167
667 174
676 179
685 184
693 190
695 200
695 210
695 220
693 233
685 240
678 248
670 255
663 263
655 270
648 278
643 288
635 295
628 303
623 313
615 320
605 320
595 320
588 328
580 335
573 343
565 350
557 359
552 369
544 375
535 380
527 389
519 397
511 405
502 410
493 415
484 420
474 422
464 427
454 430
445 435
435 435
425 435
416 440
406 440
396 440
387 435
377 435
368 430
359 425
349 422
340 417
330 413
323 405
314 400
304 397
297 389
289 382
282 374
274 367
267 359
259 352
252 344
244 337
237 329
229 322
222 314
214 307
210 297
202 290
199 280
191 273
181 270
172 275
162 275
152 275
143 280
133 283
123 285
114 290
104 290
94 292
84 295
74 295
64 295
54 295
46 288
36 284
29 276
24 267
24 257
24 247
24 237
24 227
24 217
