24 167
24 157
29 142
29 132
34 122
44 117
54 114
63 119
73 120
82 125
92 129
101 134
111 134
120 139
130 139
139 134
148 129
155 121
163 114
170 106
178 99
185 91
195 86
205 81
215 79
224 74
233 69
242 64
252 59
262 54
272 49
282 49
291 44
300 39
310 36
320 31
330 29
340 29
350 26
360 24
370 24
380 24
390 24
400 24
410 24
420 24
430 24
440 24
450 27
460 29
469 34
479 36
489 39
498 44
508 44
518 45
527 50
535 57
544 62
554 64
563 69
572 74
581 79
590 84
600 87
608 94
617 99
624 107
634 111
640 119
650 119
659 124
668 129
677 134
680 144
685 153
693 160
687 174
679 180
670 185
663 193
655 200
648 208
640 215
630 225
620 230
612 239
602 244
592 249
582 254
573 260
563 263
553 268
545 275
536 280
526 280
516 280
507 285
497 289
487 294
477 295
468 300
458 303
448 308
438 310
428 310
418 313
408 315
399 320
390 325
380 325
370 325
361 320
351 318
341 315
331 315
321 314
312 309
302 305
293 300
284 295
274 295
265 290
255 288
248 280
239 275
229 272
220 267
210 265
201 260
192 255
183 250
175 243
168 235
159 230
149 230
140 225
130 222
120 220
110 225
100 230
90 235
80 235
70 235
61 240
52 245
43 250
34 245
29 236
24 227
24 217
24 207
24 197
24 187
24 177
