39 212
39 202
44 187
54 182
64 179
73 174
77 164
82 154
89 137
97 129
105 121
113 114
122 109
130 101
135 91
145 86
155 81
165 76
173 69
180 61
190 56
198 49
207 44
217 44
227 39
237 39
246 34
255 29
265 26
275 24
285 24
295 24
305 24
315 24
325 24
335 24
345 24
355 24
365 27
374 32
382 39
391 44
400 49
410 52
419 57
427 64
436 69
444 76
453 81
460 89
470 89
480 92
485 101
491 109
499 116
505 124
510 133
518 139
528 139
537 134
547 134
557 129
566 124
575 119
584 114
593 109
603 109
612 104
619 112
624 121
625 131
631 139
635 149
635 159
635 169
640 178
635 195
627 209
622 219
617 229
612 239
602 240
593 235
584 230
576 224
567 219
559 212
550 207
540 203
533 195
524 190
515 195
513 208
508 218
500 225
493 233
485 240
478 253
470 260
463 268
455 275
448 283
440 290
435 300
428 308
418 313
410 320
400 325
392 334
384 340
375 345
366 350
356 350
347 355
337 355
327 355
317 355
307 355
297 355
287 355
277 355
267 354
257 350
248 345
239 340
230 335
222 329
212 325
203 320
194 315
184 315
175 310
165 308
158 300
149 295
139 295
129 297
122 289
117 280
114 270
105 265
95 265
86 260
77 255
68 250
59 245
51 239
44 231
39 222
