24 147
24 137
29 127
34 117
42 109
52 104
61 109
71 109
81 109
90 114
100 114
109 119
119 119
129 121
139 124
149 124
158 119
165 111
173 104
180 96
188 89
197 84
207 79
215 71
225 66
235 64
244 57
254 52
264 47
274 42
284 39
293 34
303 34
313 34
322 29
332 29
342 29
351 24
361 24
371 24
381 24
391 24
401 24
411 24
421 24
431 24
441 24
451 24
461 24
471 24
481 24
490 29
500 29
510 29
519 34
529 36
538 41
548 45
555 53
563 60
572 65
582 69
589 77
597 84
606 89
615 94
623 100
630 108
640 112
649 117
657 124
664 132
674 136
680 144
688 150
692 160
695 170
695 180
689 192
681 200
671 200
662 205
653 210
643 213
633 215
624 220
615 225
607 234
598 240
589 235
580 240
573 248
563 253
555 260
548 268
540 275
531 280
522 285
512 285
502 285
493 290
483 290
473 290
463 290
453 290
443 290
433 290
423 290
413 290
403 290
393 290
383 290
373 290
363 290
354 285
344 285
334 285
325 280
315 280
305 280
296 275
287 270
277 269
267 265
258 260
248 260
240 253
234 245
224 242
215 237
207 230
200 222
190 218
183 210
174 205
166 199
159 191
151 185
142 180
132 184
122 185
113 190
104 195
94 197
84 200
74 200
65 205
55 205
45 202
39 194
34 185
29 176
29 166
29 156
