39 167
39 157
44 147
52 139
61 134
71 130
81 125
89 117
97 109
105 101
113 94
122 89
131 84
140 79
150 76
160 71
170 69
179 62
189 57
199 52
209 47
219 44
229 44
239 44
249 44
258 39
267 34
276 29
286 29
296 29
306 29
316 29
325 24
335 24
345 24
355 24
365 24
375 27
382 35
392 34
402 29
411 34
419 41
425 49
435 52
443 59
453 60
462 65
467 74
476 79
485 84
495 87
502 95
512 99
519 107
529 111
535 119
540 128
548 135
555 143
563 150
573 154
583 154
593 154
603 154
612 149
622 149
632 149
642 149
652 149
662 149
671 144
681 144
690 149
698 155
702 165
707 174
710 184
705 195
700 205
695 215
688 223
678 225
669 220
659 220
649 220
639 220
629 220
619 220
610 215
600 215
590 215
580 215
570 215
560 215
550 220
540 225
535 235
525 240
515 245
508 253
500 260
490 260
480 265
473 273
465 280
455 280
445 280
437 289
428 295
419 300
409 300
400 305
390 305
380 305
373 313
365 320
355 320
345 325
335 325
325 325
315 325
306 320
296 320
286 320
276 320
267 315
257 314
247 310
238 305
228 305
219 300
210 295
200 292
190 288
183 280
174 275
164 275
154 275
145 270
135 268
129 260
121 254
114 246
106 240
97 235
90 227
80 223
73 215
65 208
59 200
51 194
44 186
39 177
