39 197
39 187
47 179
56 174
65 169
74 162
82 154
89 142
97 134
102 124
110 116
118 109
125 101
133 94
142 89
152 84
161 79
170 74
180 71
190 66
200 64
209 59
218 54
227 49
237 44
247 39
257 39
267 39
276 34
286 30
296 29
306 29
316 29
326 29
335 24
345 24
355 24
365 24
375 24
385 27
395 29
405 29
415 32
425 34
435 34
443 40
450 48
458 55
467 60
475 67
482 75
487 84
496 89
505 94
513 100
520 108
528 115
535 123
540 132
544 142
549 151
559 152
569 149
579 149
589 147
597 139
606 134
615 129
625 126
633 119
642 114
652 109
661 104
670 99
680 99
689 104
695 112
700 121
703 131
705 141
710 150
710 160
710 170
710 180
710 190
710 200
705 210
703 228
693 233
683 235
674 230
664 230
654 230
645 225
635 225
625 222
615 220
605 220
595 217
585 215
575 215
565 215
555 215
545 220
538 233
533 243
525 250
518 258
510 265
505 275
498 288
490 295
483 303
473 308
465 315
458 323
450 330
442 339
433 345
424 350
415 355
405 360
395 365
386 370
376 370
366 370
356 370
346 368
336 364
327 359
317 355
308 350
299 345
290 340
280 338
271 333
261 330
252 325
242 324
234 317
225 312
215 310
205 310
195 307
185 303
178 295
170 288
163 280
154 275
144 271
136 265
127 260
117 260
108 255
99 250
91 244
82 239
72 235
63 230
55 223
49 215
44 206
