39 182
39 172
44 162
52 154
62 149
72 144
79 132
84 122
92 114
100 106
108 99
117 94
125 86
133 79
142 74
152 74
161 69
171 65
179 59
188 54
198 54
208 54
217 49
226 44
236 40
246 39
255 34
265 34
275 31
285 29
295 29
305 29
315 29
324 24
334 24
344 24
354 24
364 24
374 24
384 24
394 24
404 24
414 24
423 29
433 30
442 35
452 39
461 44
470 49
478 55
482 65
490 72
494 82
502 89
509 97
517 104
524 112
532 119
535 129
543 135
550 143
558 150
565 158
575 159
585 159
594 154
604 152
614 149
623 144
633 144
643 144
652 139
661 134
671 134
681 134
691 134
695 144
700 153
705 162
709 172
710 182
710 192
710 202
705 220
700 230
695 245
685 255
676 260
667 255
657 255
647 254
637 250
628 245
618 245
608 245
599 240
589 240
580 235
570 235
560 235
550 240
543 253
535 260
528 268
520 275
512 284
502 289
494 295
485 300
478 308
470 315
463 323
455 330
448 338
440 345
432 354
424 360
414 362
404 367
394 370
384 370
374 370
364 370
354 370
344 370
334 366
326 360
316 360
306 358
296 355
287 350
277 350
268 345
258 345
249 340
239 340
230 335
221 330
212 325
205 317
197 310
190 302
182 295
173 290
164 285
154 281
146 275
137 270
130 262
120 258
114 250
106 244
99 236
91 230
82 225
73 220
65 213
59 205
51 199
44 191
