24 157
24 147
29 137
34 122
39 112
47 104
56 99
66 99
74 106
83 111
93 115
102 120
112 124
119 132
129 136
138 141
145 149
155 149
165 149
175 152
185 151
190 141
195 131
200 121
208 114
215 106
225 101
230 91
240 86
250 81
258 74
265 66
273 59
280 51
288 44
295 36
305 34
315 34
324 29
334 29
344 29
353 24
363 24
373 24
383 24
393 24
403 25
413 29
423 29
433 29
443 29
452 34
462 34
471 39
481 39
490 44
500 47
509 52
519 56
528 61
538 64
548 64
558 65
568 69
578 69
587 74
597 74
606 79
615 84
625 87
632 95
640 102
645 111
650 120
655 129
660 138
665 147
669 157
677 164
684 172
689 181
693 191
693 208
688 218
680 225
675 235
668 243
660 250
653 258
645 265
637 274
627 279
617 280
608 285
599 290
590 295
581 300
572 305
564 312
554 317
544 320
534 320
525 325
515 330
505 335
497 344
489 350
479 352
469 355
459 355
450 360
440 360
430 365
420 365
410 365
400 365
391 370
381 370
371 370
361 370
351 370
341 369
332 364
322 360
313 355
305 348
299 340
289 337
282 329
274 322
267 314
259 307
252 299
244 292
237 284
229 277
222 269
214 262
209 253
204 244
199 235
191 229
184 221
176 215
166 215
156 215
146 215
136 215
127 220
117 224
107 225
97 225
87 229
77 230
67 230
57 234
47 235
37 235
34 225
29 216
24 207
24 197
24 187
24 177
24 167
