19 197
19 187
24 177
24 167
24 157
32 149
40 141
48 134
55 126
63 119
70 111
75 101
85 96
95 91
105 86
115 81
120 71
128 64
135 56
143 49
152 44
162 39
170 31
180 29
190 26
200 24
210 24
220 24
229 19
239 19
249 19
259 19
269 21
279 21
288 26
298 29
307 34
317 34
326 39
336 39
346 39
355 44
363 50
372 55
382 59
391 64
400 69
408 75
417 80
425 87
432 95
440 102
447 110
455 117
460 126
466 134
470 144
470 154
480 157
490 156
498 149
505 141
515 136
525 131
533 124
542 119
552 119
560 111
570 109
580 107
589 102
599 99
609 99
619 99
629 101
620 110
610 110
602 119
592 124
583 130
574 135
565 140
558 153
550 160
545 170
545 180
545 190
545 200
545 210
547 220
550 230
555 239
565 242
569 252
577 259
587 259
596 264
605 269
615 272
612 284
602 285
592 285
582 285
578 275
569 280
561 273
551 270
542 265
532 264
522 260
515 252
505 253
499 245
489 245
480 240
470 237
460 235
450 235
455 244
463 250
460 265
453 273
445 280
438 288
428 293
418 298
410 305
401 310
392 315
382 319
377 329
367 334
357 339
347 340
337 344
327 345
319 352
309 350
300 355
290 360
280 360
270 360
260 357
252 350
243 345
235 338
228 330
220 323
211 318
205 310
195 310
195 325
197 335
205 342
205 352
199 360
189 360
181 354
174 346
169 337
162 329
154 322
154 312
147 304
137 300
128 295
119 290
109 290
100 285
91 280
82 275
73 270
65 263
59 255
49 251
44 242
40 232
32 225
29 215
24 206
