24 182
24 172
29 162
34 152
42 144
50 136
58 129
68 129
78 130
88 134
98 134
108 134
118 135
128 139
137 144
147 144
157 144
166 149
176 149
186 145
194 132
202 124
210 116
218 109
227 104
234 92
242 84
252 79
262 74
272 69
281 64
290 59
299 52
309 47
317 39
327 34
337 34
347 34
357 29
366 24
376 24
386 24
396 24
406 24
416 24
425 29
435 29
445 29
455 29
465 32
475 34
484 39
494 41
504 44
514 44
523 49
533 50
542 55
552 59
561 64
570 69
579 74
588 79
598 80
607 85
612 94
619 102
627 109
630 119
638 125
645 133
653 139
662 144
672 144
682 144
691 149
695 159
695 169
688 183
680 190
673 198
663 203
653 208
645 215
635 220
628 228
620 235
613 243
608 253
600 260
592 269
582 270
573 275
563 275
553 278
545 285
536 290
527 295
519 302
509 305
499 305
489 307
479 312
469 315
460 320
450 320
440 320
430 320
420 320
411 325
401 325
391 325
381 325
371 324
364 316
356 310
347 305
337 305
327 304
317 300
308 295
299 290
290 285
281 280
272 275
262 274
254 267
245 262
237 255
228 250
220 243
213 235
205 228
199 220
190 215
180 215
170 215
160 220
150 220
140 225
130 230
121 235
111 235
101 235
91 235
82 240
72 240
62 239
52 235
45 227
39 219
34 210
29 201
24 192
