39 472
39 462
44 447
44 437
44 427
54 417
54 407
59 397
59 387
69 377
74 367
74 357
84 352
84 342
89 332
99 327
99 317
104 302
114 297
119 287
129 277
134 267
144 257
154 254
164 252
174 249
183 244
193 244
203 244
207 234
217 234
225 226
235 224
239 206
239 196
234 187
234 177
234 167
244 164
254 164
264 164
273 169
283 170
288 179
298 179
302 169
312 164
314 152
324 147
329 137
339 132
339 122
347 114
354 102
362 94
372 94
377 84
387 84
396 79
406 75
416 74
425 69
435 69
444 62
454 59
464 57
474 54
484 54
493 49
503 49
513 49
520 41
530 39
540 39
550 39
559 34
569 34
579 34
589 34
599 34
609 34
619 34
627 40
620 50
611 55
602 60
597 69
589 75
580 80
570 85
562 99
552 104
547 114
537 119
529 125
523 133
515 140
506 145
497 150
492 159
484 165
475 170
465 180
460 190
460 200
450 205
445 220
435 225
430 235
424 245
415 250
409 265
400 270
390 275
395 284
403 290
412 295
420 302
427 310
435 317
444 322
449 331
458 336
465 344
473 350
480 358
490 362
490 372
495 381
495 391
487 399
477 404
472 414
462 415
453 420
444 415
434 412
430 402
420 398
414 390
406 384
402 374
392 370
389 360
380 355
374 347
370 337
360 333
354 325
354 315
344 317
334 320
328 328
318 330
309 335
299 335
290 340
280 340
274 350
264 352
254 355
245 360
235 360
229 370
219 370
209 372
201 380
191 380
182 385
177 394
169 400
160 405
150 405
143 418
133 423
128 433
118 435
109 440
100 445
90 450
85 460
75 460
67 469
59 477
49 480
39 482
