104 292
104 282
114 279
124 279
134 277
144 274
154 274
164 274
174 274
184 274
193 269
203 269
213 269
223 269
232 264
242 264
252 264
262 264
272 264
282 264
292 264
302 264
305 274
305 284
310 293
310 303
310 313
310 323
310 333
318 339
328 339
337 334
347 334
357 334
367 334
377 334
387 329
397 329
407 329
417 329
427 324
437 324
447 319
455 311
465 306
473 299
480 291
488 284
497 279
505 271
513 264
522 259
530 251
538 244
547 239
555 231
563 224
572 219
580 211
588 204
597 199
607 199
614 207
619 216
625 224
630 233
635 242
640 251
630 255
622 264
614 270
605 275
598 283
588 288
580 295
573 303
563 308
555 315
545 320
537 329
529 335
520 340
513 348
503 353
495 360
485 365
477 374
467 379
459 385
450 390
440 390
430 390
420 395
410 395
400 395
390 395
380 395
370 400
360 400
350 400
340 400
330 400
320 400
320 410
320 420
322 430
325 440
325 450
318 460
309 465
299 465
289 465
279 467
269 470
259 470
249 470
239 470
229 470
220 475
210 475
200 475
190 475
180 475
170 480
160 480
150 480
140 480
130 480
124 472
124 462
124 452
134 449
144 449
154 447
164 444
174 444
184 444
194 444
204 444
213 439
223 439
233 439
243 439
249 425
249 415
239 415
229 415
219 415
209 417
199 420
189 420
179 420
169 420
159 420
149 420
139 420
129 420
119 417
119 407
119 397
129 392
139 389
149 389
159 389
169 387
179 384
189 384
199 384
209 384
219 382
229 379
239 379
239 365
230 360
220 360
210 360
200 360
190 360
180 360
170 360
160 360
150 360
140 360
130 365
120 365
114 357
114 347
114 337
124 334
134 334
144 334
154 334
164 332
174 329
184 329
194 329
204 327
214 324
224 324
234 324
239 310
239 300
229 300
219 300
209 300
199 302
189 305
179 305
169 305
159 305
149 305
139 305
129 305
119 305
109 301
