385 1136
385 1126
393 1120
403 1120
413 1120
423 1120
433 1120
443 1120
453 1120
463 1120
473 1120
483 1120
492 1125
502 1125
512 1125
521 1130
530 1135
540 1135
550 1135
560 1135
570 1135
579 1140
588 1145
598 1145
608 1145
617 1150
627 1150
637 1150
646 1155
656 1155
666 1155
676 1155
686 1159
696 1160
706 1160
715 1165
725 1165
735 1165
745 1165
755 1168
765 1170
775 1170
785 1173
795 1175
805 1175
815 1178
825 1180
835 1180
844 1185
854 1185
864 1185
874 1185
884 1185
894 1185
904 1185
914 1185
924 1185
933 1180
942 1175
950 1161
955 1152
955 1142
950 1133
944 1125
935 1120
926 1115
916 1115
906 1115
896 1115
886 1115
876 1115
866 1115
856 1115
847 1110
837 1110
828 1105
818 1105
808 1105
798 1105
789 1100
779 1100
769 1100
760 1095
750 1095
740 1095
730 1095
720 1091
710 1090
700 1090
691 1085
681 1085
671 1085
661 1085
652 1080
642 1080
632 1080
622 1079
612 1075
602 1075
592 1075
583 1070
574 1065
564 1065
554 1065
544 1065
534 1065
524 1061
515 1056
505 1055
495 1051
485 1050
475 1050
465 1050
455 1050
445 1050
435 1050
425 1050
415 1046
415 1036
415 1026
420 1011
420 1001
420 991
425 976
425 966
425 956
430 941
430 931
440 933
450 935
460 935
470 935
479 940
489 940
499 941
509 945
519 945
528 950
538 950
547 955
557 955
567 955
576 960
586 960
596 960
605 965
615 965
625 965
635 965
645 965
655 968
665 970
675 970
685 970
695 973
705 975
715 975
725 975
734 980
744 980
754 980
764 981
774 985
784 986
794 990
804 990
814 991
824 995
834 995
844 996
854 1000
864 1000
874 1000
884 1000
894 1000
903 1005
913 1005
923 1005
932 1000
941 995
949 988
954 978
954 961
950 951
942 944
933 939
923 935
913 934
903 930
893 930
883 930
873 930
864 925
854 925
844 925
834 925
825 920
815 920
805 920
796 915
786 915
776 913
766 910
756 910
746 908
736 905
726 905
716 905
707 900
697 900
687 900
677 900
668 895
658 895
648 895
638 895
628 895
618 894
608 890
598 890
588 890
579 885
569 885
559 885
550 880
540 880
531 875
521 875
511 873
501 870
491 868
481 865
471 865
461 865
451 864
445 856
445 846
450 831
450 821
455 811
460 801
460 791
465 776
470 766
475 751
480 741
488 734
498 729
508 725
518 725
528 725
538 725
548 725
558 725
568 725
578 725
588 725
598 725
608 725
618 725
628 725
638 725
648 725
658 725
667 730
676 735
686 735
695 740
705 740
714 735
724 735
733 740
742 745
752 745
762 745
772 745
781 750
791 750
800 745
810 745
820 745
830 748
840 750
850 746
860 745
870 745
880 745
890 745
900 745
910 745
919 740
929 740
939 740
949 740
958 745
967 750
976 755
985 760
993 766
1000 774
1008 780
1014 788
1020 796
1025 805
1030 814
1035 823
1043 830
1049 838
1057 845
1064 853
1070 861
1075 870
1075 880
1075 890
1075 900
1075 910
1075 920
1075 930
1075 940
1075 950
1080 959
1080 969
1080 979
1090 975
1100 971
1110 970
1120 966
1130 965
1140 965
1150 965
1160 965
1170 961
1180 960
1190 960
1199 955
1209 955
1219 955
1229 955
1239 955
1249 955
1259 955
1269 955
1279 955
1288 960
1298 960
1308 960
1317 965
1324 973
1334 975
1344 976
1354 980
1364 980
1373 985
1382 990
1391 995
1401 995
1411 999
1420 1004
1428 1010
1437 1015
1446 1020
1455 1025
1465 1025
1474 1030
1483 1035
1493 1035
1502 1040
1511 1045
1520 1050
1530 1050
1540 1053
1550 1055
1560 1055
1569 1060
1578 1065
1588 1065
1597 1070
1606 1075
1616 1075
1626 1075
1636 1079
1645 1084
1655 1085
1665 1085
1675 1088
1684 1093
1694 1095
1704 1095
1714 1096
1724 1100
1734 1101
1744 1105
1754 1106
1764 1110
1774 1111
1784 1115
1794 1115
1804 1116
1814 1120
1824 1120
1834 1121
1844 1125
1854 1126
1864 1130
1874 1131
1884 1135
1894 1135
1903 1140
1913 1140
1923 1140
1933 1140
1943 1140
1953 1140
1962 1145
1971 1150
1981 1150
1991 1150
2001 1150
2011 1150
2021 1150
2031 1150
2040 1155
2050 1155
2060 1155
2070 1155
2080 1155
2090 1155
2100 1158
2110 1160
2120 1160
2130 1160
2139 1165
2149 1165
2159 1165
2169 1166
2179 1170
2189 1170
2199 1170
2209 1170
2219 1170
2229 1170
2238 1175
2248 1175
2257 1180
2267 1180
2277 1180
2287 1180
2297 1180
2307 1180
2317 1180
2327 1180
2337 1180
2347 1180
2357 1180
2367 1180
2377 1180
2386 1185
2396 1185
2406 1185
2416 1185
2426 1185
2435 1190
2445 1190
2454 1195
2464 1196
2474 1200
2483 1205
2493 1205
2502 1210
2511 1215
2520 1220
2529 1225
2538 1230
2544 1238
2552 1245
2562 1245
2572 1245
2581 1250
2591 1254
2599 1261
2603 1271
2605 1281
2605 1291
2605 1301
2608 1311
2613 1320
2615 1330
2610 1345
2605 1355
2600 1365
2595 1375
2588 1383
2580 1390
2585 1399
2585 1409
2580 1420
2575 1430
2568 1438
2558 1443
2548 1445
2538 1448
2528 1450
2518 1450
2508 1453
2498 1458
2488 1460
2478 1460
2468 1460
2458 1460
2448 1460
2438 1460
2428 1460
2418 1460
2409 1455
2399 1455
2390 1450
2380 1450
2370 1450
2360 1450
2350 1450
2340 1446
2330 1445
2320 1445
2310 1445
2301 1440
2292 1435
2282 1435
2273 1430
2264 1425
2254 1422
2244 1425
2234 1425
2224 1425
2215 1420
2207 1414
2197 1414
2187 1415
2178 1410
2169 1405
2160 1400
2150 1405
2140 1401
2130 1400
2120 1400
2110 1405
2100 1403
2091 1398
2081 1395
2071 1393
2061 1390
2051 1390
2042 1395
2032 1394
2023 1389
2013 1385
2004 1380
1994 1380
1985 1375
1976 1370
1966 1370
1957 1365
1948 1360
1938 1360
1929 1355
1919 1351
1910 1346
1900 1345
1890 1343
1881 1338
1871 1335
1861 1335
1851 1335
1842 1330
1832 1330
1822 1329
1812 1325
1802 1325
1792 1324
1782 1320
1772 1319
1762 1315
1752 1314
1743 1309
1733 1305
1723 1304
1713 1300
1703 1300
1694 1295
1684 1295
1674 1295
1665 1290
1656 1285
1646 1285
1636 1285
1626 1285
1616 1283
1606 1280
1596 1280
1586 1280
1577 1275
1567 1275
1558 1270
1549 1265
1539 1265
1529 1265
1520 1260
1511 1255
1502 1250
1492 1250
1483 1245
1474 1240
1464 1240
1454 1240
1444 1240
1435 1235
1426 1230
1416 1230
1406 1228
1396 1225
1386 1225
1376 1223
1366 1220
1356 1218
1346 1215
1336 1215
1326 1213
1316 1209
1310 1201
1300 1200
1290 1200
1280 1200
1271 1205
1261 1205
1251 1205
1241 1203
1231 1199
1224 1191
1215 1186
1205 1185
1196 1180
1186 1180
1177 1175
1167 1175
1157 1174
1147 1170
1137 1169
1127 1165
1117 1165
1108 1160
1098 1160
1088 1160
1078 1160
1068 1160
1059 1155
1050 1160
1050 1170
1050 1180
1045 1195
1045 1205
1050 1214
1045 1230
1050 1239
1055 1248
1060 1257
1060 1267
1060 1277
1060 1287
1060 1297
1055 1310
1050 1320
1043 1333
1035 1340
1025 1345
1017 1359
1008 1365
999 1370
993 1378
985 1385
975 1390
967 1404
959 1410
953 1418
945 1425
935 1430
928 1438
920 1445
913 1453
903 1458
895 1465
885 1470
876 1475
866 1473
856 1469
849 1461
840 1456
832 1450
822 1450
813 1455
804 1460
794 1460
784 1460
774 1460
764 1460
755 1455
745 1453
736 1448
726 1445
717 1440
708 1435
699 1430
689 1426
680 1421
670 1418
663 1410
653 1409
643 1405
633 1404
623 1400
613 1400
604 1395
594 1395
584 1395
575 1390
566 1395
556 1395
547 1390
538 1385
528 1384
518 1383
508 1385
499 1380
489 1380
479 1382
469 1385
459 1381
450 1376
440 1375
430 1375
420 1375
410 1371
400 1368
394 1360
389 1351
385 1341
385 1331
390 1320
385 1311
385 1301
385 1291
395 1290
405 1286
415 1285
425 1288
435 1290
445 1290
455 1290
465 1290
475 1293
484 1298
494 1300
504 1300
514 1301
523 1306
533 1310
543 1310
552 1315
562 1315
572 1315
582 1315
591 1320
601 1320
611 1320
621 1320
630 1325
640 1325
650 1325
660 1328
670 1330
680 1330
690 1330
700 1330
709 1335
719 1335
729 1335
739 1335
749 1335
758 1340
768 1340
778 1340
788 1340
798 1340
808 1340
818 1340
827 1345
837 1345
847 1345
857 1345
867 1345
877 1345
887 1345
896 1340
904 1333
910 1321
915 1310
913 1300
909 1290
901 1284
892 1279
882 1275
872 1275
862 1275
852 1275
842 1275
833 1270
823 1270
813 1270
803 1270
793 1270
783 1270
773 1269
763 1265
753 1265
743 1265
733 1265
723 1264
713 1260
703 1260
693 1260
683 1260
673 1259
663 1255
653 1255
643 1255
634 1250
624 1250
614 1250
604 1250
595 1245
585 1245
575 1245
565 1245
556 1240
546 1240
536 1240
526 1239
517 1234
507 1230
497 1230
487 1229
478 1224
468 1220
458 1220
448 1220
438 1220
428 1220
419 1225
409 1225
400 1220
390 1216
389 1206
385 1196
385 1186
385 1176
385 1166
385 1156
385 1146
