529 581
525 571
530 561
530 551
538 544
548 544
558 545
559 556
565 564
573 570
579 578
584 587
591 595
594 606
600 614
608 620
614 628
619 637
626 645
631 654
639 661
644 670
646 680
654 686
659 695
665 703
673 710
674 720
680 728
688 735
694 743
699 752
706 760
711 769
719 776
725 784
729 794
734 803
742 810
746 820
754 826
760 834
768 840
769 851
775 859
783 865
789 873
797 880
804 888
812 895
819 903
827 910
834 918
842 925
852 925
861 930
871 930
881 934
891 935
901 930
911 930
920 925
928 919
935 906
935 896
940 886
940 870
935 861
933 849
925 843
919 835
911 829
905 821
900 812
893 804
885 798
879 790
871 784
865 776
860 767
855 758
849 750
841 744
835 736
830 727
823 719
815 713
809 705
801 699
795 691
794 680
786 674
780 666
775 657
768 649
760 642
755 633
749 625
741 619
734 611
730 601
725 592
718 584
710 577
705 568
705 558
699 550
691 543
686 534
683 524
675 517
668 509
660 503
653 495
644 490
636 483
631 474
625 466
633 459
635 446
643 440
652 445
656 455
661 464
669 471
675 479
683 485
689 493
697 500
704 508
712 515
719 523
719 533
727 540
734 548
742 555
749 563
757 570
764 578
772 585
779 593
787 600
791 610
799 616
805 624
813 630
819 638
827 645
829 656
835 664
843 670
849 678
854 687
861 695
869 701
874 710
876 720
884 726
888 736
895 744
903 750
906 760
914 766
914 776
920 784
928 790
934 798
942 805
949 813
957 820
964 828
972 835
979 843
987 850
997 850
1004 858
1014 861
1024 863
1034 865
1043 860
1053 860
1062 855
1070 846
1078 839
1085 826
1090 811
1095 801
1103 794
1105 781
1110 766
1110 756
1118 749
1123 739
1125 725
1125 715
1120 706
1115 691
1110 682
1103 674
1095 668
1089 660
1081 654
1075 646
1073 634
1065 627
1058 619
1050 612
1045 603
1038 595
1034 585
1026 579
1020 571
1015 562
1010 553
1004 545
996 539
990 531
985 522
978 514
970 507
963 499
955 493
955 483
949 475
941 469
938 459
930 452
923 444
915 438
909 430
901 424
898 414
890 407
883 399
875 393
870 384
868 374
860 367
853 359
845 353
839 345
831 339
824 331
820 321
828 314
835 306
845 301
853 294
863 295
866 305
874 311
880 319
885 328
893 335
899 343
899 353
907 360
914 368
919 377
919 387
926 395
934 401
939 410
945 418
953 425
956 435
964 441
970 449
978 455
984 463
989 476
995 484
1003 490
1009 498
1014 507
1021 515
1029 521
1034 536
1040 544
1048 550
1054 558
1059 567
1064 581
1070 589
1078 595
1084 603
1089 612
1096 620
1104 626
1108 636
1115 644
1123 650
1129 658
1137 665
1139 675
1145 683
1153 690
1163 690
1172 695
1181 700
1190 695
1199 700
1209 701
1219 705
1229 703
1239 698
1246 690
1256 689
1266 685
1274 678
1281 670
1286 661
1285 651
1286 638
1281 629
1275 621
1275 606
1270 597
1265 588
1261 578
1256 569
1250 561
1249 545
1241 539
1235 531
1233 519
1228 510
1225 500
1220 491
1215 482
1210 473
1204 465
1196 459
1190 451
1188 439
1180 432
1175 423
1175 413
1168 405
1164 395
1156 389
1153 379
1145 373
1140 364
1138 354
1130 347
1123 339
1115 333
1109 325
1101 319
1095 311
1090 302
1083 294
1075 287
1068 279
1060 272
1053 264
1045 257
1038 249
1030 242
1023 234
1015 228
1009 220
1001 214
995 206
1003 200
1013 199
1023 194
1033 194
1043 190
1052 195
1059 203
1067 210
1074 218
1082 225
1089 233
1094 242
1101 250
1109 256
1114 265
1120 273
1128 280
1134 288
1139 301
1145 309
1153 315
1159 323
1164 332
1171 340
1174 350
1180 358
1184 368
1192 375
1196 385
1204 391
1209 400
1211 410
1219 416
1223 426
1230 434
1234 444
1239 453
1247 460
1251 470
1259 476
1264 491
1270 499
1278 505
1284 513
1289 522
1294 531
1299 546
1305 554
1313 560
1314 570
1316 580
1321 589
1324 606
1328 616
1329 626
1329 636
1324 646
1324 656
1319 666
1316 684
1312 694
1304 701
1301 714
1297 724
1289 731
1289 741
1284 751
1279 766
1279 776
1283 786
1288 795
1294 803
1302 810
1309 818
1317 825
1324 833
1332 840
1339 848
1347 855
1354 863
1359 876
1365 884
1373 890
1379 898
1384 907
1389 916
1394 931
1400 939
1408 945
1411 955
1414 966
1420 974
1425 983
1433 990
1436 1000
1444 1006
1444 1016
1450 1024
1455 1033
1459 1043
1464 1052
1469 1061
1474 1070
1480 1078
1484 1091
1489 1100
1494 1116
1499 1125
1504 1141
1510 1149
1515 1158
1523 1165
1526 1175
1534 1181
1534 1191
1539 1200
1545 1208
1549 1218
1554 1227
1559 1236
1565 1244
1570 1253
1578 1260
1579 1271
1585 1279
1590 1288
1598 1295
1599 1306
1605 1314
1613 1320
1616 1330
1619 1340
1625 1348
1633 1355
1636 1365
1641 1374
1649 1381
1649 1391
1655 1399
1663 1405
1666 1415
1669 1426
1675 1434
1683 1440
1686 1450
1694 1456
1700 1464
1705 1473
1713 1480
1719 1488
1719 1498
1727 1505
1734 1513
1739 1522
1746 1530
1754 1536
1754 1546
1760 1554
1768 1560
1771 1570
1779 1576
1784 1585
1790 1593
1798 1600
1804 1608
1809 1621
1814 1630
1820 1638
1828 1645
1834 1653
1839 1662
1844 1671
1850 1679
1858 1685
1864 1693
1872 1700
1879 1708
1887 1715
1894 1723
1902 1730
1909 1738
1917 1745
1924 1753
1932 1760
1939 1768
1947 1775
1954 1783
1959 1792
1966 1800
1974 1806
1979 1815
1981 1825
1989 1831
1995 1839
2000 1848
2008 1855
2014 1863
2022 1870
2029 1878
2034 1887
2041 1895
2044 1906
2050 1914
2058 1920
2061 1930
2069 1936
2069 1946
2075 1954
2080 1963
2088 1970
2091 1980
2099 1986
2099 1996
2104 2005
2109 2021
2109 2036
2109 2046
2109 2056
2104 2066
2104 2076
2097 2089
2089 2096
2082 2104
2074 2111
2066 2119
2056 2124
2046 2124
2036 2124
2027 2119
2017 2119
2008 2114
1998 2114
1989 2109
1981 2103
1971 2099
1962 2094
1953 2089
1945 2082
1938 2074
1930 2067
1923 2059
1915 2052
1908 2044
1900 2037
1893 2029
1885 2023
1879 2015
1871 2009
1865 2001
1860 1992
1853 1984
1845 1978
1845 1968
1839 1960
1831 1953
1826 1944
1820 1936
1819 1925
1811 1919
1808 1909
1800 1902
1800 1892
1793 1884
1785 1877
1780 1868
1773 1860
1769 1850
1761 1844
1755 1836
1751 1824
1748 1814
1740 1808
1734 1800
1726 1794
1720 1786
1715 1772
1708 1764
1700 1757
1695 1748
1690 1739
1684 1731
1680 1721
1675 1712
1670 1703
1663 1695
1660 1685
1655 1676
1650 1667
1645 1658
1639 1650
1631 1644
1625 1636
1620 1621
1615 1612
1608 1604
1600 1598
1600 1588
1594 1580
1589 1571
1585 1561
1580 1552
1573 1544
1568 1535
1564 1525
1556 1519
1550 1511
1548 1500
1544 1490
1536 1484
1530 1476
1520 1472
1515 1463
1515 1453
1511 1443
1506 1434
1500 1426
1499 1415
1491 1409
1488 1399
1480 1393
1480 1383
1475 1374
1470 1365
1469 1355
1461 1348
1456 1339
1450 1331
1445 1322
1438 1314
1430 1308
1425 1299
1421 1289
1415 1281
1410 1272
1403 1264
1395 1257
1395 1247
1390 1238
1385 1229
1380 1220
1378 1210
1374 1200
1366 1194
1360 1186
1356 1173
1351 1164
1345 1156
1340 1142
1335 1133
1329 1125
1324 1116
1320 1106
1315 1097
1310 1088
1305 1079
1301 1069
1295 1061
1290 1052
1285 1043
1279 1035
1271 1029
1265 1021
1263 1009
1255 1002
1250 993
1244 985
1236 979
1230 971
1225 957
1218 949
1210 943
1204 935
1196 929
1190 921
1185 912
1178 904
1170 898
1161 893
1151 894
1142 889
1132 889
1123 894
1113 894
1105 900
1098 908
1088 913
1080 920
1070 925
1063 933
1055 939
1045 940
1038 948
1030 955
1020 960
1013 968
1003 969
993 973
984 979
975 984
965 984
955 986
945 989
935 990
925 994
915 994
905 994
895 990
885 994
875 994
866 989
856 989
846 988
836 989
830 981
820 977
813 969
804 964
794 961
790 951
785 942
778 934
770 927
765 918
759 910
751 904
745 896
740 887
735 878
729 870
721 864
718 854
710 848
703 840
699 830
691 824
685 816
685 805
680 796
676 783
671 774
665 766
661 754
655 746
650 737
643 729
635 722
629 714
621 708
615 700
610 691
609 681
605 671
595 667
590 658
583 650
575 644
566 639
560 631
555 622
555 612
548 604
540 598
534 590
