1090 396
1090 386
1095 376
1103 369
1113 364
1123 360
1133 360
1142 365
1151 370
1159 376
1163 386
1165 396
1165 406
1170 415
1170 425
1170 435
1170 445
1170 455
1170 465
1170 475
1170 485
1170 495
1170 505
1165 520
1170 529
1170 539
1170 549
1170 559
1170 569
1170 579
1170 589
1170 599
1170 609
1170 619
1170 629
1170 639
1165 655
1165 665
1165 675
1165 685
1165 695
1165 705
1165 715
1165 725
1160 735
1160 745
1160 755
1160 765
1160 775
1160 785
1169 790
1179 790
1189 790
1198 795
1208 795
1218 795
1227 800
1237 800
1246 805
1255 791
1255 781
1255 771
1255 761
1255 751
1255 741
1260 726
1260 716
1260 706
1260 696
1260 686
1260 676
1260 666
1260 656
1260 646
1260 636
1260 626
1260 616
1265 606
1265 596
1265 586
1265 576
1270 561
1270 551
1270 541
1270 531
1270 521
1270 511
1270 501
1270 491
1270 481
1270 471
1270 461
1270 451
1270 441
1270 431
1270 421
1270 411
1270 401
1275 391
1283 384
1293 379
1303 375
1313 375
1322 380
1329 388
1335 396
1340 405
1340 415
1340 425
1340 435
1340 445
1340 455
1340 465
1340 475
1340 485
1340 495
1340 505
1340 515
1340 525
1340 535
1340 545
1340 555
1340 565
1340 575
1335 590
1335 600
1335 610
1335 620
1330 630
1330 640
1330 650
1330 660
1330 670
1330 680
1330 690
1330 700
1330 710
1330 720
1330 730
1330 740
1325 755
1325 765
1325 775
1325 785
1325 795
1320 805
1321 815
1331 815
1341 819
1351 820
1361 820
1371 820
1381 820
1391 820
1401 820
1411 820
1420 811
1420 801
1420 791
1420 781
1420 771
1420 761
1420 751
1420 741
1420 731
1420 721
1420 711
1425 701
1430 691
1430 681
1430 671
1435 661
1435 651
1435 641
1440 631
1440 621
1440 611
1440 601
1445 591
1445 581
1445 571
1445 561
1445 551
1445 536
1445 526
1445 516
1445 506
1445 496
1445 486
1445 476
1445 466
1445 456
1450 441
1450 431
1450 421
1450 411
1450 401
1455 391
1463 384
1473 379
1483 375
1493 375
1502 380
1509 388
1515 396
1520 405
1520 415
1520 425
1520 435
1520 445
1520 455
1515 470
1515 480
1515 490
1515 500
1515 510
1515 520
1520 529
1520 539
1520 549
1515 560
1515 570
1515 580
1515 590
1515 600
1510 610
1510 620
1510 630
1510 640
1505 655
1505 665
1505 675
1500 685
1500 695
1500 705
1495 715
1490 730
1490 740
1490 750
1490 760
1490 770
1490 780
1490 790
1490 800
1485 815
1486 825
1496 825
1506 825
1516 829
1526 830
1535 835
1545 835
1554 840
1564 840
1574 841
1584 845
1594 845
1604 843
1605 830
1600 821
1600 811
1600 801
1600 791
1600 781
1600 771
1600 761
1605 746
1605 736
1605 726
1605 716
1605 706
1605 696
1605 686
1610 671
1610 661
1610 651
1615 636
1615 626
1620 611
1620 601
1625 586
1625 576
1625 566
1630 551
1630 541
1630 531
1630 521
1630 511
1630 501
1630 491
1630 481
1630 471
1630 461
1630 451
1630 441
1630 431
1630 421
1630 411
1630 401
1635 391
1643 384
1653 379
1663 375
1673 375
1682 380
1689 388
1695 396
1700 405
1700 415
1700 425
1700 435
1700 445
1700 455
1700 465
1700 475
1700 485
1700 495
1700 505
1700 515
1700 525
1700 535
1700 545
1700 555
1700 565
1695 575
1695 585
1695 595
1690 610
1690 620
1685 635
1685 645
1680 660
1680 670
1680 680
1675 695
1675 705
1675 715
1675 725
1675 735
1675 745
1675 755
1675 765
1670 775
1670 785
1670 795
1670 805
1670 815
1665 825
1665 835
1666 845
1670 855
1670 865
1670 875
1668 893
1663 903
1655 910
1646 915
1637 920
1627 920
1617 920
1607 920
1597 920
1588 915
1578 915
1568 915
1559 910
1549 910
1539 910
1530 905
1530 915
1530 925
1530 935
1525 950
1525 960
1525 970
1525 980
1525 990
1525 1000
1525 1010
1525 1020
1525 1030
1525 1040
1525 1050
1525 1060
1525 1070
1525 1080
1526 1090
1530 1100
1530 1110
1530 1120
1530 1130
1530 1140
1535 1149
1535 1159
1535 1169
1535 1179
1535 1189
1540 1198
1540 1208
1540 1218
1540 1228
1545 1237
1545 1247
1545 1257
1545 1267
1545 1277
1545 1287
1545 1297
1550 1306
1550 1316
1550 1326
1550 1336
1550 1346
1550 1356
1550 1366
1550 1376
1550 1386
1550 1396
1550 1406
1550 1416
1550 1426
1550 1436
1550 1446
1550 1456
1545 1470
1540 1480
1540 1490
1540 1500
1540 1510
1540 1520
1540 1530
1535 1545
1535 1555
1530 1565
1525 1575
1525 1585
1520 1595
1520 1605
1515 1620
1515 1630
1515 1640
1510 1650
1510 1660
1505 1670
1500 1680
1495 1690
1495 1700
1495 1710
1490 1720
1485 1730
1480 1740
1475 1750
1470 1760
1465 1770
1465 1780
1460 1790
1455 1800
1450 1815
1445 1825
1440 1835
1435 1845
1433 1863
1428 1873
1423 1883
1418 1893
1413 1903
1408 1913
1400 1920
1393 1933
1385 1940
1378 1948
1370 1955
1360 1960
1350 1965
1340 1965
1330 1965
1320 1961
1310 1960
1301 1955
1291 1953
1281 1949
1272 1944
1262 1940
1253 1935
1244 1930
1234 1926
1225 1921
1215 1917
1208 1909
1200 1903
1194 1895
1189 1886
1185 1876
1180 1867
1175 1858
1175 1848
1170 1839
1170 1829
1166 1819
1165 1809
1165 1799
1165 1789
1160 1780
1160 1770
1160 1760
1160 1750
1160 1740
1155 1731
1155 1721
1155 1711
1155 1701
1155 1691
1155 1681
1155 1671
1155 1661
1155 1651
1160 1641
1160 1631
1160 1621
1160 1611
1160 1601
1160 1591
1165 1581
1165 1571
1165 1561
1170 1551
1170 1541
1170 1531
1175 1521
1175 1511
1175 1501
1175 1491
1180 1481
1180 1471
1185 1461
1185 1451
1190 1441
1190 1431
1195 1416
1195 1406
1195 1396
1200 1386
1200 1376
1200 1366
1200 1356
1205 1341
1210 1331
1210 1321
1210 1311
1215 1301
1215 1291
1215 1281
1215 1271
1220 1261
1225 1246
1225 1236
1225 1226
1225 1216
1225 1206
1225 1196
1225 1186
1225 1176
1225 1166
1230 1151
1230 1141
1230 1131
1230 1121
1230 1111
1230 1101
1235 1091
1240 1076
1240 1066
1240 1056
1240 1046
1245 1036
1250 1021
1250 1011
1250 1001
1250 991
1255 981
1255 971
1255 961
1255 951
1260 939
1260 929
1260 919
1260 909
1260 899
1260 889
1258 879
1248 875
1238 875
1229 870
1219 870
1209 870
1200 865
1190 865
1180 861
1170 860
1160 860
1150 860
1140 860
1130 860
1120 856
1110 853
1104 845
1099 836
1095 826
1095 816
1095 805
1090 796
1090 786
1090 776
1090 766
1090 756
1090 746
1090 736
1090 726
1095 716
1095 706
1095 696
1095 686
1095 676
1095 666
1095 656
1095 646
1100 636
1100 626
1100 616
1100 606
1100 596
1100 586
1100 576
1100 566
1100 556
1100 546
1100 536
1100 526
1100 516
1100 506
1100 496
1100 486
1100 476
1100 466
1100 456
1100 446
1100 436
1099 426
1095 416
1094 406
