54 67
54 57
64 54
74 54
84 52
94 49
104 49
114 49
124 49
134 49
143 44
153 44
163 44
173 44
182 39
192 39
202 39
212 39
222 39
232 39
242 39
252 39
255 49
255 59
260 68
260 78
260 88
260 98
260 108
268 114
278 114
287 109
297 109
307 109
317 109
327 109
337 104
347 104
357 104
367 104
377 99
387 99
397 99
407 99
417 99
427 99
437 99
447 99
457 99
467 99
476 94
486 94
496 94
506 94
516 94
526 90
536 89
546 89
556 89
566 85
576 84
586 84
596 84
605 89
605 99
605 109
605 119
605 129
605 139
598 150
588 150
578 150
568 150
559 155
549 155
539 155
529 155
519 155
509 155
499 155
489 155
479 155
470 160
460 160
450 160
440 160
430 160
420 160
410 165
400 165
390 165
380 165
370 170
360 170
350 170
340 170
330 170
320 175
310 175
300 175
290 175
280 175
270 175
270 185
270 195
272 205
275 215
275 225
268 235
259 240
249 240
239 240
229 242
219 245
209 245
199 245
189 245
179 245
170 250
160 250
150 250
140 250
130 250
120 255
110 255
100 255
90 255
80 255
74 247
74 237
74 227
84 224
94 224
104 222
114 219
124 219
134 219
144 219
154 219
163 214
173 214
183 214
193 214
199 200
199 190
189 190
179 190
169 190
159 192
149 195
139 195
129 195
119 195
109 195
99 195
89 195
79 195
69 192
69 182
69 172
79 167
89 164
99 164
109 164
119 162
129 159
139 159
149 159
159 159
169 157
179 154
189 154
189 140
180 135
170 135
160 135
150 135
140 135
130 135
120 135
110 135
100 135
90 135
80 140
70 140
64 132
64 122
64 112
74 109
84 109
94 109
104 109
114 107
124 104
134 104
144 104
154 102
164 99
174 99
184 99
189 85
189 75
179 75
169 75
159 75
149 77
139 80
129 80
119 80
109 80
99 80
89 80
79 80
69 80
59 76
