405 926
405 916
410 906
418 899
428 894
438 890
448 890
458 890
468 890
477 885
486 880
496 880
506 880
516 880
526 880
536 880
546 880
555 885
565 885
574 880
584 880
594 880
604 880
614 880
623 885
632 890
642 890
652 890
662 890
672 890
682 890
691 895
701 895
711 895
721 895
731 895
741 895
751 895
760 900
770 900
780 900
790 903
800 905
810 905
820 905
830 905
840 905
850 905
860 905
870 905
880 905
890 905
900 905
910 905
920 905
930 905
940 905
950 905
960 905
970 905
980 905
990 905
999 910
1009 910
1019 910
1029 910
1039 910
1049 910
1059 910
1069 910
1079 910
1089 910
1099 910
1109 910
1119 910
1129 910
1139 910
1149 910
1158 915
1168 915
1178 915
1188 915
1198 915
1208 915
1218 915
1228 915
1238 915
1248 915
1258 915
1267 920
1276 925
1284 931
1288 941
1286 959
1282 969
1274 976
1274 986
1274 996
1274 1006
1274 1016
1274 1026
1274 1036
1274 1046
1274 1056
1274 1066
1274 1076
1274 1086
1274 1096
1274 1106
1274 1116
1274 1126
1284 1130
1294 1130
1304 1130
1314 1130
1324 1130
1334 1130
1344 1130
1354 1130
1364 1130
1374 1130
1384 1130
1394 1130
1404 1130
1414 1130
1424 1130
1434 1130
1444 1130
1454 1130
1464 1130
1474 1130
1484 1130
1494 1130
1504 1130
1514 1130
1524 1130
1534 1130
1544 1130
1554 1130
1564 1130
1574 1130
1584 1130
1594 1130
1604 1130
1614 1130
1624 1130
1634 1130
1644 1130
1654 1130
1664 1130
1674 1130
1684 1130
1694 1130
1704 1130
1714 1130
1724 1130
1734 1130
1744 1130
1754 1130
1764 1130
1774 1130
1784 1130
1794 1130
1804 1130
1814 1130
1824 1130
1834 1130
1844 1130
1854 1130
1864 1130
1874 1130
1884 1130
1894 1130
1904 1130
1914 1130
1924 1130
1934 1130
1944 1130
1954 1130
1964 1130
1974 1130
1984 1130
1994 1130
2004 1130
2014 1130
2024 1130
2034 1130
2044 1130
2054 1130
2064 1130
2074 1130
2084 1130
2094 1130
2104 1130
2114 1130
2124 1130
2134 1130
2144 1130
2154 1130
2164 1130
2174 1130
2184 1130
2194 1130
2204 1130
2214 1130
2224 1130
2234 1130
2244 1130
2254 1130
2264 1130
2274 1130
2284 1130
2294 1130
2304 1130
2314 1130
2324 1130
2334 1130
2344 1130
2354 1130
2364 1130
2374 1130
2384 1130
2394 1130
2404 1130
2414 1130
2424 1130
2434 1130
2444 1130
2454 1130
2464 1130
2474 1130
2484 1130
2494 1130
2504 1130
2514 1130
2524 1130
2534 1130
2544 1130
2554 1130
2564 1130
2574 1130
2584 1130
2594 1130
2604 1130
2614 1130
2624 1130
2634 1130
2644 1130
2654 1130
2664 1130
2674 1130
2684 1130
2694 1130
2704 1130
2714 1130
2724 1130
2734 1130
2744 1130
2754 1130
2764 1130
2774 1130
2784 1130
2794 1130
2804 1130
2814 1130
2824 1130
2834 1130
2844 1130
2854 1130
2864 1130
2874 1130
2884 1130
2894 1130
2904 1130
2914 1130
2924 1130
2934 1130
2944 1130
2954 1130
2964 1130
2974 1130
2984 1130
2994 1130
3004 1130
3014 1130
3019 1139
3019 1149
3019 1159
3019 1169
3019 1179
3019 1189
3019 1199
3019 1209
3019 1219
3019 1229
3019 1239
3019 1249
3019 1259
3014 1274
3004 1274
2994 1274
2984 1274
2974 1274
2964 1274
2954 1274
2944 1274
2934 1274
2924 1274
2914 1274
2904 1274
2894 1274
2884 1274
2874 1274
2864 1274
2854 1274
2844 1274
2834 1274
2824 1274
2814 1274
2804 1274
2794 1274
2784 1274
2774 1274
2764 1274
2754 1274
2744 1274
2734 1274
2724 1274
2714 1274
2704 1274
2694 1274
2684 1274
2674 1274
2664 1274
2654 1274
2644 1274
2634 1274
2624 1274
2614 1274
2604 1274
2594 1274
2584 1274
2574 1274
2564 1274
2554 1274
2544 1274
2534 1274
2524 1274
2514 1274
2504 1274
2494 1274
2484 1274
2474 1274
2464 1274
2454 1274
2444 1274
2434 1274
2424 1274
2414 1274
2404 1274
2394 1274
2384 1274
2374 1274
2364 1274
2354 1274
2344 1274
2334 1274
2324 1274
2314 1274
2304 1274
2294 1274
2284 1274
2274 1274
2264 1274
2254 1274
2244 1274
2234 1274
2224 1274
2214 1274
2204 1274
2194 1274
2184 1274
2174 1274
2164 1274
2154 1274
2144 1274
2134 1274
2124 1274
2114 1274
2104 1274
2094 1274
2084 1274
2074 1274
2064 1274
2054 1274
2044 1274
2034 1274
2024 1274
2014 1274
2004 1274
1994 1274
1984 1274
1974 1274
1964 1274
1954 1274
1944 1274
1934 1274
1924 1274
1914 1274
1904 1274
1894 1274
1884 1274
1874 1274
1864 1274
1854 1274
1844 1274
1834 1274
1824 1274
1814 1274
1804 1274
1794 1274
1784 1274
1774 1274
1764 1274
1754 1274
1744 1274
1734 1274
1724 1274
1714 1274
1704 1274
1694 1274
1684 1274
1674 1274
1664 1274
1654 1274
1644 1274
1634 1274
1624 1274
1614 1274
1604 1274
1594 1274
1584 1274
1574 1274
1564 1274
1554 1274
1544 1274
1534 1274
1524 1274
1514 1274
1504 1274
1494 1274
1484 1274
1474 1274
1464 1274
1454 1274
1444 1274
1434 1274
1424 1274
1414 1274
1404 1274
1394 1274
1384 1274
1374 1274
1364 1274
1354 1274
1344 1274
1334 1274
1324 1274
1314 1274
1304 1274
1294 1274
1284 1274
1274 1276
1274 1286
1274 1296
1274 1306
1274 1316
1274 1326
1274 1336
1274 1346
1274 1356
1274 1366
1274 1376
1274 1386
1274 1396
1274 1406
1274 1416
1274 1426
1274 1436
1278 1446
1276 1464
1272 1474
1264 1481
1254 1486
1244 1489
1234 1489
1224 1489
1214 1489
1204 1489
1194 1489
1184 1489
1174 1489
1164 1489
1154 1491
1144 1494
1135 1499
1125 1499
1115 1500
1105 1504
1095 1504
1086 1509
1076 1509
1066 1509
1056 1509
1046 1509
1036 1509
1026 1509
1016 1509
1007 1504
997 1504
988 1499
978 1499
968 1499
958 1499
948 1499
938 1499
928 1499
918 1499
908 1499
898 1499
888 1499
878 1499
868 1499
858 1499
848 1499
838 1499
828 1499
818 1499
808 1499
799 1504
789 1504
779 1504
769 1504
759 1504
749 1504
739 1504
729 1504
719 1504
709 1506
699 1509
689 1509
679 1509
669 1509
659 1509
649 1509
639 1511
629 1514
619 1514
609 1514
599 1514
589 1514
579 1514
569 1514
559 1514
549 1514
539 1514
529 1514
519 1514
509 1514
499 1514
489 1514
479 1514
470 1519
460 1519
450 1519
440 1516
430 1513
424 1505
419 1496
415 1486
415 1476
420 1466
428 1459
438 1454
448 1450
458 1449
468 1445
478 1445
488 1445
498 1445
508 1445
518 1445
528 1445
538 1445
548 1445
558 1445
568 1445
578 1445
588 1445
598 1445
608 1445
618 1445
627 1440
637 1440
647 1440
657 1440
667 1440
677 1440
687 1440
697 1440
706 1435
716 1435
726 1435
736 1435
746 1435
756 1435
766 1435
776 1435
786 1435
796 1430
806 1430
816 1430
826 1430
836 1430
846 1430
856 1430
866 1430
876 1430
886 1430
896 1430
906 1430
916 1430
926 1430
936 1430
946 1430
956 1430
966 1430
976 1430
986 1430
996 1430
1005 1435
1015 1435
1025 1438
1035 1434
1035 1424
1035 1414
1035 1404
1035 1394
1035 1384
1035 1374
1026 1369
1016 1369
1006 1369
996 1369
986 1369
976 1369
966 1369
956 1369
946 1369
936 1369
926 1369
916 1369
906 1369
896 1369
886 1369
876 1369
866 1368
856 1364
846 1364
836 1369
826 1368
816 1364
806 1364
796 1369
786 1368
776 1364
766 1364
756 1369
746 1368
736 1364
726 1364
716 1369
706 1369
697 1364
687 1364
678 1369
668 1369
659 1364
649 1364
640 1369
630 1369
620 1369
610 1369
600 1369
590 1369
580 1366
570 1363
564 1355
559 1346
555 1336
555 1326
560 1316
568 1309
578 1304
588 1300
598 1300
608 1300
618 1300
628 1300
638 1300
647 1305
657 1305
666 1300
676 1300
686 1304
696 1305
706 1300
716 1300
726 1304
736 1305
746 1300
756 1300
766 1304
776 1305
786 1300
796 1300
806 1304
816 1305
826 1300
836 1300
846 1304
856 1305
866 1300
876 1300
886 1300
896 1300
906 1300
916 1300
926 1300
936 1300
946 1300
956 1300
966 1300
976 1300
986 1300
996 1300
1006 1300
1016 1300
1026 1300
1035 1288
1035 1278
1035 1268
1035 1258
1035 1248
1035 1238
1035 1228
1035 1218
1035 1208
1035 1198
1035 1188
1035 1178
1035 1168
1035 1158
1035 1148
1030 1139
1020 1139
1010 1139
1000 1139
990 1139
980 1139
970 1139
960 1139
950 1139
940 1139
930 1139
920 1139
910 1139
900 1139
890 1139
880 1139
870 1139
860 1136
850 1134
840 1134
830 1134
820 1134
810 1134
800 1134
790 1134
780 1134
770 1134
760 1134
750 1134
740 1134
730 1134
721 1129
712 1124
702 1124
692 1124
683 1119
673 1119
663 1123
653 1124
643 1124
633 1124
624 1119
614 1119
605 1124
595 1124
585 1124
575 1124
565 1124
555 1124
545 1121
535 1118
529 1110
524 1101
520 1091
520 1081
525 1071
533 1064
543 1059
553 1055
563 1055
573 1055
583 1055
593 1055
603 1055
612 1060
622 1060
631 1055
641 1055
651 1055
661 1055
670 1060
680 1060
689 1055
699 1055
708 1060
717 1065
727 1065
737 1065
747 1065
757 1065
767 1065
777 1065
787 1065
797 1065
807 1065
817 1065
827 1065
837 1065
847 1065
857 1065
867 1065
876 1070
886 1070
896 1070
906 1070
916 1070
926 1070
936 1070
946 1070
956 1070
966 1070
976 1070
986 1070
996 1070
1006 1070
1016 1070
1026 1070
1035 1061
1035 1051
1035 1041
1035 1031
1035 1021
1035 1011
1035 1001
1035 991
1035 981
1025 979
1015 979
1005 979
995 979
985 976
975 974
965 974
955 974
945 974
935 974
925 974
915 974
905 974
895 974
885 974
875 974
865 974
855 974
845 974
835 974
825 974
815 974
805 974
795 974
785 974
775 971
765 969
755 969
745 966
735 964
725 964
715 964
705 964
695 964
685 964
675 961
665 959
655 959
645 959
635 959
626 954
617 949
607 949
597 949
587 949
577 949
568 944
558 944
548 948
538 949
528 949
518 949
508 949
498 949
488 949
479 954
470 959
460 959
450 959
440 959
430 956
420 953
414 945
409 936
