865 331
865 321
870 311
870 301
870 291
875 281
883 274
893 269
903 265
913 265
922 270
929 278
935 286
940 295
940 305
940 315
935 330
935 340
935 350
935 360
935 370
935 380
935 390
935 400
935 410
935 420
935 430
935 440
935 450
940 459
940 469
940 479
940 489
940 499
945 508
945 518
950 527
950 537
950 547
955 556
958 566
960 576
963 586
965 596
970 605
970 615
975 624
975 634
980 643
985 652
991 660
996 669
1000 679
1005 688
1014 693
1022 700
1029 708
1034 717
1040 725
1048 731
1055 739
1060 748
1068 755
1074 763
1082 770
1089 778
1099 781
1105 789
1113 795
1116 805
1126 809
1135 814
1143 820
1152 825
1160 816
1155 807
1150 798
1146 788
1141 779
1140 769
1136 759
1135 749
1130 740
1130 730
1128 720
1125 710
1125 700
1120 691
1120 681
1120 671
1115 662
1115 652
1115 642
1110 633
1110 623
1105 614
1101 604
1100 594
1100 584
1100 574
1100 564
1095 555
1095 545
1095 535
1090 526
1090 516
1090 506
1090 496
1089 486
1085 476
1085 466
1085 456
1085 446
1085 436
1085 426
1085 416
1085 406
1085 396
1085 386
1085 376
1085 366
1085 356
1085 346
1085 336
1085 326
1085 316
1085 306
1090 296
1098 289
1108 284
1118 280
1128 280
1137 285
1144 293
1150 301
1155 310
1155 320
1155 330
1155 340
1155 350
1155 360
1155 370
1155 380
1155 390
1155 400
1155 410
1155 420
1155 430
1155 440
1155 450
1155 460
1156 470
1160 480
1160 490
1160 500
1160 510
1165 519
1165 529
1165 539
1170 548
1170 558
1170 568
1170 578
1170 588
1175 597
1179 607
1180 617
1184 627
1185 637
1189 647
1190 657
1190 667
1194 677
1195 687
1195 697
1200 706
1200 716
1203 726
1205 736
1208 746
1210 756
1215 765
1220 774
1220 784
1228 790
1231 800
1240 805
1250 805
1259 800
1269 798
1276 790
1284 783
1289 773
1294 763
1299 753
1300 741
1305 731
1305 721
1310 711
1310 701
1315 686
1315 676
1320 666
1320 656
1320 646
1325 631
1325 621
1330 611
1330 601
1330 591
1335 576
1335 566
1340 551
1340 541
1345 526
1350 511
1350 501
1355 486
1360 476
1360 466
1365 451
1365 441
1365 431
1365 421
1370 405
1370 395
1370 385
1365 376
1365 366
1365 356
1365 346
1365 336
1365 326
1365 316
1365 306
1370 296
1378 289
1388 284
1398 280
1408 280
1417 285
1424 293
1430 301
1435 310
1435 320
1435 330
1435 340
1435 350
1435 360
1440 369
1440 379
1440 389
1440 399
1440 409
1440 419
1435 435
1435 445
1435 455
1435 465
1430 475
1430 485
1425 500
1420 515
1420 525
1415 535
1415 545
1410 555
1410 565
1405 575
1405 585
1400 600
1400 610
1400 620
1395 630
1395 640
1395 650
1390 660
1390 670
1385 685
1385 695
1380 710
1380 720
1380 730
1375 740
1370 755
1370 765
1365 775
1360 785
1355 795
1350 805
1345 815
1338 828
1330 835
1339 840
1349 838
1359 835
1369 835
1378 830
1388 830
1398 829
1408 824
1415 816
1423 809
1433 804
1440 796
1450 786
1458 779
1465 771
1475 766
1483 759
1490 751
1495 741
1503 734
1510 726
1518 720
1525 711
1533 704
1538 694
1545 686
1555 676
1560 666
1568 659
1578 654
1583 644
1588 634
1593 624
1598 614
1605 606
1615 596
1620 586
1620 576
1620 566
1625 556
1630 546
1630 536
1635 526
1635 516
1635 506
1640 496
1640 486
1640 476
1645 461
1645 451
1645 441
1645 431
1645 421
1644 411
1640 401
1640 391
1640 381
1640 371
1640 361
1640 351
1640 341
1640 331
1640 321
1640 311
1640 301
1640 291
1639 281
1635 271
1635 261
1640 251
1648 244
1658 239
1668 235
1678 235
1687 240
1696 245
1704 251
1708 261
1710 271
1710 281
1710 291
1710 301
1710 311
1710 321
1710 331
1710 341
1710 351
1710 361
1710 371
1710 381
1710 391
1715 400
1715 410
1715 420
1715 430
1715 440
1715 450
1715 460
1715 470
1710 485
1710 495
1710 505
1705 520
1705 530
1700 545
1700 555
1695 565
1690 575
1690 585
1685 595
1680 605
1678 623
1673 633
1665 640
1655 645
1650 655
1645 665
1640 675
1632 689
1624 695
1618 703
1613 713
1605 720
1595 725
1590 735
1583 748
1575 755
1565 760
1560 770
1553 778
1548 788
1540 795
1533 803
1525 810
1517 819
1509 825
1500 830
1490 835
1485 845
1477 854
1468 860
1459 865
1453 873
1445 880
1436 885
1427 890
1418 895
1409 900
1399 900
1389 902
1379 905
1369 905
1360 910
1350 910
1340 910
1330 910
1320 910
1310 910
1300 910
1300 920
1300 930
1300 940
1300 950
1300 960
1300 970
1300 980
1300 990
1300 1000
1300 1010
1300 1020
1300 1030
1300 1040
1300 1050
1300 1060
1300 1070
1300 1080
1295 1095
1295 1105
1295 1115
1295 1125
1290 1135
1290 1145
1290 1155
1285 1170
1285 1180
1285 1190
1285 1200
1285 1210
1285 1220
1285 1230
1280 1245
1280 1255
1280 1265
1280 1275
1280 1285
1275 1295
1275 1305
1275 1315
1270 1325
1270 1335
1270 1345
1265 1355
1265 1365
1260 1380
1260 1390
1260 1400
1255 1415
1250 1425
1250 1435
1250 1445
1245 1455
1240 1465
1240 1475
1240 1485
1240 1495
1240 1505
1235 1520
1235 1530
1230 1545
1225 1555
1225 1565
1225 1575
1225 1585
1220 1600
1220 1610
1220 1620
1215 1630
1215 1640
1215 1650
1215 1660
1215 1670
1215 1680
1215 1690
1215 1700
1215 1710
1215 1720
1215 1730
1215 1740
1215 1750
1215 1760
1215 1770
1215 1780
1215 1790
1216 1800
1221 1809
1225 1819
1225 1829
1230 1838
1230 1848
1230 1858
1234 1868
1235 1878
1235 1888
1235 1898
1240 1907
1240 1917
1240 1927
1240 1937
1240 1947
1240 1957
1240 1967
1240 1977
1240 1987
1235 2005
1228 2018
1220 2025
1210 2030
1200 2035
1190 2035
1180 2040
1170 2040
1160 2036
1150 2033
1144 2025
1139 2016
1135 2006
1135 1996
1140 1986
1148 1979
1158 1974
1168 1969
1170 1958
1170 1948
1170 1938
1170 1928
1170 1918
1165 1909
1165 1899
1165 1889
1165 1879
1160 1870
1160 1860
1160 1850
1158 1840
1155 1830
1155 1820
1154 1810
1149 1801
1145 1791
1145 1781
1145 1771
1145 1761
1145 1751
1145 1741
1145 1731
1145 1721
1145 1711
1145 1701
1145 1691
1145 1681
1145 1671
1145 1661
1145 1651
1145 1641
1145 1631
1145 1621
1150 1611
1150 1601
1150 1591
1155 1576
1155 1566
1155 1556
1160 1546
1165 1531
1165 1521
1165 1511
1170 1496
1170 1486
1170 1476
1170 1466
1175 1456
1180 1446
1180 1436
1180 1426
1185 1416
1190 1401
1190 1391
1190 1381
1190 1371
1195 1356
1195 1346
1200 1336
1200 1326
1200 1316
1205 1306
1205 1296
1205 1286
1210 1276
1210 1266
1210 1256
1210 1246
1210 1236
1215 1221
1215 1211
1215 1201
1215 1191
1215 1181
1215 1171
1215 1161
1220 1151
1220 1141
1220 1131
1220 1121
1225 1106
1225 1096
1225 1086
1230 1071
1230 1061
1230 1051
1230 1041
1230 1031
1230 1021
1230 1011
1230 1001
1230 991
1230 981
1230 971
1230 961
1230 951
1230 941
1229 931
1225 921
1225 911
1217 905
1207 905
1197 905
1187 905
1177 905
1168 900
1159 895
1149 895
1139 891
1130 886
1120 883
1111 878
1101 874
1095 866
1085 862
1078 854
1073 845
1064 840
1055 835
1047 829
1038 824
1030 817
1023 809
1015 802
1010 793
1004 785
999 776
995 766
985 763
978 755
974 745
966 739
961 730
953 724
945 718
941 708
936 699
930 691
925 682
920 673
916 663
910 655
905 646
905 636
900 627
900 617
895 608
895 598
890 589
890 579
885 570
883 560
880 550
880 540
878 530
875 520
873 510
870 500
870 490
870 480
870 470
865 461
865 451
865 441
865 431
865 421
865 411
865 401
865 391
865 381
865 371
865 361
865 351
865 341
