424 1012
424 1002
429 987
434 972
439 962
439 952
444 942
452 934
457 924
466 919
474 912
482 904
492 899
502 894
512 889
522 884
532 884
542 879
552 879
561 874
569 867
579 862
589 859
599 859
604 842
604 832
604 822
609 807
614 797
624 792
634 787
644 782
654 779
663 774
673 774
682 769
692 764
702 764
711 759
721 755
731 754
740 749
750 749
760 749
770 749
780 749
790 749
800 749
810 749
820 749
829 744
839 744
849 744
858 739
868 739
878 739
879 727
879 717
879 707
879 697
884 687
884 677
889 665
889 655
889 645
889 635
889 625
889 615
889 605
889 595
885 585
875 585
865 582
855 580
845 580
835 577
825 575
816 570
806 568
796 564
787 559
779 552
779 542
787 534
795 526
805 521
815 516
825 514
835 514
845 511
855 509
865 509
875 509
885 509
895 509
904 504
909 495
909 485
904 476
904 466
899 457
899 447
899 437
899 427
899 417
907 409
916 404
926 404
936 404
944 411
950 419
950 429
950 439
950 449
950 459
950 469
950 479
950 489
950 499
950 509
950 519
950 529
958 535
967 540
977 544
987 544
997 544
1007 544
1017 544
1027 544
1037 544
1047 544
1057 544
1067 544
1077 544
1084 552
1079 562
1069 565
1060 570
1050 570
1041 575
1032 580
1022 584
1012 589
1002 590
992 594
982 595
973 600
964 605
955 610
955 620
950 630
950 640
950 650
950 660
950 670
950 680
950 690
950 700
950 710
950 720
950 730
950 740
955 749
965 749
975 749
985 749
994 754
1004 754
1014 754
1023 759
1033 759
1043 759
1053 759
1063 760
1073 764
1083 765
1093 769
1103 770
1113 774
1123 774
1132 779
1142 779
1152 779
1162 779
1172 779
1182 779
1192 779
1202 779
1211 784
1220 789
1230 789
1240 792
1247 800
1250 810
1250 820
1250 830
1250 840
1250 850
1250 860
1250 870
1255 879
1265 882
1275 884
1285 884
1294 889
1304 891
1313 896
1323 899
1332 904
1341 909
1350 914
1359 919
1368 924
1375 932
1383 939
1392 944
1401 949
1409 956
1418 961
1425 969
1430 978
1430 988
1425 1000
1420 1010
1415 1020
1410 1030
1405 1040
1400 1050
1392 1064
1382 1069
1377 1079
1368 1085
1359 1090
1350 1095
1341 1100
1331 1100
1321 1100
1312 1105
1302 1105
1293 1110
1283 1110
1273 1113
1263 1115
1253 1118
1243 1120
1233 1123
1223 1128
1213 1130
1204 1135
1195 1140
1185 1140
1175 1145
1165 1150
1155 1155
1145 1155
1135 1155
1125 1160
1115 1160
1106 1165
1097 1170
1087 1170
1078 1175
1068 1175
1058 1175
1048 1175
1038 1175
1028 1175
1018 1175
1008 1175
998 1175
988 1175
978 1175
968 1175
958 1175
948 1175
938 1175
928 1175
918 1175
908 1175
898 1175
888 1175
878 1175
868 1175
858 1175
848 1175
839 1170
829 1170
819 1170
809 1170
800 1165
790 1165
780 1165
770 1165
761 1160
751 1160
742 1155
732 1155
722 1154
712 1150
702 1150
692 1150
682 1150
673 1145
663 1145
654 1140
644 1140
635 1135
625 1135
615 1135
605 1135
596 1130
586 1130
576 1130
567 1125
558 1120
548 1120
539 1115
529 1112
520 1107
510 1103
504 1095
496 1089
489 1081
481 1075
472 1070
462 1070
453 1065
443 1065
434 1060
429 1051
424 1042
424 1032
424 1022
