399 1027
399 1017
404 1002
409 992
414 982
419 972
427 964
432 954
440 946
448 939
455 931
463 924
470 916
480 911
488 904
497 899
507 899
516 894
525 889
535 886
545 881
553 874
560 866
568 859
577 854
587 854
589 842
589 832
594 822
602 814
612 809
621 804
630 799
639 794
649 792
659 787
669 784
679 784
689 782
699 777
709 774
719 772
729 769
738 764
748 764
757 759
766 754
776 754
785 749
795 749
805 749
815 749
825 749
835 746
845 744
855 741
863 734
864 722
869 712
877 704
882 694
884 675
884 665
884 655
884 645
884 635
884 625
884 615
884 605
883 595
874 590
865 585
856 580
846 580
836 580
826 580
816 580
806 580
796 580
786 580
776 579
769 571
764 562
769 552
774 542
784 537
794 532
804 529
814 527
824 524
834 524
844 524
854 524
864 524
874 524
884 524
894 524
904 523
904 513
904 503
904 493
899 484
899 474
897 464
889 457
889 447
889 437
889 427
889 417
889 407
894 397
902 389
912 384
922 384
932 384
941 389
945 399
950 408
950 418
950 428
950 438
950 448
950 458
950 468
950 478
950 488
950 498
950 508
958 514
968 514
978 514
988 514
998 514
1008 514
1018 514
1028 514
1038 514
1048 514
1057 519
1064 527
1065 537
1062 549
1057 559
1047 564
1037 569
1027 574
1017 575
1008 580
998 580
989 585
979 585
969 587
959 590
950 595
950 605
950 615
950 625
950 635
950 645
952 655
955 665
957 675
962 684
965 694
973 700
978 709
988 710
998 714
1008 714
1018 714
1028 714
1037 719
1047 719
1056 724
1066 724
1075 729
1084 734
1093 739
1103 739
1112 744
1122 744
1131 749
1141 749
1151 749
1161 749
1170 754
1180 754
1190 754
1200 757
1209 762
1217 769
1224 777
1229 786
1230 796
1235 805
1237 815
1240 825
1240 835
1240 845
1245 854
1254 859
1262 865
1272 869
1281 874
1291 874
1300 879
1310 879
1319 884
1329 886
1338 891
1348 895
1357 900
1365 907
1372 915
1382 919
1389 927
1397 934
1404 942
1409 951
1418 956
1425 964
1430 973
1438 979
1445 987
1445 1000
1443 1018
1438 1028
1433 1038
1428 1048
1420 1055
1413 1068
1405 1075
1395 1080
1387 1089
1377 1094
1367 1099
1357 1104
1347 1109
1337 1114
1327 1119
1317 1124
1309 1130
1300 1135
1292 1144
1282 1149
1273 1155
1264 1160
1254 1160
1244 1162
1234 1165
1225 1170
1215 1170
1205 1170
1195 1175
1185 1175
1175 1175
1166 1180
1156 1180
1146 1180
1137 1185
1127 1185
1117 1189
1107 1190
1098 1195
1088 1198
1078 1200
1068 1200
1058 1200
1049 1205
1039 1205
1029 1205
1019 1205
1010 1210
1000 1210
990 1210
980 1210
970 1210
960 1210
950 1210
940 1210
930 1210
920 1210
910 1210
900 1210
890 1210
880 1210
870 1210
860 1210
850 1208
841 1203
831 1200
822 1195
812 1194
802 1190
793 1185
783 1185
774 1180
764 1180
755 1175
745 1175
736 1170
726 1170
717 1165
707 1165
698 1160
689 1155
679 1152
670 1147
660 1145
651 1140
641 1140
632 1135
622 1135
612 1134
602 1130
592 1130
582 1130
572 1130
563 1125
553 1125
544 1120
534 1120
525 1115
515 1115
505 1115
495 1112
485 1108
479 1100
469 1097
460 1092
450 1088
443 1080
435 1073
428 1065
419 1060
411 1054
404 1046
399 1037
