29 302
24 312
29 321
34 330
43 335
50 343
60 345
70 345
79 350
89 350
99 350
109 350
119 350
128 355
135 363
145 367
154 372
164 375
174 375
183 380
192 385
202 385
212 389
222 390
232 390
242 390
252 390
262 390
272 390
282 390
292 390
302 390
312 390
321 395
331 395
341 395
351 395
361 395
371 395
380 390
390 390
400 385
409 380
419 380
428 375
438 375
447 370
456 365
464 357
474 352
484 350
494 347
504 342
514 337
520 325
525 311
525 301
520 292
512 285
504 279
495 274
489 266
479 262
470 257
460 254
450 253
445 244
445 234
440 225
432 219
423 214
413 214
403 214
393 214
383 214
373 210
363 209
353 205
343 204
333 200
323 199
313 195
305 189
305 179
305 169
300 160
300 150
300 140
300 130
297 120
295 110
303 103
313 98
323 95
333 93
343 90
349 81
341 74
331 75
321 79
311 79
301 79
295 71
290 62
290 52
290 42
290 32
284 24
274 24
264 27
264 37
269 46
269 56
264 74
254 74
244 74
234 74
224 77
214 82
214 92
224 95
233 100
243 100
253 100
263 100
264 110
264 120
264 130
264 140
262 159
257 169
252 179
242 184
232 184
222 189
212 189
203 194
194 199
184 199
174 199
164 199
154 202
144 207
134 212
129 222
119 227
114 237
109 247
99 252
89 254
79 257
69 262
60 274
51 279
42 284
34 292
