409 962
409 952
414 942
422 934
430 926
440 921
450 919
459 914
468 909
477 904
487 899
497 894
506 889
514 882
524 877
534 872
544 867
554 864
563 859
573 859
582 854
589 837
589 827
589 817
589 807
597 799
606 794
616 794
625 789
634 784
644 784
654 782
664 777
674 774
683 769
692 764
701 759
710 754
719 749
728 744
738 744
747 739
757 739
767 734
777 734
787 734
797 729
807 729
817 729
827 729
837 729
847 729
857 729
867 729
877 729
882 719
884 703
884 693
884 683
884 673
884 663
884 653
884 643
884 633
884 623
881 613
871 610
861 610
851 608
841 604
832 599
824 592
817 584
812 575
809 565
804 556
799 547
799 537
807 529
816 524
826 520
836 519
845 524
855 527
865 529
875 529
879 512
879 502
879 492
879 482
879 472
884 462
884 452
889 437
894 427
904 422
914 419
924 419
934 419
944 421
950 429
950 439
945 455
945 465
945 475
945 485
945 495
945 505
945 515
945 525
955 529
965 529
975 529
985 529
995 529
1005 529
1015 529
1025 526
1035 524
1045 527
1054 532
1059 541
1059 552
1049 557
1039 562
1029 567
1019 570
1010 575
1000 575
990 580
980 580
970 580
960 580
950 580
950 590
950 600
950 610
950 620
950 630
950 640
950 650
950 660
950 670
950 680
950 690
950 700
950 710
950 720
955 729
955 739
955 749
964 754
974 754
984 754
994 754
1004 754
1014 754
1024 754
1034 754
1044 754
1054 754
1064 754
1074 754
1084 754
1094 754
1104 754
1114 754
1124 754
1134 754
1143 759
1153 760
1163 764
1172 769
1181 774
1191 774
1200 779
1210 782
1218 789
1225 797
1230 806
1230 816
1230 826
1236 834
1246 834
1256 834
1265 839
1275 842
1285 844
1294 849
1302 855
1312 859
1319 867
1327 874
1334 882
1342 889
1351 894
1360 899
1368 905
1375 913
1383 920
1390 928
1398 935
1402 945
1407 954
1410 964
1415 973
1420 982
1420 992
1420 1002
1420 1012
1415 1025
1410 1040
1405 1050
1400 1060
1392 1069
1382 1074
1372 1075
1363 1080
1354 1085
1344 1085
1334 1087
1324 1090
1314 1092
1304 1097
1294 1100
1285 1105
1275 1105
1266 1110
1257 1115
1247 1119
1237 1120
1228 1125
1218 1128
1208 1133
1198 1135
1188 1135
1179 1140
1169 1140
1159 1140
1149 1142
1139 1145
1129 1145
1120 1150
1110 1150
1101 1155
1091 1155
1081 1155
1071 1155
1061 1155
1051 1155
1042 1160
1032 1160
1022 1160
1012 1160
1002 1160
992 1160
982 1164
972 1165
962 1165
952 1165
942 1165
932 1165
922 1165
912 1165
902 1165
892 1165
882 1165
872 1165
862 1165
852 1165
842 1165
832 1165
822 1165
812 1165
802 1165
792 1165
782 1165
772 1165
762 1165
752 1165
742 1165
732 1164
722 1160
712 1160
702 1160
693 1155
684 1150
674 1150
664 1147
655 1142
645 1140
636 1135
626 1135
616 1133
606 1130
596 1130
586 1130
577 1125
567 1124
557 1120
547 1120
538 1115
529 1110
519 1107
510 1102
500 1098
493 1090
484 1085
474 1082
465 1077
455 1073
448 1065
440 1058
436 1048
431 1039
427 1029
422 1020
419 1010
414 1001
414 991
414 981
409 972
