409 932
409 922
417 914
425 906
435 901
445 896
455 891
460 881
468 874
472 864
482 859
490 851
500 846
510 841
520 836
530 831
540 826
550 821
560 819
569 814
578 809
587 804
592 794
597 784
607 779
617 774
627 769
637 764
647 759
657 754
666 749
675 744
685 741
695 736
705 731
715 729
724 724
734 722
744 717
754 714
764 714
774 714
783 709
793 709
803 709
813 709
823 709
833 709
842 704
844 692
844 682
849 672
849 662
854 652
854 642
854 632
854 622
859 613
859 603
859 593
859 583
853 575
844 570
834 570
824 570
815 565
806 560
797 555
788 550
780 543
774 535
769 526
764 517
772 509
781 504
790 499
800 499
810 499
820 499
830 499
840 499
850 499
860 499
864 487
864 477
864 467
864 457
864 447
864 437
864 427
864 417
864 407
864 397
864 387
864 377
864 367
864 357
872 349
881 344
891 344
901 344
911 344
920 349
930 352
937 360
942 369
945 379
945 389
945 399
945 409
945 419
945 429
945 439
945 449
945 459
945 469
945 479
945 489
954 494
964 494
973 499
983 499
993 500
1003 504
1013 504
1023 504
1033 504
1043 504
1053 505
1062 510
1057 525
1049 532
1039 537
1029 542
1019 547
1009 552
999 557
989 562
979 565
970 570
960 570
955 585
955 595
955 605
955 615
955 625
955 635
955 645
955 655
955 665
950 675
950 685
950 695
955 704
965 704
975 704
985 704
995 704
1004 709
1014 709
1024 709
1033 714
1043 714
1053 714
1063 715
1073 719
1083 719
1093 719
1103 719
1112 724
1122 724
1131 729
1141 729
1150 734
1160 737
1169 742
1179 746
1185 754
1194 759
1202 765
1210 772
1215 781
1221 789
1229 796
1233 806
1235 816
1241 824
1251 824
1260 829
1268 835
1277 840
1287 844
1294 852
1302 859
1309 867
1314 876
1323 881
1330 889
1338 895
1345 903
1353 910
1362 915
1370 922
1377 930
1385 937
1392 945
1400 952
1404 962
1405 972
1405 982
1405 992
1400 1005
1392 1019
1384 1025
1375 1030
1365 1035
1357 1044
1347 1049
1337 1054
1327 1059
1317 1064
1307 1069
1297 1074
1287 1079
1279 1085
1270 1090
1260 1095
1253 1103
1243 1108
1233 1110
1224 1115
1215 1120
1206 1125
1196 1125
1187 1130
1178 1135
1168 1138
1158 1140
1149 1145
1139 1145
1129 1145
1120 1150
1110 1150
1100 1150
1090 1150
1081 1155
1071 1155
1061 1155
1051 1155
1041 1155
1031 1155
1021 1155
1011 1155
1001 1155
991 1155
981 1155
971 1155
961 1155
951 1155
941 1155
931 1155
921 1155
911 1155
901 1155
891 1155
881 1155
871 1155
861 1155
851 1155
841 1155
831 1155
821 1155
811 1155
801 1155
791 1155
781 1155
771 1155
761 1155
751 1155
741 1155
731 1153
721 1150
711 1148
701 1145
692 1140
682 1139
672 1135
663 1130
654 1125
644 1125
635 1120
626 1115
617 1110
607 1109
597 1105
588 1100
579 1095
569 1092
560 1087
550 1083
543 1075
534 1070
525 1065
516 1060
506 1059
497 1054
487 1050
477 1050
468 1045
459 1040
449 1037
445 1027
440 1018
436 1008
431 999
427 989
422 980
419 970
414 961
414 951
414 941
