24 37
24 27
34 24
44 24
54 24
64 24
74 24
84 24
94 24
104 24
114 24
124 24
134 24
144 24
154 24
164 24
174 24
184 24
194 24
204 24
214 24
224 24
234 24
244 24
254 24
264 24
274 24
284 24
294 24
304 24
314 24
324 24
334 24
344 24
354 24
364 24
374 24
384 24
394 24
404 26
405 36
405 46
410 55
410 65
410 75
410 85
410 95
408 108
403 118
398 128
393 138
383 143
375 150
370 160
363 168
355 175
345 175
336 180
327 185
318 190
308 193
298 198
290 205
280 210
280 220
280 230
280 240
280 250
280 260
280 270
280 280
280 290
280 300
280 310
280 320
280 330
282 340
287 349
294 357
302 364
309 372
317 379
326 384
334 391
340 399
348 405
355 413
363 419
372 424
379 432
387 439
396 444
404 451
410 459
418 465
427 470
433 478
425 485
415 485
405 485
395 485
385 485
375 485
365 485
355 485
345 485
335 485
325 485
315 485
305 485
295 485
285 485
275 485
265 485
255 485
245 485
235 485
225 485
215 485
205 485
195 485
185 485
175 485
165 485
155 485
145 485
135 485
125 485
115 485
105 485
95 485
85 485
75 485
65 485
55 485
45 485
39 477
47 469
56 464
64 457
72 449
82 444
90 436
100 431
108 424
117 419
127 414
135 406
145 401
153 394
162 389
170 381
178 374
187 369
195 361
204 353
204 343
204 333
204 323
204 313
200 303
199 293
199 283
199 273
199 263
199 253
199 243
199 233
199 223
196 213
186 210
176 209
167 204
157 200
148 195
138 195
128 195
119 190
109 187
100 182
90 180
81 175
72 170
65 162
57 155
48 150
40 143
34 135
29 126
29 116
29 106
24 97
24 87
24 77
24 67
24 57
24 47
