99 337
99 327
109 324
119 324
129 324
139 324
148 329
158 329
167 324
176 329
186 329
196 329
206 329
216 329
226 329
236 329
246 329
256 329
266 329
276 329
286 329
296 329
305 334
315 334
325 337
334 342
344 344
353 349
363 350
372 355
382 359
391 364
400 369
410 372
420 374
429 379
438 384
447 389
457 389
464 397
474 392
479 382
484 372
489 362
499 359
509 359
518 364
527 369
535 375
540 384
550 384
559 389
568 394
575 402
575 412
567 424
559 430
549 430
540 435
552 440
550 455
543 463
533 468
523 473
515 480
508 488
503 498
495 505
486 510
477 515
468 510
459 505
454 496
449 487
449 477
449 467
457 460
455 450
447 444
437 440
430 432
422 425
415 417
405 413
399 405
389 401
381 395
372 390
362 389
352 385
343 380
334 375
324 375
315 370
305 370
295 367
285 365
275 367
265 365
255 365
245 365
235 365
225 365
215 365
205 365
195 367
185 365
175 365
165 365
155 365
145 365
135 365
125 365
115 367
105 365
99 357
99 347
