119 157
119 147
129 144
139 144
149 144
159 144
169 144
179 144
189 144
199 144
209 144
219 144
229 144
239 144
249 144
259 144
269 144
279 144
289 144
299 144
309 144
319 144
329 144
339 144
349 144
359 146
360 156
360 166
360 176
360 186
360 196
360 206
360 216
360 226
360 236
360 246
360 256
360 266
350 275
340 275
340 285
340 295
350 299
360 299
370 299
380 299
390 299
400 299
410 299
420 299
430 299
440 299
450 299
460 299
470 299
480 299
490 299
500 299
510 299
520 299
530 299
540 299
550 299
560 299
570 299
580 299
590 299
600 299
610 299
620 299
630 299
640 299
650 299
660 299
670 299
680 299
690 299
700 299
710 299
720 299
730 299
740 299
750 299
760 299
770 299
780 299
790 299
800 299
810 299
820 299
830 299
840 299
850 299
860 299
870 299
880 299
890 299
900 299
910 299
920 299
930 299
940 299
950 299
960 299
970 299
980 299
990 299
1000 299
1010 299
1020 299
1030 299
1040 299
1050 299
1060 299
1070 299
1080 299
1090 299
1100 299
1110 299
1120 299
1130 299
1140 299
1150 299
1160 299
1170 299
1180 299
1190 299
1200 302
1200 312
1200 322
1200 332
1200 342
1200 352
1200 362
1200 372
1200 382
1200 392
1200 402
1195 420
1185 420
1175 420
1165 420
1155 420
1145 420
1135 420
1125 420
1115 420
1105 420
1095 420
1085 420
1075 420
1065 420
1055 420
1045 420
1035 420
1025 420
1015 420
1005 420
995 420
985 420
975 420
965 420
955 420
945 420
935 420
925 420
915 420
905 420
895 420
885 420
875 420
865 420
855 420
845 420
835 420
825 420
815 420
805 420
795 420
785 420
775 420
765 420
755 420
745 420
735 420
725 420
715 420
705 420
695 420
685 420
675 420
665 420
655 420
645 420
635 420
625 420
615 420
605 420
595 420
585 420
575 420
565 420
555 420
545 420
535 420
525 420
515 420
505 420
495 420
485 420
475 420
465 420
455 420
445 420
435 420
425 420
415 420
405 420
395 420
385 420
375 420
365 420
355 420
345 420
335 420
335 430
335 440
335 450
335 460
337 470
340 480
340 490
340 500
342 510
345 520
345 530
347 540
350 550
352 560
355 570
355 580
357 590
360 600
365 609
365 619
370 628
375 637
371 650
361 648
351 645
342 640
332 640
323 635
314 630
304 626
296 620
287 615
278 610
269 605
259 602
252 594
242 590
235 582
227 575
220 567
214 559
209 550
204 541
199 532
192 524
187 515
180 507
175 498
169 490
164 481
159 472
159 462
154 453
149 444
144 435
144 425
142 415
139 405
139 395
139 385
139 375
139 365
139 355
139 345
139 335
139 325
139 315
139 305
139 295
139 285
135 275
125 275
119 267
119 257
119 247
119 237
119 227
119 217
119 207
119 197
119 187
119 177
119 167
