82 74
82 64
86 48
90 38
95 29
101 21
111 20
121 20
131 20
141 20
151 22
157 30
152 47
143 52
141 64
139 74
135 90
135 100
133 118
133 128
133 138
133 148
135 158
135 168
138 178
143 187
143 197
143 207
143 217
143 227
143 237
143 247
143 257
143 267
143 277
143 287
143 297
143 307
143 317
143 327
143 337
143 347
145 357
138 365
128 365
118 365
108 365
98 362
100 346
100 336
100 326
102 316
102 306
102 296
102 286
100 276
100 266
100 256
100 246
100 236
100 226
100 216
100 206
100 196
102 182
107 173
110 157
110 147
110 137
110 127
110 117
110 107
108 97
108 87
100 81
90 81
