56 64
52 76
61 81
71 72
77 64
85 56
94 51
98 61
100 71
104 81
106 91
108 101
108 111
108 121
108 131
108 141
108 151
108 161
105 173
100 182
98 194
98 204
98 214
98 224
98 234
98 244
98 254
98 264
98 274
98 284
98 294
98 304
98 314
98 324
96 336
96 346
94 360
103 365
113 365
123 365
133 365
143 365
149 357
147 347
147 337
147 327
147 317
145 307
145 297
145 287
145 277
145 267
145 257
145 247
145 237
145 227
145 217
145 207
145 197
145 187
140 178
137 168
135 158
135 148
135 138
135 128
135 118
135 108
137 90
141 74
145 58
147 48
157 45
167 49
177 51
185 40
185 29
180 20
170 20
160 24
150 24
140 20
130 20
120 20
110 20
100 20
90 24
82 30
74 36
66 46
61 55
