60 62
56 76
65 81
75 81
81 72
86 63
94 55
99 64
101 74
106 83
108 93
108 103
110 113
110 123
110 133
110 143
108 160
104 178
100 190
100 200
100 210
100 220
100 230
100 240
100 250
100 260
100 270
100 280
100 290
100 300
100 310
100 320
98 334
98 344
96 360
105 365
115 365
125 365
135 365
145 365
147 346
147 336
147 326
147 316
147 306
147 296
147 286
147 276
147 266
147 256
147 246
147 236
147 226
145 216
145 206
145 196
145 186
141 176
137 166
137 156
137 146
137 136
137 126
137 116
137 106
137 96
139 86
143 74
147 62
147 52
155 45
164 50
174 51
182 43
182 27
174 20
164 20
154 24
144 20
134 20
124 20
114 20
104 20
94 22
86 28
78 36
70 44
65 53
