89 432
89 422
97 414
107 414
117 414
127 414
137 414
147 414
157 414
166 419
176 419
186 419
196 419
206 419
216 419
226 419
236 419
246 419
255 424
264 419
274 421
284 424
294 424
304 424
314 424
324 426
334 429
344 429
354 429
364 431
374 434
384 434
394 434
403 439
413 439
423 439
433 439
443 439
453 439
463 439
472 444
479 427
479 417
479 407
484 397
494 392
504 389
514 391
523 396
533 400
540 408
540 418
535 430
535 440
537 450
542 459
545 469
540 480
540 490
540 500
540 510
535 520
535 530
530 540
520 540
516 550
506 550
496 550
486 550
477 545
474 535
469 526
469 516
469 506
469 496
461 490
451 488
441 485
431 485
421 485
411 485
401 485
391 485
382 480
372 480
362 480
352 480
342 480
332 480
322 480
312 480
302 480
292 480
282 479
272 475
262 475
252 475
242 475
232 475
223 470
213 470
203 470
193 470
183 470
173 470
163 470
154 465
144 465
134 465
124 465
114 465
104 465
94 461
89 452
89 442
