84 447
84 437
92 429
101 424
110 419
120 419
130 419
140 419
150 419
160 416
170 414
180 414
190 414
200 414
210 414
220 414
230 414
239 409
249 409
259 409
269 409
279 409
289 409
299 409
308 414
318 414
328 414
337 419
347 419
356 424
366 424
375 429
385 429
394 434
404 434
413 439
423 439
433 440
443 444
453 445
463 444
469 432
469 422
474 407
482 399
492 399
502 399
512 399
519 407
524 416
525 426
520 435
520 445
515 460
515 470
515 480
510 495
503 508
495 515
495 525
495 535
487 544
478 550
468 550
459 545
454 536
449 527
449 517
454 507
457 495
447 495
437 495
427 494
417 490
407 490
398 485
388 485
378 485
369 480
359 480
349 480
339 480
330 475
320 475
310 475
300 475
290 475
281 470
271 470
261 470
251 470
241 470
231 470
222 465
212 465
202 465
192 465
182 465
172 465
162 465
152 465
142 465
132 465
122 465
112 465
102 465
92 464
84 457
