64 42
62 32
67 23
77 20
87 22
97 20
107 20
117 20
127 20
137 20
147 22
154 30
162 37
167 46
172 55
175 65
172 81
162 81
152 78
148 68
141 60
137 74
133 88
131 102
131 112
131 122
131 132
131 142
131 152
131 162
133 172
138 181
139 191
141 201
141 211
141 221
141 231
141 241
141 251
141 261
141 271
141 281
141 291
141 301
141 311
141 321
141 331
141 341
141 351
141 365
131 365
121 365
111 365
101 365
92 360
94 348
94 338
94 328
96 314
96 304
96 294
96 284
96 274
96 264
96 254
96 244
96 234
96 224
96 214
96 204
96 194
96 184
101 175
104 156
104 146
104 136
104 126
104 116
104 106
104 96
101 86
98 76
94 66
94 56
90 46
81 51
71 50
