93 40
92 30
98 22
108 20
118 20
128 20
137 25
141 35
145 45
147 55
147 65
149 75
140 81
131 86
129 104
129 114
129 124
129 134
129 144
129 154
129 164
132 174
137 183
139 193
139 203
139 213
139 223
139 233
139 243
139 253
139 263
139 273
139 283
139 293
139 303
139 313
139 323
139 333
139 343
139 353
141 363
131 365
121 365
111 365
101 365
96 356
98 344
98 334
98 324
98 314
98 304
98 294
98 284
98 274
98 264
98 254
98 244
98 234
98 224
98 214
98 204
98 194
98 184
104 174
106 164
108 148
108 138
108 128
108 118
107 108
106 98
105 88
103 78
102 68
100 58
99 48
