96 360
96 350
98 332
98 322
98 312
98 302
98 292
98 282
98 272
98 262
98 252
98 242
98 232
98 222
98 212
98 202
98 192
98 182
106 166
108 148
108 138
108 128
108 118
108 108
106 98
106 88
104 78
102 68
102 58
102 48
98 38
98 28
104 20
114 20
124 20
134 21
137 31
139 41
141 51
141 61
143 71
134 81
129 90
129 100
129 110
127 128
127 138
128 148
129 158
129 168
131 178
137 186
139 196
139 206
139 216
139 226
139 236
139 246
139 256
139 266
139 276
139 286
139 296
139 306
139 316
139 326
139 336
139 346
135 365
125 365
115 365
105 365
