229 107
229 97
234 87
242 79
250 71
258 64
267 59
277 59
287 59
297 59
307 59
317 59
327 59
336 64
345 69
353 75
360 83
370 84
380 84
390 84
400 84
410 84
420 84
430 84
440 84
450 87
460 89
470 89
480 89
490 92
500 94
509 99
519 101
525 109
533 115
540 123
548 130
555 138
563 145
570 153
578 160
585 168
593 175
595 185
600 194
608 200
610 210
615 219
615 229
615 239
615 249
620 258
614 272
604 275
595 270
587 264
577 260
570 252
560 248
554 240
544 240
535 235
525 233
519 225
509 225
499 225
490 220
480 217
470 215
470 225
470 235
470 245
470 255
470 265
470 275
470 285
470 295
470 305
470 315
470 325
470 335
470 345
470 355
470 365
470 375
470 385
470 395
470 405
470 415
470 425
470 435
470 445
470 455
470 465
470 475
470 485
470 495
470 505
470 515
470 525
470 535
470 545
470 555
470 565
470 575
470 585
470 595
470 605
470 615
470 625
470 635
470 645
470 655
470 665
470 675
470 685
470 695
470 705
470 715
470 725
470 735
470 745
470 755
470 765
470 775
470 785
470 795
470 805
470 815
470 825
470 835
470 845
470 855
470 865
470 875
470 885
470 895
470 905
470 915
470 925
470 935
470 945
470 955
470 965
470 975
470 985
470 995
470 1005
470 1015
470 1025
470 1035
470 1045
470 1055
470 1065
470 1075
470 1085
470 1095
470 1105
470 1115
470 1125
470 1135
470 1145
470 1155
470 1165
468 1183
460 1190
452 1199
442 1200
432 1200
422 1200
412 1200
402 1199
394 1192
389 1183
389 1173
389 1163
389 1153
389 1143
389 1133
389 1123
389 1113
389 1103
389 1093
389 1083
389 1073
389 1063
389 1053
389 1043
389 1033
389 1023
389 1013
389 1003
389 993
389 983
389 973
389 963
389 953
389 943
389 933
389 923
389 913
389 903
389 893
389 883
389 873
389 863
389 853
389 843
389 833
389 823
389 813
389 803
389 793
389 783
389 773
389 763
389 753
389 743
389 733
389 723
389 713
389 703
389 693
389 683
389 673
389 663
389 653
389 643
389 633
389 623
389 613
389 603
389 593
389 583
389 573
389 563
389 553
389 543
389 533
389 523
389 513
389 503
389 493
389 483
389 473
389 463
389 453
389 443
389 433
389 423
389 413
389 403
389 393
389 383
389 373
389 363
389 353
389 343
389 333
389 323
389 313
389 303
389 293
389 283
389 273
389 263
389 253
389 243
389 233
389 223
383 215
373 215
363 218
355 225
348 233
340 240
331 245
321 245
312 250
302 250
292 250
282 249
272 245
262 245
253 240
245 233
239 225
234 216
229 207
229 197
229 187
229 177
229 167
229 157
229 147
229 137
229 127
229 117
