56 64
52 78
61 73
67 64
75 56
84 51
94 47
100 55
102 65
104 75
106 85
108 95
110 105
110 115
110 125
110 135
110 145
110 155
106 174
100 182
98 194
98 204
98 214
98 224
98 234
98 244
98 254
98 264
98 274
98 284
98 294
98 304
98 314
96 328
96 338
94 356
99 365
109 365
119 365
129 365
139 365
149 365
149 352
149 342
147 332
147 322
147 312
147 302
147 292
147 282
147 272
147 262
147 252
147 242
147 232
147 222
147 212
146 202
145 192
143 182
137 174
135 164
135 154
135 144
135 134
135 124
135 114
135 104
135 94
137 84
141 74
143 60
145 50
154 45
164 45
173 50
183 51
189 43
189 33
188 23
178 20
168 24
158 24
148 23
138 20
128 20
118 20
108 20
98 20
89 26
81 32
73 39
67 47
61 55
