62 64
58 78
68 81
78 81
85 72
90 63
98 56
100 66
104 76
106 86
108 96
108 106
110 116
110 126
110 136
110 146
108 162
106 172
102 182
100 192
100 202
100 212
100 222
100 232
100 242
100 252
100 262
100 272
100 282
100 292
100 302
100 312
100 322
100 332
98 348
96 362
106 365
116 365
126 365
136 365
146 365
147 346
147 336
145 326
145 316
145 306
145 296
145 286
145 276
145 266
145 256
145 246
145 236
145 226
145 216
145 206
145 196
144 186
140 176
137 166
137 156
135 146
135 136
135 126
137 114
137 104
137 94
139 84
143 74
147 60
147 50
157 47
167 51
177 46
179 29
174 20
164 20
154 24
144 20
134 20
124 20
114 20
104 20
94 22
86 28
78 36
72 44
66 54
