52 34
52 24
62 20
72 23
82 24
92 24
102 20
112 20
122 20
132 20
142 20
151 25
159 31
167 38
173 46
179 54
184 63
189 81
180 76
174 68
168 60
160 54
151 49
141 48
139 64
137 74
133 86
131 102
131 112
131 122
131 132
131 142
131 152
131 162
133 172
136 182
141 191
141 201
143 211
143 221
143 231
143 241
143 251
143 261
143 271
143 281
143 291
143 301
143 311
143 321
143 331
143 341
145 351
138 365
128 365
118 365
108 365
98 365
90 358
92 344
92 334
94 316
94 306
94 296
94 286
94 276
94 266
94 256
94 246
94 236
94 226
94 216
94 206
94 196
96 182
102 172
106 154
106 144
106 134
106 124
106 114
104 104
104 94
102 84
99 74
96 64
96 54
90 46
80 45
70 47
60 51
52 44
