154 167
154 157
164 154
174 154
184 154
194 154
204 154
214 154
224 154
234 154
244 154
254 154
264 154
274 154
284 154
294 154
304 156
305 166
305 176
315 179
324 174
333 169
343 169
352 164
362 164
371 159
381 159
391 159
401 159
411 159
421 159
431 159
441 159
450 164
460 164
470 164
480 164
489 169
499 169
508 174
517 179
527 179
536 184
545 189
555 189
565 192
575 194
584 199
593 204
602 209
611 214
620 219
629 224
637 230
642 239
649 247
657 254
664 262
669 271
675 279
680 288
685 297
690 306
695 315
700 324
705 333
710 342
700 347
692 340
683 335
674 330
665 325
655 325
646 320
637 315
628 310
618 310
609 305
599 305
589 305
579 305
569 305
559 305
550 310
540 310
530 310
520 310
510 315
500 320
493 328
485 335
475 340
465 345
455 350
445 355
445 365
445 375
445 385
445 395
445 405
445 415
445 425
445 435
445 445
445 455
445 465
445 475
445 485
445 495
445 505
445 515
445 525
445 535
445 545
445 555
445 565
445 575
445 585
445 595
445 605
445 615
445 625
445 635
445 645
445 655
445 665
445 675
445 685
445 695
445 705
445 715
445 725
445 735
445 745
445 755
445 765
445 775
445 785
445 795
445 805
445 815
445 825
445 835
445 845
445 855
445 865
445 875
445 885
445 895
445 905
445 915
445 925
445 935
445 945
445 955
445 965
445 975
445 985
445 995
445 1005
445 1015
445 1025
445 1035
445 1045
445 1055
445 1065
445 1075
445 1085
445 1095
445 1105
445 1115
445 1125
445 1135
440 1145
430 1145
420 1145
410 1145
400 1145
390 1145
380 1145
370 1145
360 1145
350 1145
340 1143
339 1133
339 1123
339 1113
339 1103
339 1093
339 1083
339 1073
339 1063
339 1053
339 1043
339 1033
339 1023
339 1013
339 1003
339 993
339 983
339 973
339 963
339 953
339 943
339 933
339 923
339 913
339 903
339 893
339 883
339 873
339 863
339 853
339 843
339 833
339 823
339 813
339 803
339 793
339 783
339 773
339 763
339 753
339 743
339 733
339 723
339 713
339 703
339 693
339 683
339 673
339 663
339 653
339 643
339 633
339 623
339 613
339 603
339 593
339 583
339 573
339 563
339 553
339 543
339 533
339 523
339 513
339 503
339 493
339 483
339 473
339 463
339 453
339 443
339 433
339 423
339 413
339 403
339 393
339 383
339 373
339 363
332 355
323 350
314 345
305 340
305 350
304 367
294 370
284 370
274 370
264 370
254 370
244 370
234 370
224 370
214 370
204 370
194 370
184 370
174 370
164 370
154 367
154 357
154 347
154 337
154 327
154 317
154 307
154 297
154 287
154 277
154 267
154 257
154 247
154 237
154 227
154 217
154 207
154 197
154 187
154 177
