62 80
62 70
66 58
71 49
76 40
84 32
92 24
102 20
112 20
122 20
132 20
142 20
152 22
162 20
172 21
177 30
174 45
166 51
156 51
147 46
145 62
141 74
137 90
137 100
135 110
135 120
135 130
135 140
135 150
135 160
137 170
141 180
144 190
145 200
145 210
145 220
145 230
145 240
145 250
145 260
145 270
145 280
145 290
145 300
145 310
145 320
145 330
145 340
147 350
146 365
136 365
126 365
116 365
106 365
96 362
98 344
100 328
100 318
100 308
100 298
100 288
100 278
100 268
100 258
100 248
100 238
100 228
100 218
100 208
100 198
100 188
104 178
108 168
108 158
110 141
110 131
110 121
108 111
108 101
108 91
104 81
100 71
95 62
90 73
82 81
72 81
