49 182
49 172
59 167
64 157
72 149
80 141
85 131
95 126
103 119
107 109
116 104
124 92
132 84
141 79
146 70
154 64
164 61
174 64
184 64
194 66
204 69
212 75
222 79
229 87
230 97
225 115
220 125
210 130
205 140
207 150
212 159
221 164
229 171
235 179
243 185
252 190
260 197
269 202
277 209
286 214
295 219
303 225
310 233
320 234
328 240
335 248
343 254
352 259
355 269
363 275
370 283
378 290
387 295
395 302
402 310
410 317
418 324
427 329
434 337
439 346
445 354
450 363
455 372
460 381
469 386
473 396
483 400
485 410
480 425
472 434
464 440
455 445
455 455
446 460
437 465
430 457
422 450
415 442
405 438
399 430
391 424
387 414
382 405
373 400
363 400
355 393
349 385
349 375
340 370
330 367
322 360
315 352
310 343
304 335
294 335
289 326
284 317
277 309
267 305
260 297
250 293
249 283
243 275
233 275
225 268
218 260
210 253
204 245
194 242
189 233
185 223
179 215
170 210
164 202
155 197
145 195
143 208
133 213
125 220
121 230
111 229
104 221
96 215
86 213
76 210
67 205
64 195
55 190
