574 332
569 342
575 350
583 343
593 338
603 333
610 325
620 325
630 320
640 315
650 310
660 310
670 305
680 305
690 305
700 305
710 305
720 305
729 310
739 310
749 310
759 310
768 315
777 320
785 327
792 335
801 340
810 345
819 350
828 355
834 363
834 373
834 383
834 393
834 403
834 413
834 423
834 433
834 443
834 453
834 463
834 473
834 483
834 493
834 503
834 513
834 523
834 533
834 543
834 553
834 563
834 573
834 583
834 593
834 603
834 613
834 623
834 633
834 643
834 653
834 663
834 673
834 683
834 693
834 703
834 713
834 723
834 733
834 743
834 753
834 763
834 773
834 783
834 793
834 803
834 813
834 823
834 833
834 843
834 853
834 863
834 873
834 883
834 893
834 903
834 913
834 923
834 933
834 943
834 953
834 963
834 973
834 983
834 993
834 1003
834 1013
834 1023
834 1033
834 1043
834 1053
834 1063
834 1073
834 1083
834 1093
834 1103
834 1113
834 1123
834 1133
835 1143
845 1145
855 1145
865 1145
875 1145
885 1145
895 1145
905 1145
915 1145
925 1145
935 1145
940 1135
940 1125
940 1115
940 1105
940 1095
940 1085
940 1075
940 1065
940 1055
940 1045
940 1035
940 1025
940 1015
940 1005
940 995
940 985
940 975
940 965
940 955
940 945
940 935
940 925
940 915
940 905
940 895
940 885
940 875
940 865
940 855
940 845
940 835
940 825
940 815
940 805
940 795
940 785
940 775
940 765
940 755
940 745
940 735
940 725
940 715
940 705
940 695
940 685
940 675
940 665
940 655
940 645
940 635
940 625
940 615
940 605
940 595
940 585
940 575
940 565
940 555
940 545
940 535
940 525
940 515
940 505
940 495
940 485
940 475
940 465
940 455
940 445
940 435
940 425
940 415
940 405
940 395
940 385
940 375
940 365
940 355
950 350
960 345
970 340
974 350
974 360
977 370
987 370
997 370
1007 370
1017 370
1027 370
1037 370
1047 370
1057 370
1067 370
1077 370
1087 370
1097 370
1107 370
1117 370
1125 356
1125 346
1125 336
1125 326
1125 316
1125 306
1125 296
1125 286
1125 276
1125 266
1125 256
1125 246
1125 236
1125 226
1125 216
1125 206
1125 196
1125 186
1125 176
1125 166
1124 156
1114 154
1104 154
1094 154
1084 154
1074 154
1064 154
1054 154
1044 154
1034 154
1024 154
1014 154
1004 154
994 154
984 154
974 157
974 167
972 184
963 179
954 174
945 169
935 167
925 164
915 164
906 159
896 159
886 159
876 159
866 159
856 159
846 159
836 159
827 164
817 164
807 164
797 164
787 169
777 169
767 174
757 179
747 179
737 184
728 189
718 189
709 194
699 197
689 202
679 207
669 212
659 217
651 224
642 229
638 239
630 246
622 254
614 262
607 274
602 284
597 294
589 302
584 312
579 322
