96 74
96 64
98 48
100 36
104 20
114 20
124 20
134 20
140 28
137 46
137 56
135 68
133 84
131 98
131 108
131 118
131 128
131 138
131 148
131 158
132 168
135 178
141 186
141 196
141 206
141 216
141 226
141 236
141 246
141 256
141 266
141 276
141 286
141 296
141 306
141 316
141 326
141 336
141 346
143 356
137 365
127 365
117 365
107 365
98 360
100 346
100 336
100 326
100 316
100 306
100 296
100 286
100 276
100 266
100 256
100 246
100 236
100 226
100 216
100 206
100 196
100 186
108 170
110 151
110 141
110 131
110 121
110 111
110 101
108 91
104 81
