66 40
66 30
72 22
82 20
92 23
102 20
112 20
122 20
132 20
142 20
150 27
157 35
163 43
168 52
172 62
175 72
166 81
156 81
146 79
137 74
133 88
131 102
131 112
131 122
131 132
131 142
131 152
131 162
133 172
138 181
139 191
139 201
141 211
141 221
141 231
141 241
141 251
141 261
141 271
141 281
141 291
141 301
141 311
141 321
141 331
141 341
141 351
142 365
132 365
122 365
112 365
102 365
92 362
94 348
94 338
96 326
96 316
96 306
96 296
96 286
96 276
96 266
96 256
96 246
96 236
96 226
96 216
96 206
96 196
96 186
100 176
104 158
104 148
106 137
106 127
104 117
104 107
104 97
102 87
100 77
95 68
94 58
92 48
82 51
72 48
