70 60
66 74
74 81
84 81
94 81
97 70
105 76
108 86
110 96
110 106
110 116
112 126
112 136
110 150
110 160
106 176
102 186
102 196
102 206
102 216
102 226
102 236
102 246
102 256
102 266
102 276
102 286
102 296
102 306
102 316
102 326
100 342
100 352
98 362
108 365
118 365
128 365
138 365
148 365
148 354
147 344
147 334
147 324
147 314
147 304
147 294
147 284
147 274
147 264
147 254
147 244
147 234
147 224
147 214
147 204
145 194
145 184
141 174
137 164
137 154
137 144
137 134
137 124
137 114
137 104
139 88
143 74
147 56
156 51
166 51
174 43
173 25
164 20
154 20
144 20
134 20
124 20
114 20
104 20
94 24
86 32
80 40
74 50
