92 40
92 30
98 22
108 20
118 20
128 20
137 25
141 35
143 45
145 55
147 65
141 81
131 84
129 94
129 104
129 114
129 124
129 134
129 144
129 154
129 164
131 174
137 182
137 192
139 202
139 212
139 222
139 232
139 242
139 252
139 262
137 272
137 282
137 292
137 302
137 312
137 322
138 332
139 342
139 352
134 365
124 365
114 365
104 365
96 358
96 348
98 332
98 322
98 312
98 302
98 292
98 282
98 272
98 262
98 252
98 242
98 232
98 222
98 212
98 202
98 192
98 182
104 170
106 160
106 150
108 138
108 128
106 118
106 108
106 98
104 88
102 78
101 68
100 58
99 48
