52 34
52 24
62 20
72 23
82 24
92 24
102 20
112 20
122 20
132 20
142 20
150 26
158 32
166 38
172 46
178 54
182 75
176 67
169 59
161 53
151 49
141 48
139 62
137 74
133 86
131 102
131 112
131 122
131 132
131 142
131 152
131 162
133 172
136 182
141 191
143 201
143 211
143 221
143 231
143 241
143 251
143 261
143 271
143 281
143 291
143 301
143 311
143 321
145 331
145 341
145 351
139 365
129 365
119 365
109 365
99 365
90 360
92 350
92 340
94 324
94 314
94 304
94 294
94 284
94 274
94 264
94 254
94 244
94 234
94 224
94 214
94 204
96 194
96 184
102 176
106 164
106 154
106 144
106 134
106 124
106 114
106 104
105 94
103 84
99 74
98 64
96 54
90 46
80 45
70 47
60 51
52 44
