84 277
84 267
92 259
102 259
111 254
121 254
130 259
135 268
140 277
144 287
145 297
153 304
163 304
173 304
182 299
192 299
202 294
212 294
221 289
230 284
240 281
250 276
259 267
269 264
279 262
289 257
299 252
309 247
319 242
329 237
339 232
347 224
357 224
366 219
376 219
384 212
394 207
404 204
413 199
422 194
432 189
442 184
452 179
462 179
471 174
481 170
491 165
501 164
510 159
519 154
528 149
538 149
547 144
556 139
566 139
575 144
583 150
590 158
590 168
582 184
572 189
562 194
552 199
543 205
534 210
525 215
515 215
505 220
495 225
486 230
477 235
467 239
459 245
450 250
440 250
431 255
422 260
413 265
403 265
393 268
383 273
375 280
365 280
355 285
346 290
337 295
328 300
318 303
308 305
298 305
288 305
279 310
270 315
260 315
255 325
245 325
236 330
227 335
217 339
209 345
200 350
190 350
180 350
170 350
170 360
170 370
175 379
175 389
180 398
179 412
174 422
166 430
156 430
146 429
137 424
132 415
129 405
129 395
128 385
120 378
114 370
106 364
104 354
99 345
99 335
97 325
94 315
89 306
89 296
84 287
