78 78
78 68
80 58
84 46
89 37
94 28
100 20
110 20
120 20
130 20
140 20
150 20
159 25
162 41
155 49
145 52
143 62
141 74
137 88
135 106
135 116
135 126
135 136
135 146
135 156
136 166
139 176
143 186
144 196
145 206
145 216
145 226
145 236
145 246
145 256
145 266
143 284
143 294
143 304
143 314
145 324
145 334
145 344
145 354
139 365
129 365
119 365
109 365
100 360
100 350
102 334
102 324
102 314
102 304
102 294
102 284
102 274
102 264
102 254
102 244
102 234
102 224
102 214
102 204
102 194
102 184
107 175
110 164
110 154
110 144
110 134
110 124
110 114
110 104
109 94
108 84
98 81
88 81
