58 62
54 74
62 81
71 76
76 67
82 59
90 53
99 58
100 68
104 78
107 88
108 98
110 108
110 118
110 128
110 138
110 148
108 166
105 177
100 186
100 196
100 206
100 216
100 226
100 236
100 246
100 256
100 266
100 276
100 286
100 296
98 314
98 324
98 334
98 344
96 354
96 364
106 365
116 365
126 365
136 365
146 365
149 350
149 340
147 330
147 320
147 310
147 300
147 290
147 280
147 270
147 260
147 250
147 240
147 230
147 220
147 210
147 200
145 190
142 180
139 170
137 160
137 150
137 140
137 130
137 120
137 110
137 100
139 86
143 74
147 62
147 52
155 45
165 47
175 51
185 44
187 28
181 20
171 20
161 24
151 24
141 20
131 20
121 20
111 20
101 20
91 23
83 29
75 37
69 45
63 53
