74 78
74 68
78 54
82 44
88 34
94 26
102 20
112 20
122 20
132 20
142 20
152 20
162 22
167 31
163 46
154 51
145 56
145 66
141 76
137 92
137 102
137 112
135 122
135 132
135 142
136 152
137 162
139 172
142 182
144 192
145 202
145 212
145 222
145 232
145 242
145 252
145 262
145 272
145 282
145 292
145 302
145 312
145 322
145 332
145 342
145 352
139 365
129 365
119 365
109 365
100 360
100 350
102 336
102 326
102 316
102 306
102 296
102 286
102 276
102 266
102 256
102 246
102 236
102 226
102 216
102 206
102 196
102 186
106 176
110 161
110 151
110 141
110 131
110 121
110 111
110 101
108 91
104 81
94 81
84 81
