154 987
154 977
164 974
174 974
184 970
177 959
172 950
169 940
164 931
164 921
159 912
159 902
159 892
159 882
159 872
159 862
159 852
159 842
159 832
164 817
164 807
164 797
169 787
169 777
174 767
179 757
179 747
184 737
189 727
189 717
194 702
199 692
204 682
209 672
214 662
222 654
227 644
236 639
244 632
252 624
260 616
270 611
278 604
287 599
297 594
306 589
315 584
324 579
333 574
342 569
350 575
343 583
338 593
333 603
325 610
325 620
320 630
315 640
310 650
310 660
305 670
305 680
305 690
305 700
305 710
305 720
310 729
310 739
310 749
310 759
315 768
320 777
327 785
335 792
340 801
345 810
350 819
355 828
363 834
373 834
383 834
393 834
403 834
413 834
423 834
433 834
443 834
453 834
463 834
473 834
483 834
493 834
503 834
513 834
523 834
533 834
543 834
553 834
563 834
573 834
583 834
593 834
603 834
613 834
623 834
633 834
643 834
653 834
663 834
673 834
683 834
693 834
703 834
713 834
723 834
733 834
743 834
753 834
763 834
773 834
783 834
793 834
803 834
813 834
823 834
833 834
843 834
853 834
863 834
873 834
883 834
893 834
903 834
913 834
923 834
933 834
943 834
953 834
963 834
973 834
983 834
993 834
1003 834
1013 834
1023 834
1033 834
1043 834
1053 834
1063 834
1073 834
1083 834
1093 834
1103 834
1113 834
1123 834
1133 834
1143 835
1145 845
1145 855
1145 865
1145 875
1145 885
1145 895
1145 905
1145 915
1145 925
1145 935
1135 940
1125 940
1115 940
1105 940
1095 940
1085 940
1075 940
1065 940
1055 940
1045 940
1035 940
1025 940
1015 940
1005 940
995 940
985 940
975 940
965 940
955 940
945 940
935 940
925 940
915 940
905 940
895 940
885 940
875 940
865 940
855 940
845 940
835 940
825 940
815 940
805 940
795 940
785 940
775 940
765 940
755 940
745 940
735 940
725 940
715 940
705 940
695 940
685 940
675 940
665 940
655 940
645 940
635 940
625 940
615 940
605 940
595 940
585 940
575 940
565 940
555 940
545 940
535 940
525 940
515 940
505 940
495 940
485 940
475 940
465 940
455 940
445 940
435 940
425 940
415 940
405 940
395 940
385 940
375 940
365 940
355 940
350 950
345 960
340 970
350 974
360 974
370 977
370 987
370 997
370 1007
370 1017
370 1027
370 1037
370 1047
370 1057
370 1067
370 1077
370 1087
370 1097
370 1107
370 1117
360 1125
350 1125
340 1125
330 1125
320 1125
310 1125
300 1125
290 1125
280 1125
270 1125
260 1125
250 1125
240 1125
230 1125
220 1125
210 1125
200 1125
190 1125
180 1125
170 1125
160 1125
154 1117
154 1107
154 1097
154 1087
154 1077
154 1067
154 1057
154 1047
154 1037
154 1027
154 1017
154 1007
154 997
