100 190
100 200
100 210
100 220
100 230
100 240
100 250
100 260
100 270
100 280
100 290
100 300
100 310
100 320
100 330
100 340
100 350
98 362
108 365
118 365
128 365
138 365
143 348
141 338
141 328
141 318
141 308
141 298
141 288
141 278
141 268
141 258
141 248
143 231
143 221
143 211
141 201
141 191
136 182
133 172
131 162
131 152
131 142
131 132
131 122
131 112
131 102
131 92
133 82
139 65
139 55
139 45
137 35
135 25
126 20
116 20
106 22
104 36
104 46
102 62
102 72
107 81
110 91
110 101
112 111
112 121
112 131
112 141
112 151
110 166
106 182
