56 64
52 76
62 75
67 66
75 58
83 52
93 49
100 57
102 67
104 77
106 87
108 97
110 107
110 117
110 127
110 137
110 147
110 157
106 174
100 184
100 194
98 204
98 214
98 224
98 234
98 244
98 254
98 264
98 274
98 284
98 294
98 304
98 314
98 324
96 340
96 350
94 360
103 365
113 365
123 365
133 365
143 365
149 354
149 344
147 334
147 324
147 314
147 304
147 294
147 284
147 274
147 264
147 254
147 244
147 234
147 224
147 214
147 204
145 194
145 184
139 176
136 166
135 156
135 146
135 136
135 126
135 116
135 106
137 88
141 74
145 62
145 52
153 45
163 45
173 49
183 51
189 43
189 33
188 23
178 20
168 24
158 24
148 23
138 20
128 20
118 20
108 20
98 20
89 25
81 31
73 39
67 47
61 55
