64 232
64 222
69 212
79 209
88 204
98 204
108 205
115 213
123 220
127 230
130 240
135 249
140 258
148 265
155 273
160 282
164 292
169 301
175 309
180 318
188 324
195 332
205 334
214 339
214 329
214 319
211 309
209 299
209 289
204 280
204 270
204 260
204 250
204 240
204 230
204 220
204 210
199 201
194 192
194 182
194 172
194 162
194 152
194 142
194 132
194 122
194 112
202 104
211 99
221 99
231 99
240 104
248 110
252 120
255 130
255 140
255 150
255 160
255 170
260 179
260 189
260 199
260 209
260 219
265 228
265 238
270 247
270 257
270 267
275 276
275 286
281 294
289 287
289 277
289 267
289 257
289 247
289 237
289 227
289 217
289 207
289 197
289 187
289 177
289 167
289 157
289 147
289 137
289 127
289 117
289 107
289 97
289 87
294 72
302 64
312 64
322 64
332 64
341 69
349 76
353 86
355 96
355 106
355 116
355 126
355 136
355 146
355 156
355 166
350 175
350 185
352 195
355 205
355 215
355 225
355 235
355 245
355 255
355 265
355 275
355 285
355 295
360 304
369 292
369 282
369 272
374 262
374 252
379 237
379 227
389 222
389 212
389 202
389 192
389 182
389 172
389 162
389 152
389 142
389 132
394 117
402 109
411 104
421 104
431 104
439 111
445 119
450 128
450 138
450 148
450 158
450 168
450 178
450 188
450 198
445 210
445 220
445 230
445 240
445 250
445 260
440 270
440 280
435 295
435 305
435 315
435 325
435 335
435 345
435 355
435 365
435 375
425 380
425 390
425 400
433 406
435 416
444 421
445 431
450 440
460 444
469 437
477 429
485 421
490 411
494 401
494 391
489 382
489 372
489 362
494 347
499 337
499 327
509 322
514 312
524 309
533 304
543 305
552 310
555 320
555 330
555 340
555 350
555 360
555 370
557 380
562 389
565 399
565 409
570 418
568 428
563 438
555 445
548 458
540 465
538 478
530 485
524 495
515 500
510 515
505 525
498 538
490 545
485 555
479 565
473 573
465 580
458 588
450 595
443 603
435 610
429 620
420 625
410 630
400 630
392 639
384 645
375 650
370 660
370 670
365 680
355 680
345 680
335 680
325 680
315 680
305 680
295 680
285 680
275 680
265 680
255 680
245 680
235 680
225 680
215 680
205 680
195 680
185 680
175 680
169 672
169 662
174 647
179 637
179 627
184 610
184 600
184 590
179 581
179 571
174 562
174 552
169 543
169 533
164 524
164 514
164 504
159 495
159 485
159 475
159 465
159 455
159 445
159 435
159 425
159 415
159 405
158 395
150 388
149 378
142 370
135 362
127 355
123 345
115 338
109 330
107 320
100 312
92 305
85 297
79 289
74 280
74 270
69 261
69 251
64 242
