69 202
69 192
79 189
89 189
99 191
105 199
115 202
119 212
127 219
130 229
135 238
140 247
147 255
155 262
159 272
167 279
170 289
178 295
185 303
184 285
179 276
174 267
170 257
162 250
159 240
154 231
149 222
145 212
140 203
139 193
134 184
129 175
127 165
119 158
115 148
109 140
104 131
104 121
99 112
104 97
114 87
124 84
132 90
140 97
147 105
152 114
155 124
160 133
165 142
169 152
174 161
178 171
185 179
190 188
195 197
202 205
207 214
210 224
218 230
223 239
227 225
224 215
219 206
219 196
214 187
209 178
205 168
204 158
204 148
204 138
200 128
199 118
194 109
191 99
189 89
184 80
184 70
179 61
174 52
174 42
182 34
191 29
201 29
209 36
218 41
225 49
225 59
233 65
237 75
240 85
245 94
245 104
250 113
255 122
259 132
260 142
264 152
265 162
270 171
273 181
275 191
278 201
280 211
283 221
293 224
299 209
299 199
296 189
294 179
291 169
289 159
284 150
284 140
284 130
284 120
284 110
282 100
279 90
274 81
274 71
274 61
269 52
269 42
277 34
286 29
295 34
304 39
312 45
317 54
320 64
328 70
330 80
335 89
335 99
335 109
340 118
345 127
345 137
349 147
350 157
350 167
354 177
355 187
355 197
359 207
360 217
365 226
368 236
370 246
373 256
380 264
380 274
385 283
390 292
397 300
405 307
412 315
422 319
432 314
437 304
442 294
444 277
449 262
449 252
454 242
454 232
454 222
459 212
467 204
474 192
482 184
491 179
500 174
510 174
518 180
525 188
523 203
515 210
515 220
515 230
515 240
515 250
513 268
505 275
505 285
505 295
500 310
500 320
500 330
495 340
495 350
490 365
485 380
480 390
475 400
470 415
470 425
468 438
460 445
458 458
453 468
445 475
435 480
430 495
427 514
417 515
407 515
397 515
387 515
377 515
367 515
357 515
347 515
337 515
327 515
317 515
307 515
297 515
287 515
277 515
267 515
257 515
247 515
237 515
229 508
223 500
215 493
209 485
204 476
199 467
194 458
190 448
189 438
185 428
184 418
180 408
174 400
169 391
169 381
164 372
159 363
155 353
151 343
146 334
139 326
134 317
130 307
122 300
119 290
114 281
109 272
104 263
97 255
93 245
85 238
79 230
79 220
74 211
