59 407
59 397
69 394
79 394
89 394
99 396
109 399
119 399
129 401
139 404
149 404
159 404
168 399
174 387
182 379
189 367
197 359
202 349
210 341
215 331
223 324
223 305
215 298
209 290
200 285
197 299
189 305
179 302
172 294
164 287
164 277
174 272
183 260
175 253
168 245
159 240
151 234
144 226
139 217
149 207
157 199
165 191
175 189
184 184
194 184
203 179
212 174
220 166
228 159
228 173
220 180
230 184
240 187
250 189
259 184
268 179
272 169
280 161
288 154
295 146
303 139
312 134
321 129
330 124
335 133
328 148
323 158
315 165
310 175
303 183
295 190
300 199
310 199
320 196
328 189
335 181
345 176
353 169
360 161
368 154
372 144
380 136
388 129
397 124
406 129
410 139
419 144
425 136
433 129
440 121
448 114
455 106
463 99
470 91
478 84
485 76
493 69
502 64
511 59
520 54
530 57
528 73
520 80
515 90
510 100
510 110
503 118
495 125
488 133
480 140
473 148
465 155
458 163
450 170
452 180
462 184
465 194
460 205
453 213
445 220
438 228
430 235
423 243
415 250
410 260
403 268
395 275
411 274
419 267
427 259
437 254
447 249
457 249
460 260
453 273
445 280
438 293
430 300
423 308
415 315
408 323
400 330
405 339
405 349
405 359
414 354
423 349
425 360
418 368
410 375
410 385
410 395
415 404
424 397
432 389
434 377
444 372
450 380
442 390
430 405
423 413
415 420
415 430
420 439
415 455
410 470
403 478
395 485
385 482
377 475
374 465
366 459
362 449
354 442
349 433
343 425
335 418
328 410
318 408
313 418
305 425
295 423
289 415
284 406
279 397
287 389
280 380
270 380
260 380
250 380
243 388
233 393
225 400
217 409
207 414
199 420
190 425
185 435
190 444
190 454
190 464
190 474
190 484
190 494
195 503
195 513
195 523
187 534
177 535
174 525
166 519
162 509
154 502
149 493
142 485
139 475
130 470
122 479
114 487
104 491
99 482
107 474
115 466
115 452
107 445
98 440
90 433
84 425
75 420
67 414
