24 127
24 117
29 107
34 97
34 87
39 77
47 69
54 57
59 47
69 42
77 34
86 29
96 29
105 24
115 24
125 24
135 24
145 24
155 24
165 27
174 32
184 36
193 41
203 45
212 50
222 54
231 59
240 64
249 69
259 69
267 75
275 82
282 90
292 94
300 86
308 79
315 71
323 64
332 59
342 59
351 54
361 50
371 49
381 45
391 40
401 35
411 34
421 34
431 34
441 34
450 39
460 42
469 47
479 51
488 56
498 60
507 65
512 74
521 79
525 89
530 98
535 107
540 116
545 125
550 134
550 144
550 154
550 164
550 174
550 184
550 194
550 204
545 215
540 230
538 248
533 258
528 268
520 275
513 288
505 295
500 305
490 310
483 323
475 330
468 338
460 345
450 350
443 363
433 368
425 375
415 380
406 385
397 390
389 397
379 402
369 407
359 412
351 420
342 425
333 430
324 435
315 440
307 449
298 455
288 455
280 448
273 440
265 433
259 425
251 419
244 411
236 405
227 400
220 392
212 385
203 380
195 373
189 365
179 362
172 354
162 350
155 342
147 335
138 330
130 323
123 315
115 308
108 300
100 293
94 285
84 282
79 273
73 265
65 258
59 250
51 243
46 234
42 224
37 215
34 205
29 196
29 186
24 177
24 167
24 157
24 147
24 137
