24 122
24 112
29 102
34 92
39 82
44 72
49 62
57 54
62 44
70 36
80 31
90 26
100 24
110 24
120 24
130 24
140 24
150 24
160 24
169 29
178 34
187 39
196 44
205 49
215 52
222 60
230 67
237 75
245 82
249 92
254 101
258 111
263 120
267 130
272 139
275 149
280 158
285 167
294 162
299 152
304 142
309 132
317 124
322 114
327 104
332 94
337 84
345 76
353 69
360 61
365 51
375 46
385 41
395 39
405 42
412 50
420 57
420 67
424 77
425 87
433 94
442 89
451 84
460 79
469 74
479 74
489 74
499 74
508 79
517 84
526 89
534 96
538 106
543 115
545 125
547 135
550 145
550 155
550 165
550 175
550 185
550 195
545 210
545 220
540 235
535 245
530 255
525 265
520 275
515 285
510 295
500 300
493 313
485 320
478 328
470 335
463 348
453 353
443 358
435 365
425 370
418 378
408 383
400 390
390 395
380 400
370 405
363 413
353 418
343 423
333 428
325 435
315 440
305 445
295 455
285 457
280 448
273 440
265 433
259 425
249 421
244 412
235 407
227 400
220 392
210 388
204 380
196 373
186 369
179 361
171 355
162 350
158 340
149 335
139 332
134 323
125 318
118 310
110 303
103 295
94 290
86 284
81 275
72 270
69 260
61 254
54 246
49 237
44 228
39 219
34 210
29 201
24 192
24 182
24 172
24 162
24 152
24 142
24 132
