24 127
24 117
29 107
34 97
34 87
39 77
47 69
54 57
59 47
69 42
77 34
86 29
96 29
105 24
115 24
125 24
135 24
145 24
155 24
165 27
174 32
184 36
193 41
203 45
212 50
220 57
227 65
237 69
240 79
245 88
250 97
255 106
260 115
265 124
270 133
275 142
279 152
284 161
290 169
299 157
304 142
309 132
317 124
322 114
327 104
332 94
337 84
345 76
353 69
360 61
365 51
375 46
385 41
395 36
405 34
415 34
425 34
435 34
445 34
454 39
463 44
473 44
482 49
489 57
497 64
506 69
515 74
523 80
527 90
535 97
535 107
540 116
545 125
550 134
550 144
550 154
550 164
550 174
550 184
550 194
550 204
545 215
540 230
540 240
535 250
530 260
525 270
520 280
513 288
505 295
498 308
490 315
483 323
475 330
465 335
455 340
445 345
435 345
425 350
415 350
405 350
395 350
385 350
375 350
365 355
355 355
345 355
335 360
325 365
315 370
305 375
295 380
285 377
277 370
268 365
260 358
254 350
244 347
235 342
225 340
215 338
206 333
196 330
186 328
176 325
166 325
157 320
148 315
138 315
129 310
119 307
112 299
104 292
95 287
87 280
80 272
72 265
63 260
55 253
51 243
46 234
42 224
37 215
34 205
29 196
24 187
24 177
24 167
24 157
24 147
24 137
