24 122
24 112
29 102
34 92
39 82
44 72
49 62
57 54
62 44
70 36
80 31
90 26
100 24
110 24
120 24
130 24
140 24
150 24
160 24
169 29
178 34
187 39
196 44
205 49
215 52
219 62
220 72
220 82
220 92
215 110
210 120
210 130
205 140
205 150
205 160
210 169
219 164
228 159
232 149
240 141
248 134
255 126
265 121
270 111
280 106
290 101
298 94
307 89
316 84
324 77
334 72
344 67
352 59
361 54
370 49
379 44
388 39
397 34
407 34
417 34
427 34
437 34
446 39
456 39
465 44
475 47
484 52
494 56
500 64
509 69
515 77
523 84
530 92
535 101
540 110
545 119
545 129
550 138
550 148
550 158
550 168
550 178
550 188
550 198
545 215
545 225
540 235
535 245
530 255
525 265
520 275
515 285
510 295
500 300
493 313
485 320
478 328
470 335
463 348
453 353
443 358
435 365
425 370
418 378
408 383
400 390
390 395
380 400
370 405
363 413
353 418
343 423
333 428
325 435
315 440
305 445
295 455
285 457
280 448
273 440
265 433
258 425
250 418
244 410
234 406
229 397
220 392
210 388
204 380
196 373
186 369
179 361
171 355
162 350
158 340
149 335
139 331
134 322
125 317
117 310
108 305
100 298
94 290
86 284
81 275
72 270
69 260
61 254
54 246
49 237
44 228
39 219
34 210
29 201
24 192
24 182
24 172
24 162
24 152
24 142
24 132
