24 122
24 112
29 102
34 92
39 82
44 72
49 62
57 54
62 44
70 36
80 31
90 26
100 24
110 24
120 24
130 24
140 24
150 24
160 24
169 29
178 34
187 39
196 44
205 49
215 52
222 60
230 67
239 72
249 76
253 86
263 90
267 100
277 104
284 112
290 120
295 129
305 132
309 142
314 151
320 159
325 168
334 162
334 152
339 142
339 132
344 117
344 107
349 97
349 87
354 77
359 67
364 57
374 52
382 44
391 39
401 35
411 34
421 34
431 34
441 34
450 39
460 39
469 44
478 49
487 54
496 59
504 66
510 74
520 77
524 87
532 94
535 104
540 113
545 122
545 132
550 141
550 151
550 161
550 171
550 181
550 191
550 201
545 210
545 220
540 235
535 245
530 255
525 265
520 275
515 285
510 295
500 300
493 313
485 320
478 328
470 335
463 348
453 353
443 358
435 365
428 373
418 378
408 383
400 390
390 395
380 400
370 405
363 413
353 418
343 423
335 430
325 435
315 440
305 445
295 455
285 457
280 448
273 440
265 433
258 425
250 418
244 410
234 406
229 397
220 392
210 388
204 380
196 373
186 369
179 361
171 355
162 350
158 340
149 335
139 331
134 322
125 317
117 310
108 305
100 298
94 290
86 284
81 275
72 270
69 260
61 254
54 246
49 237
44 228
39 219
34 210
29 201
24 192
24 182
24 172
24 162
24 152
24 142
24 132
