24 122
24 112
29 102
29 92
34 82
39 72
44 62
49 52
54 42
64 37
72 29
81 24
91 24
101 24
110 29
120 32
127 40
135 47
142 55
152 59
155 69
164 74
173 79
182 84
191 89
200 94
210 97
219 102
229 106
235 114
243 120
252 125
260 132
268 139
275 147
283 154
290 162
297 154
302 144
312 139
317 129
327 124
337 119
345 111
353 104
362 99
372 94
382 89
392 84
402 79
412 74
422 69
432 64
440 56
450 51
460 49
470 46
480 44
489 49
498 54
507 59
516 64
524 71
528 81
533 90
537 100
542 109
545 119
545 129
550 138
550 148
550 158
550 168
550 178
550 188
545 205
540 220
540 230
535 240
530 250
525 260
520 270
515 280
505 285
498 298
490 305
485 315
475 320
468 333
458 338
450 345
443 353
433 358
425 365
415 370
405 375
398 383
388 388
378 393
370 400
360 405
350 410
340 415
330 420
322 429
314 437
304 442
294 445
284 442
277 434
267 430
260 422
252 415
245 407
237 400
230 392
222 385
213 380
205 373
199 365
189 362
182 354
172 350
165 342
157 335
148 330
140 323
133 315
125 308
119 300
109 296
104 287
95 282
87 275
80 267
72 260
65 252
60 243
54 235
46 229
42 219
37 210
34 200
29 191
29 181
24 172
24 162
24 152
24 142
24 132
