24 202
24 192
29 182
34 172
39 162
44 152
49 142
54 132
59 122
69 117
74 107
79 97
84 87
94 82
99 72
104 62
112 54
120 46
128 39
137 34
146 29
155 24
165 24
174 29
183 34
192 39
201 44
209 51
215 59
223 65
232 70
237 79
240 89
248 95
255 103
260 112
265 121
270 130
270 140
275 149
280 158
285 167
293 174
300 166
305 156
310 146
315 136
323 129
329 117
334 107
339 97
347 89
354 77
359 67
369 62
377 54
385 46
395 41
405 36
415 34
425 34
435 37
444 42
449 51
458 56
463 65
470 73
475 82
480 91
485 100
490 109
495 118
505 122
509 132
514 141
518 151
523 160
527 170
532 179
535 189
540 198
540 208
545 217
550 226
550 236
550 246
550 256
550 266
550 276
545 285
540 300
535 310
528 318
520 325
513 338
505 345
498 353
490 360
483 368
475 375
465 380
461 390
452 395
443 400
434 405
425 410
417 419
407 424
397 429
387 434
378 440
369 445
360 450
353 458
343 463
333 468
323 473
315 480
307 489
297 490
287 490
280 482
272 475
265 467
257 460
250 452
242 445
235 437
227 430
218 425
210 418
203 410
194 405
186 399
177 394
169 387
162 379
152 375
143 370
135 363
128 355
120 348
114 340
104 336
99 327
90 322
82 315
75 307
67 300
60 292
52 285
45 277
37 270
34 260
29 251
24 242
24 232
24 222
24 212
