189 597
189 587
194 577
194 567
194 557
194 547
199 537
199 527
204 517
204 507
204 497
204 487
209 477
214 467
214 457
219 442
224 432
229 422
234 412
239 402
247 394
252 384
260 376
265 366
273 359
280 351
288 344
295 336
303 329
310 321
318 314
327 309
336 304
344 297
354 292
362 284
372 279
382 274
392 274
401 269
410 264
420 261
430 259
439 254
449 254
458 249
468 249
478 249
488 249
497 244
507 244
517 244
527 244
537 244
547 244
557 244
567 244
576 249
586 249
595 254
605 254
615 257
625 259
634 264
643 269
653 270
662 275
672 279
681 284
689 291
698 296
708 300
715 308
723 315
732 320
740 327
747 335
755 342
762 350
770 357
774 367
782 374
785 384
793 390
795 400
795 410
800 419
805 428
813 435
817 445
825 452
832 460
842 464
851 469
861 469
871 469
881 469
891 469
901 469
911 469
921 469
931 469
940 464
950 464
960 464
970 464
980 464
990 464
1000 464
1010 464
1020 464
1030 464
1040 464
1050 464
1060 464
1070 464
1080 464
1090 464
1100 464
1110 464
1120 464
1130 464
1140 464
1150 464
1160 464
1170 464
1180 464
1190 464
1200 464
1210 467
1220 469
1230 469
1240 469
1250 469
1260 469
1270 469
1280 469
1290 469
1300 469
1310 469
1320 469
1330 469
1340 469
1350 469
1360 469
1370 469
1380 469
1390 469
1400 469
1410 469
1420 469
1430 469
1440 469
1450 469
1460 469
1470 469
1480 469
1490 469
1500 469
1510 469
1520 469
1530 469
1540 469
1550 469
1560 469
1570 469
1580 469
1590 469
1600 469
1610 469
1620 469
1630 469
1640 469
1650 469
1660 469
1670 469
1680 472
1690 474
1700 474
1710 474
1720 474
1730 474
1740 474
1750 474
1760 474
1770 474
1780 474
1790 474
1800 474
1810 474
1819 479
1827 485
1835 492
1840 501
1846 509
1850 519
1858 525
1862 535
1870 542
1874 552
1880 560
1885 569
1890 578
1890 588
1895 597
1899 607
1900 617
1893 628
1885 635
1875 640
1865 645
1855 650
1845 655
1836 660
1827 665
1818 670
1809 675
1800 680
1790 685
1783 693
1775 700
1765 705
1756 710
1746 710
1737 715
1727 715
1717 715
1707 715
1697 715
1687 715
1677 715
1667 715
1657 715
1647 715
1637 715
1627 715
1617 715
1607 715
1597 715
1588 710
1578 710
1569 705
1559 701
1551 695
1542 690
1533 685
1524 680
1515 675
1505 675
1495 675
1485 675
1475 680
1465 680
1456 685
1446 685
1437 680
1427 680
1417 680
1408 675
1398 675
1388 675
1378 675
1368 675
1359 670
1349 670
1339 670
1329 670
1320 675
1310 675
1301 670
1291 668
1281 665
1271 665
1261 665
1252 670
1242 674
1232 675
1223 680
1214 685
1205 690
1195 690
1186 695
1176 695
1166 695
1156 695
1146 695
1137 700
1127 700
1118 705
1108 708
1098 713
1088 715
1079 720
1070 725
1060 725
1050 725
1040 725
1030 730
1020 735
1013 743
1008 753
1000 760
993 768
985 775
978 783
968 785
958 785
948 785
938 785
928 785
918 785
908 785
898 785
888 785
878 785
868 785
858 785
848 785
838 785
828 785
818 785
808 785
798 785
788 785
779 790
770 795
762 804
754 810
745 815
735 820
725 825
717 834
707 839
697 844
688 850
679 855
670 860
660 865
650 870
643 878
633 883
623 888
613 893
603 895
593 898
583 900
573 900
563 903
553 905
543 905
533 908
523 910
514 905
504 905
495 900
485 900
475 900
465 897
455 895
445 892
435 890
426 885
416 884
407 879
397 875
388 870
379 865
369 862
360 857
350 855
341 850
332 845
325 837
317 830
310 822
302 815
295 807
285 803
278 795
269 790
264 781
259 772
254 763
248 755
240 748
234 740
229 731
224 722
219 713
214 704
211 694
209 684
204 675
202 665
199 655
194 646
194 636
194 626
189 617
189 607
