294 757
294 747
299 737
299 727
299 717
299 707
299 697
304 682
304 672
304 662
309 647
314 637
319 627
324 617
329 607
334 597
342 589
350 581
358 574
365 566
373 559
380 551
388 544
395 536
403 529
410 521
418 514
425 506
435 501
443 494
450 486
460 481
468 474
477 469
485 461
495 456
503 449
512 444
521 439
529 432
539 427
547 419
557 414
567 409
577 404
587 399
597 394
607 389
617 389
627 389
637 389
647 389
657 389
667 389
677 389
687 389
697 389
707 389
717 389
727 384
737 384
747 384
757 384
767 384
776 389
786 389
795 394
805 394
814 399
824 401
834 404
843 409
853 410
863 414
873 415
883 419
892 424
901 429
909 436
915 444
920 453
928 460
935 468
943 475
947 485
952 494
955 504
960 513
960 523
965 532
969 542
974 551
978 561
985 569
993 575
1002 580
1012 584
1022 584
1032 584
1042 584
1052 584
1062 584
1072 584
1082 584
1092 584
1102 584
1112 584
1122 584
1131 589
1141 589
1150 594
1160 597
1169 602
1179 606
1188 611
1198 615
1205 623
1215 627
1224 632
1234 636
1240 644
1250 647
1259 652
1269 654
1279 654
1289 652
1299 647
1309 642
1317 634
1327 629
1336 624
1346 620
1356 619
1366 619
1376 619
1386 619
1396 619
1405 624
1415 624
1425 624
1435 624
1444 629
1452 635
1457 644
1464 652
1472 659
1481 664
1489 671
1498 676
1508 680
1517 685
1527 689
1537 689
1547 689
1556 684
1564 677
1574 674
1583 669
1592 664
1602 664
1611 659
1620 654
1630 654
1640 654
1650 654
1660 654
1670 657
1680 659
1689 664
1697 670
1705 677
1712 685
1722 689
1729 697
1737 704
1744 712
1754 716
1760 724
1765 733
1765 745
1760 755
1755 765
1750 775
1742 784
1734 790
1725 795
1718 803
1708 808
1700 815
1690 820
1682 829
1674 835
1665 840
1656 845
1646 845
1636 845
1626 845
1616 845
1607 840
1597 840
1587 839
1577 835
1567 834
1557 830
1548 825
1539 820
1530 815
1520 815
1510 815
1500 815
1490 815
1480 815
1470 815
1460 820
1453 828
1443 833
1435 840
1427 849
1419 857
1409 862
1401 870
1391 870
1381 870
1371 870
1361 870
1351 868
1341 864
1334 856
1326 850
1317 845
1308 840
1299 835
1289 835
1280 830
1270 827
1260 825
1250 825
1240 825
1230 825
1220 825
1210 830
1200 835
1192 844
1184 850
1175 855
1168 863
1163 873
1158 883
1150 890
1140 895
1130 895
1120 895
1110 895
1100 895
1090 895
1080 895
1070 895
1060 895
1050 895
1040 895
1030 900
1020 900
1010 905
1000 905
990 910
983 918
978 928
970 935
963 948
958 958
950 965
945 975
940 985
933 998
928 1008
923 1018
918 1028
913 1038
908 1048
900 1055
893 1063
885 1070
875 1070
865 1075
855 1075
846 1080
836 1080
826 1080
816 1080
806 1080
796 1080
786 1080
776 1080
766 1080
756 1080
746 1080
736 1080
726 1080
716 1080
706 1080
696 1080
686 1080
676 1080
666 1080
656 1080
646 1080
636 1080
626 1080
616 1080
606 1080
596 1080
586 1080
576 1080
566 1080
556 1080
546 1080
536 1080
526 1080
517 1075
508 1070
498 1070
489 1065
480 1060
471 1055
462 1050
453 1045
444 1040
436 1034
429 1026
421 1020
412 1015
405 1007
397 1000
390 992
380 988
373 980
365 973
359 965
351 959
347 949
342 940
339 930
334 921
329 912
325 902
320 893
316 883
311 874
309 864
309 854
304 845
304 835
304 825
304 815
299 806
299 796
299 786
294 777
294 767
