184 757
184 747
189 737
189 727
189 717
189 707
189 697
189 687
189 677
194 662
194 652
194 642
194 632
194 622
199 612
207 604
212 594
219 577
227 569
235 561
243 554
252 549
261 544
269 537
277 529
282 519
287 509
295 501
303 494
309 482
317 474
325 466
333 459
340 451
349 442
357 434
366 429
374 422
384 417
392 409
400 401
408 394
415 386
425 381
433 374
442 369
450 361
460 356
468 349
477 344
486 339
494 332
504 327
514 322
524 319
534 317
544 312
554 307
562 299
572 294
580 286
590 281
600 279
609 274
619 274
629 274
639 274
649 276
659 279
669 279
679 281
685 289
693 295
702 300
710 307
717 315
725 322
729 332
737 339
746 344
754 351
763 356
770 364
779 369
787 375
797 379
804 387
812 394
821 399
829 406
835 414
840 423
848 430
855 438
863 445
870 453
875 462
882 470
887 479
894 487
902 494
909 502
914 511
920 519
928 525
935 533
943 540
950 548
960 552
967 560
975 567
984 572
992 579
1002 579
1012 579
1022 579
1031 584
1041 584
1051 584
1061 584
1071 584
1081 584
1091 584
1100 589
1109 594
1118 599
1128 599
1137 604
1144 612
1154 616
1160 624
1170 627
1180 629
1190 629
1200 629
1210 629
1220 629
1230 629
1240 629
1250 629
1260 629
1270 629
1280 629
1290 629
1300 629
1310 629
1320 629
1330 629
1340 626
1350 624
1360 624
1370 624
1379 619
1389 619
1398 614
1408 614
1418 614
1427 609
1437 609
1447 609
1457 609
1467 609
1477 609
1487 609
1497 609
1507 609
1517 604
1527 604
1537 599
1547 599
1557 594
1567 594
1577 594
1587 594
1596 589
1606 589
1616 589
1626 589
1636 589
1646 589
1656 589
1666 589
1676 589
1686 585
1696 584
1706 580
1716 579
1725 574
1735 574
1745 574
1755 571
1765 569
1775 569
1785 569
1795 569
1805 569
1815 569
1824 564
1834 564
1844 562
1854 559
1864 557
1874 554
1884 554
1894 554
1904 554
1914 554
1924 554
1934 554
1943 549
1953 549
1963 549
1972 544
1982 544
1991 539
2001 539
2011 539
2021 539
2031 539
2041 539
2051 539
2060 544
2070 544
2079 549
2089 551
2099 554
2108 559
2118 560
2127 565
2135 572
2142 580
2147 589
2150 599
2155 608
2155 618
2150 630
2145 640
2138 653
2130 660
2122 669
2112 674
2104 682
2094 687
2084 692
2076 700
2066 700
2057 705
2047 709
2037 710
2028 715
2018 715
2008 715
1998 715
1988 715
1978 718
1968 720
1958 720
1948 720
1938 720
1928 720
1918 720
1908 720
1898 720
1888 723
1878 725
1868 725
1858 725
1848 728
1838 733
1828 738
1820 745
1815 755
1808 763
1800 770
1790 775
1781 780
1771 780
1761 780
1752 785
1742 785
1732 785
1722 785
1712 785
1702 785
1693 780
1684 775
1675 770
1667 764
1657 760
1648 755
1638 758
1628 763
1620 770
1612 779
1604 787
1594 790
1585 795
1575 795
1565 795
1555 795
1545 795
1535 795
1525 795
1515 795
1505 800
1495 800
1485 800
1475 800
1465 800
1455 800
1445 800
1436 795
1427 790
1424 780
1416 774
1409 766
1401 760
1392 755
1382 755
1372 755
1362 755
1352 755
1342 755
1332 755
1323 760
1313 760
1303 760
1294 765
1284 765
1274 765
1265 770
1255 770
1245 770
1236 775
1226 775
1216 775
1207 780
1197 780
1188 785
1179 790
1170 795
1163 803
1155 810
1150 820
1150 830
1145 845
1140 855
1133 863
1123 868
1113 870
1103 870
1094 875
1084 875
1074 875
1065 880
1055 880
1046 885
1036 885
1026 885
1017 890
1007 894
997 895
988 900
979 905
970 910
960 915
953 923
945 930
938 943
933 953
925 960
918 973
913 983
905 990
900 1000
893 1008
888 1018
880 1025
875 1035
868 1043
863 1053
855 1060
848 1068
840 1075
833 1083
825 1090
815 1095
808 1103
800 1110
790 1115
782 1124
772 1129
764 1137
754 1142
744 1147
734 1152
724 1157
714 1160
705 1165
695 1165
685 1170
675 1170
665 1170
655 1170
645 1170
635 1170
625 1170
615 1170
605 1170
595 1170
586 1165
576 1165
567 1160
557 1159
547 1155
538 1150
529 1145
520 1140
510 1137
500 1133
494 1125
484 1125
475 1120
466 1115
456 1115
447 1110
438 1105
429 1100
419 1097
410 1092
402 1085
398 1075
390 1068
383 1060
375 1053
369 1045
360 1040
352 1034
344 1027
340 1017
332 1010
325 1002
315 998
308 990
300 983
294 975
285 970
277 964
269 957
262 949
254 942
250 932
242 925
235 917
229 909
224 900
219 891
214 882
209 873
204 864
199 855
197 845
194 835
194 825
189 816
189 806
189 796
184 787
184 777
184 767
