274 522
274 532
274 542
274 552
274 562
274 572
274 582
274 592
274 602
274 612
274 622
274 632
274 642
274 652
274 662
274 672
269 687
274 696
274 706
281 714
289 720
295 728
300 737
307 745
315 752
324 757
334 760
340 768
350 772
359 777
369 780
378 785
387 790
397 790
406 795
416 795
425 800
434 805
444 805
453 810
462 815
472 819
482 820
492 824
501 829
511 830
521 830
530 835
539 840
549 840
559 840
568 845
578 845
587 850
596 845
605 850
615 850
624 855
634 855
644 857
654 855
663 850
672 855
682 859
689 867
699 870
709 870
719 870
729 870
738 875
748 875
757 870
767 870
776 875
786 875
796 875
806 875
816 875
825 880
834 885
843 890
853 890
863 890
872 895
882 895
892 895
902 895
912 895
922 895
932 895
942 895
952 895
962 895
972 895
982 895
991 900
1000 895
1010 895
1019 890
1027 884
1035 875
1040 865
1048 858
1055 850
1060 840
1065 830
1070 820
1075 810
1080 795
1085 785
1093 778
1098 768
1108 763
1115 755
1123 748
1133 743
1143 740
1153 738
1163 735
1173 735
1182 729
1190 720
1195 710
1200 700
1205 690
1213 683
1223 678
1233 673
1240 665
1248 658
1255 650
1265 645
1275 640
1285 640
1294 635
1304 635
1314 635
1323 640
1332 645
1341 650
1349 656
1359 660
1369 660
1379 657
1389 655
1399 655
1409 655
1419 655
1428 660
1438 660
1448 658
1458 653
1465 645
1474 640
1483 635
1492 630
1502 630
1512 630
1522 634
1531 639
1541 643
1550 648
1560 652
1570 655
1580 655
1590 650
1600 650
1610 650
1620 652
1630 655
1640 657
1650 660
1660 660
1670 660
1679 655
1688 650
1698 650
1707 645
1716 640
1725 635
1735 630
1744 625
1752 619
1760 605
1768 598
1773 588
1778 578
1785 570
1793 563
1800 549
1800 539
1795 530
1789 522
1782 514
1773 509
1764 504
1755 499
1746 494
1736 494
1726 494
1716 494
1707 489
1697 489
1687 489
1677 489
1667 489
1657 489
1647 489
1637 489
1627 489
1617 489
1607 489
1597 489
1587 489
1577 489
1567 489
1557 489
1547 489
1537 489
1527 489
1517 489
1507 489
1497 489
1487 489
1477 489
1467 489
1457 489
1447 489
1437 489
1427 489
1417 489
1407 489
1397 489
1387 489
1377 489
1367 489
1357 489
1347 489
1337 489
1327 489
1317 489
1307 489
1297 489
1287 489
1277 489
1267 489
1257 489
1247 489
1237 489
1227 489
1217 489
1207 489
1197 489
1187 489
1177 489
1167 489
1158 484
1150 478
1143 470
1135 463
1128 455
1118 451
1109 446
1099 442
1095 432
1090 423
1085 414
1085 404
1080 395
1075 386
1070 377
1065 368
1060 359
1056 349
1050 341
1045 332
1040 323
1035 314
1029 306
1021 299
1012 294
1004 287
995 282
985 279
975 279
965 279
956 274
946 274
936 274
926 274
916 274
906 274
896 274
886 274
876 274
866 274
856 274
847 279
837 279
827 279
817 279
807 279
797 279
787 279
777 279
768 284
758 284
748 284
738 284
729 289
719 292
709 294
699 294
689 294
680 299
670 299
660 299
650 299
641 304
631 305
621 309
611 309
602 314
592 314
582 319
572 319
562 319
552 324
542 329
532 329
522 334
513 339
503 339
494 344
486 350
481 360
471 365
461 369
451 370
441 375
431 379
421 379
412 384
402 384
392 389
382 394
372 399
363 404
355 411
347 419
337 419
328 424
320 431
313 439
305 446
297 454
289 462
284 472
279 487
279 497
279 507
