234 412
234 402
239 392
244 377
249 367
254 357
259 347
267 339
275 331
285 326
295 321
305 319
314 314
324 314
334 312
344 309
354 309
364 307
374 304
384 304
394 304
404 302
414 299
424 299
434 299
444 301
454 304
464 304
473 299
483 299
493 299
503 299
512 294
522 294
531 299
541 295
551 294
561 294
570 289
580 289
590 289
600 289
610 289
620 289
630 289
640 286
650 284
660 284
670 284
680 284
690 284
699 279
709 279
719 279
729 279
739 279
749 279
759 279
769 279
779 279
788 274
798 274
808 274
818 274
828 274
838 274
848 274
857 269
867 269
877 269
887 269
897 269
907 269
917 269
927 269
937 264
947 264
957 264
967 264
977 264
987 264
997 264
1007 264
1017 264
1027 264
1037 264
1047 264
1057 264
1067 259
1077 259
1087 259
1097 259
1107 259
1117 259
1127 254
1137 254
1147 254
1157 254
1167 254
1177 254
1187 254
1197 254
1207 249
1217 249
1227 249
1237 249
1247 249
1257 249
1267 244
1277 244
1287 244
1297 244
1307 244
1317 244
1327 239
1337 239
1347 239
1357 239
1367 239
1377 239
1386 234
1396 234
1406 234
1416 234
1426 234
1436 234
1446 234
1455 229
1465 229
1475 229
1485 229
1495 229
1505 229
1515 229
1524 224
1534 224
1544 224
1554 224
1564 224
1574 224
1584 222
1594 219
1604 219
1614 219
1624 219
1634 219
1644 219
1654 219
1664 217
1674 214
1684 214
1694 214
1704 214
1714 214
1723 209
1733 209
1743 209
1753 209
1763 209
1773 209
1783 209
1793 209
1803 209
1812 204
1822 204
1832 204
1842 204
1852 204
1862 204
1872 199
1882 199
1892 199
1902 199
1912 199
1922 199
1932 199
1941 194
1951 194
1961 194
1970 199
1980 202
1989 207
1997 214
2004 222
2010 230
2015 239
2015 249
2020 258
2025 267
2029 277
2030 287
2035 296
2038 306
2043 315
2045 325
2045 335
2040 345
2032 354
2024 360
2015 365
2008 373
2000 380
1990 385
1983 398
1975 405
1966 410
1957 415
1947 415
1937 415
1927 415
1918 410
1908 410
1899 415
1889 417
1879 420
1870 425
1860 430
1850 435
1840 440
1831 445
1822 450
1812 450
1802 450
1792 450
1782 454
1772 455
1762 454
1752 450
1742 450
1732 450
1722 450
1712 449
1702 445
1693 440
1684 435
1674 435
1665 430
1655 430
1645 435
1635 435
1625 440
1615 440
1605 445
1595 445
1585 445
1575 450
1566 445
1556 444
1547 439
1537 435
1528 430
1518 430
1508 430
1498 430
1488 433
1478 438
1470 445
1463 453
1453 458
1445 465
1437 474
1429 482
1419 487
1409 490
1400 495
1400 505
1398 518
1393 528
1385 535
1380 545
1378 558
1373 568
1365 575
1358 583
1348 585
1338 585
1329 590
1319 590
1309 590
1299 590
1290 585
1280 585
1270 585
1261 580
1252 575
1242 575
1233 570
1223 570
1213 570
1203 570
1193 570
1183 570
1173 570
1163 570
1153 573
1145 580
1140 590
1140 600
1135 615
1135 625
1130 635
1130 645
1125 655
1125 665
1120 675
1120 685
1115 700
1115 710
1110 720
1105 735
1100 745
1095 755
1090 765
1085 780
1080 790
1075 800
1070 810
1065 820
1060 830
1055 845
1050 860
1045 870
1040 885
1035 895
1027 904
1019 910
1010 915
1000 920
990 925
980 925
971 930
961 930
951 930
941 930
931 930
921 930
911 930
901 930
891 930
881 930
871 930
861 930
851 930
841 930
831 930
821 930
811 930
801 930
791 930
781 930
771 930
761 930
751 930
741 930
731 930
721 930
711 930
701 930
692 925
682 925
672 925
662 925
652 925
642 925
632 925
622 925
612 925
602 925
592 924
582 920
572 920
562 920
552 920
542 920
532 920
522 920
512 920
502 920
492 920
482 919
472 915
462 915
452 915
442 915
432 915
422 915
412 915
402 915
393 910
383 910
373 910
363 910
353 910
343 910
333 910
324 905
314 905
305 900
297 894
289 887
282 879
277 870
274 860
269 851
269 841
269 831
269 821
264 812
264 802
269 786
269 776
269 766
264 757
264 747
264 737
264 727
264 717
264 707
259 698
259 688
259 678
259 668
259 658
255 648
254 638
254 628
254 618
254 608
249 599
249 589
249 579
249 569
244 560
244 550
244 540
244 530
244 520
239 511
239 501
239 491
239 481
234 472
234 462
234 452
234 442
234 432
234 422
