24 57
24 47
29 37
37 29
47 29
56 34
66 34
75 29
85 26
95 24
105 24
115 24
125 27
135 26
145 24
154 29
163 24
173 24
183 25
190 33
195 45
197 55
200 65
205 74
205 84
210 93
218 99
228 99
238 99
248 100
257 105
267 109
276 114
286 114
296 110
306 114
316 114
325 109
334 114
344 112
354 114
364 111
374 112
384 111
394 114
403 109
412 114
422 114
431 109
441 110
451 114
461 110
471 110
481 110
491 114
501 110
511 114
521 114
531 114
540 119
548 125
552 135
560 142
560 152
554 160
548 168
540 175
534 187
524 190
514 190
504 190
494 190
485 195
476 190
466 190
456 193
446 190
436 190
427 195
418 190
408 190
399 195
390 190
380 187
370 185
360 190
350 195
341 190
331 190
321 193
311 190
301 190
291 193
281 190
272 195
264 202
256 210
246 210
236 213
230 205
223 218
218 228
210 235
209 247
204 257
199 267
191 275
182 280
172 280
162 280
152 280
142 280
133 275
124 280
115 275
105 280
95 280
85 280
75 280
65 278
58 270
49 275
40 270
32 264
24 257
24 247
24 237
24 227
24 217
24 207
24 197
24 187
24 177
24 167
24 157
24 147
24 137
24 127
24 117
24 107
24 97
24 87
24 77
24 67
