69 192
69 182
74 172
74 162
79 147
84 137
92 129
97 119
105 111
115 106
123 99
132 94
142 94
151 89
161 89
170 84
180 84
190 87
200 89
210 92
219 97
229 101
238 106
245 114
253 120
260 128
260 138
268 145
275 153
285 154
295 154
305 154
315 154
325 154
335 154
345 154
355 154
365 154
375 154
385 154
395 154
405 154
415 154
425 154
435 154
445 154
455 154
465 154
475 154
485 154
495 154
505 154
515 154
525 154
535 154
544 159
554 159
564 159
574 159
584 159
590 167
597 175
605 182
609 192
610 202
600 210
590 215
580 220
572 229
562 230
553 235
543 235
533 235
523 235
514 230
504 230
496 223
486 220
476 220
467 225
458 220
448 220
438 220
428 220
418 220
408 220
398 220
389 225
379 225
370 230
360 230
350 235
340 235
330 240
323 248
315 255
305 255
295 255
285 255
275 255
265 255
255 255
248 263
240 270
230 270
222 279
212 284
204 290
194 290
185 295
175 295
166 290
156 290
146 289
137 284
127 280
118 275
110 268
104 260
94 257
90 247
84 239
79 230
74 221
69 212
69 202
