24 97
24 87
34 82
34 72
44 72
52 64
62 59
72 54
82 54
90 46
100 44
109 39
119 39
128 34
138 34
148 34
155 26
165 27
175 24
185 24
195 24
205 24
213 30
220 38
225 47
225 57
225 70
227 80
237 84
247 84
257 84
266 89
275 94
280 103
290 104
299 99
309 99
319 99
329 101
339 102
349 99
359 99
369 99
378 104
387 99
397 99
407 99
417 99
427 99
437 99
447 99
457 99
467 99
477 99
487 99
497 99
507 99
517 99
527 99
535 105
545 107
550 120
558 126
555 140
550 150
540 155
530 165
522 174
512 175
507 184
497 184
489 177
479 180
469 180
459 177
452 185
445 177
435 175
427 184
417 180
407 180
397 180
387 180
379 187
369 190
360 185
350 185
341 190
331 190
321 190
311 190
301 190
292 195
283 200
274 195
264 195
254 195
244 197
235 202
225 200
220 210
220 220
220 230
220 240
210 250
212 260
200 255
190 260
181 265
172 260
163 265
153 265
144 260
134 257
124 255
114 255
104 252
95 247
85 245
75 242
67 235
57 235
48 230
39 225
29 221
24 212
24 202
24 192
24 182
24 172
24 162
24 152
24 142
24 132
24 122
24 112
