48 197
45 187
55 183
65 180
75 178
85 176
95 174
105 172
115 169
125 167
135 166
145 164
155 162
165 160
175 158
185 157
195 155
205 154
215 152
225 151
235 149
245 148
255 147
265 146
275 144
285 143
295 142
305 141
315 140
325 140
335 139
345 138
355 137
365 137
375 136
385 135
395 135
405 134
415 134
425 133
435 132
444 127
454 123
464 122
474 122
484 121
494 121
504 121
514 120
524 120
534 119
544 119
554 119
564 119
574 119
584 119
594 119
604 119
614 119
624 119
634 119
644 119
654 119
664 119
674 120
684 121
694 122
704 122
714 123
724 124
734 124
744 125
754 126
764 127
774 127
784 128
794 129
804 130
814 130
824 131
834 133
844 134
854 134
864 135
874 137
884 139
894 140
904 141
914 143
924 145
934 146
944 148
954 151
963 156
958 172
948 174
938 177
928 180
918 182
908 185
898 187
888 189
878 192
868 194
858 196
848 198
838 200
828 202
818 203
808 204
798 206
788 207
778 207
768 208
758 207
748 207
738 207
728 206
718 205
708 204
698 203
688 202
678 200
668 199
658 198
648 197
638 196
628 196
618 197
608 197
598 198
588 199
578 200
568 201
558 203
548 205
538 206
528 207
518 207
508 205
498 202
488 198
479 193
471 187
463 180
451 172
453 182
458 191
465 199
473 206
481 213
475 225
466 230
457 236
449 242
441 249
433 256
425 264
417 270
407 272
397 272
387 272
377 271
367 271
357 270
347 269
337 268
327 267
317 267
307 266
297 265
287 264
277 262
267 261
257 259
247 258
237 256
227 254
217 253
207 251
197 248
187 246
177 243
167 240
157 237
147 234
137 231
127 227
117 224
107 221
97 217
87 214
77 210
67 206
58 201
