119 775
119 765
120 755
123 744
126 733
131 719
136 709
140 698
147 688
153 679
159 671
165 663
173 655
181 647
190 641
200 640
210 643
212 653
220 659
226 667
230 677
240 681
249 686
259 688
269 689
279 690
289 689
299 685
309 684
319 683
329 680
339 680
349 680
359 679
369 676
379 673
389 672
399 669
409 670
419 668
429 669
439 668
449 666
459 668
469 667
479 665
489 665
499 669
509 670
519 670
529 671
539 670
549 673
559 671
569 672
579 672
589 673
599 674
609 677
619 679
629 680
639 680
649 678
659 680
669 682
679 683
689 684
699 683
709 680
715 672
724 666
734 664
739 651
746 642
751 633
756 618
760 602
766 592
776 591
785 596
791 604
797 612
803 620
809 628
817 634
817 619
817 609
816 599
816 585
817 571
817 561
827 558
837 557
847 557
857 556
867 555
877 555
887 554
897 554
907 554
917 556
927 556
937 557
947 557
957 556
967 557
977 555
987 556
997 556
1007 555
1017 555
1027 555
1037 554
1047 555
1057 554
1067 554
1077 555
1087 554
1097 553
1107 554
1117 554
1127 553
1137 555
1147 553
1157 553
1167 554
1177 554
1187 553
1197 555
1207 553
1217 554
1227 556
1237 554
1247 554
1257 556
1267 555
1277 555
1287 556
1297 556
1307 556
1317 558
1327 557
1337 558
1347 560
1357 558
1367 560
1377 562
1387 562
1397 563
1407 564
1417 563
1427 564
1437 566
1447 565
1457 566
1467 567
1477 566
1487 570
1497 569
1507 570
1517 572
1527 573
1537 573
1547 576
1557 576
1567 577
1577 579
1587 579
1597 580
1607 583
1617 583
1627 585
1637 587
1647 587
1657 591
1667 592
1677 593
1686 598
1696 599
1706 601
1716 604
1726 605
1736 607
1746 611
1756 611
1766 615
1776 619
1786 620
1796 624
1806 627
1816 629
1825 634
1835 638
1845 641
1854 646
1864 649
1874 652
1883 657
1892 662
1902 665
1911 670
1917 682
1907 686
1897 690
1887 693
1877 697
1867 700
1857 702
1847 705
1837 708
1827 711
1817 714
1807 716
1797 719
1787 721
1777 722
1767 724
1757 726
1747 728
1737 730
1727 732
1717 733
1707 734
1697 736
1687 737
1677 739
1667 740
1657 741
1647 742
1637 743
1627 743
1617 745
1607 746
1597 747
1587 747
1577 748
1567 748
1557 750
1547 750
1537 751
1527 751
1517 751
1507 752
1497 752
1487 753
1477 753
1467 753
1457 754
1447 754
1437 755
1427 755
1417 755
1407 756
1397 756
1387 757
1377 757
1367 757
1357 758
1347 758
1337 758
1327 759
1317 759
1307 759
1297 760
1287 760
1277 760
1267 761
1257 761
1247 761
1237 762
1227 762
1217 763
1207 763
1197 763
1187 764
1177 764
1167 765
1157 765
1147 765
1137 766
1127 766
1117 767
1107 767
1097 768
1087 768
1077 768
1067 769
1057 769
1047 770
1037 770
1027 770
1017 771
1007 771
997 772
987 772
977 772
967 773
958 778
948 775
938 775
928 775
918 775
908 775
898 777
888 776
878 776
868 777
858 775
850 781
843 789
833 787
823 787
813 787
803 786
793 786
783 786
773 785
763 786
753 785
743 785
733 785
723 784
713 785
703 787
693 788
683 790
673 789
663 790
653 792
643 794
633 795
623 796
613 797
603 799
593 801
583 804
573 805
563 807
553 808
543 810
533 811
523 811
513 812
503 812
493 813
483 817
473 816
463 816
453 817
443 818
433 819
423 819
413 819
403 820
393 819
383 821
373 821
363 821
353 825
343 822
333 825
324 820
314 821
304 822
294 820
284 821
274 817
264 816
254 815
244 816
234 815
224 814
214 813
204 815
197 807
189 800
179 804
169 802
159 798
149 797
139 793
129 793
123 785
