19 212
19 202
24 192
32 184
37 174
45 166
53 159
57 149
65 141
73 134
80 126
88 119
97 114
102 104
111 99
116 90
124 82
132 74
137 64
145 56
153 49
160 41
168 34
175 26
183 19
192 14
202 14
211 19
220 24
228 30
235 38
243 44
252 49
259 57
265 65
273 71
283 75
287 85
295 92
302 100
310 107
310 117
315 126
318 136
323 145
330 153
340 154
350 157
359 162
369 166
375 174
385 174
395 177
405 179
415 179
424 184
434 184
444 184
454 184
464 184
474 184
484 184
494 184
504 184
514 184
524 184
534 184
544 184
553 189
563 189
573 189
583 189
593 189
602 194
612 194
621 199
630 204
621 210
611 210
601 208
591 205
581 205
571 205
561 205
551 205
541 205
531 205
522 210
512 210
502 210
492 210
482 210
472 210
462 210
452 210
442 210
432 210
422 210
412 210
402 210
392 210
383 215
374 220
365 225
358 233
348 238
338 240
329 245
320 250
315 265
310 280
305 290
300 300
293 313
285 320
275 330
268 340
259 345
253 353
243 358
235 365
228 373
220 380
210 380
201 385
191 385
181 384
172 379
164 372
157 364
152 355
145 347
137 340
134 330
126 324
119 316
114 307
107 299
99 292
92 284
84 277
77 269
69 262
62 254
54 247
49 238
43 230
35 223
29 215
