19 192
14 207
19 216
26 224
34 230
37 240
42 249
49 257
57 264
64 272
72 279
80 285
89 290
95 298
103 305
110 313
115 322
122 330
130 337
134 347
142 354
149 362
157 369
165 375
175 377
185 380
195 380
205 380
214 375
224 372
234 370
242 364
250 355
260 350
269 345
277 339
285 325
294 320
300 310
305 295
310 285
315 270
320 255
328 248
338 245
348 245
357 239
360 225
368 218
378 213
388 210
397 205
406 210
416 210
426 210
436 210
446 210
456 210
466 210
476 210
486 210
495 205
505 205
515 205
525 205
535 205
545 205
555 205
565 205
575 205
585 205
595 205
605 205
615 200
623 194
611 189
601 189
591 189
581 189
571 189
562 184
552 184
542 184
532 184
522 184
512 184
502 184
492 184
482 184
472 184
462 184
453 179
443 179
433 179
423 179
414 174
404 174
394 174
384 174
374 174
364 174
355 169
355 159
355 149
352 139
343 134
333 130
323 129
315 123
310 114
310 104
310 94
303 86
299 76
291 69
282 64
274 57
265 52
257 45
248 40
240 34
230 34
224 26
214 24
205 19
195 17
185 14
175 14
165 16
155 21
145 26
138 34
130 41
122 49
114 57
109 67
102 84
97 94
89 102
79 112
72 124
63 129
55 136
47 144
42 154
34 162
32 174
24 182
