19 212
19 202
24 187
32 179
39 167
44 157
52 149
57 139
65 131
73 124
80 116
88 109
95 101
104 92
114 87
122 79
130 71
138 64
145 56
153 49
160 41
170 36
178 29
187 24
196 19
205 14
215 14
223 20
232 25
237 34
245 40
253 46
258 55
265 63
270 72
277 80
282 89
285 99
293 105
295 115
300 124
305 133
310 142
317 150
325 157
333 164
342 169
351 174
359 181
369 184
378 189
388 189
398 189
408 189
418 189
428 189
438 189
448 189
458 189
468 189
478 189
488 189
498 189
508 189
518 189
527 184
537 184
547 184
557 184
566 189
576 189
586 189
596 189
606 189
616 189
625 194
619 205
609 205
599 205
589 205
579 205
569 205
559 205
549 205
539 205
529 205
519 205
509 205
499 205
489 207
479 210
469 210
460 215
450 215
440 215
430 215
420 215
410 215
400 215
390 215
380 220
370 220
360 225
350 230
343 238
335 245
328 253
320 260
315 270
310 285
310 295
308 308
303 318
295 325
288 338
280 345
274 355
265 360
259 370
250 375
242 384
234 390
225 395
216 400
207 405
197 405
187 405
178 400
170 393
163 385
155 378
149 370
141 364
137 354
129 347
122 339
114 332
107 324
99 317
92 309
84 302
77 294
69 287
62 279
54 272
49 263
42 255
39 245
31 239
24 231
24 221
