125 506
125 496
130 481
130 471
135 461
135 451
140 441
145 431
153 424
158 414
163 404
168 394
175 386
183 380
190 371
198 364
205 356
215 351
225 350
235 346
245 346
253 340
263 340
273 339
283 335
292 330
302 330
312 330
322 330
331 335
341 335
351 335
361 335
370 340
380 336
390 336
400 336
410 340
420 336
430 335
440 331
450 330
460 326
470 321
480 320
490 318
496 310
505 315
515 316
525 315
534 320
543 325
553 325
562 330
571 335
580 340
588 346
598 350
607 355
614 363
624 366
633 371
643 370
652 375
662 375
669 383
679 386
688 391
698 390
707 395
717 395
727 395
737 395
744 403
754 401
763 406
773 410
783 410
789 418
799 421
808 426
818 430
824 438
834 436
843 441
853 440
862 445
872 445
881 450
889 456
899 460
909 461
918 466
928 470
934 478
944 481
953 486
960 494
970 498
979 503
989 505
999 506
1005 514
1015 513
1024 518
1034 521
1043 526
1050 534
1060 538
1069 543
1079 541
1089 541
1099 545
1109 546
1115 554
1125 558
1131 550
1139 543
1145 535
1155 531
1160 521
1168 515
1175 506
1185 501
1195 491
1205 481
1215 476
1220 466
1230 461
1235 451
1245 453
1251 445
1256 435
1265 430
1275 421
1285 420
1293 414
1298 405
1307 410
1311 400
1316 390
1325 395
1334 390
1330 405
1335 414
1343 420
1352 425
1361 420
1371 424
1381 420
1391 424
1401 425
1411 424
1421 420
1430 411
1440 415
1449 410
1445 425
1450 434
1450 444
1458 450
1467 455
1476 460
1485 465
1495 461
1505 465
1515 466
1520 456
1530 458
1539 463
1529 470
1520 475
1521 485
1520 495
1520 505
1520 515
1525 524
1535 528
1543 535
1552 540
1561 545
1570 540
1580 543
1590 541
1600 540
1610 538
1618 548
1613 558
1608 568
1603 578
1595 585
1603 591
1605 601
1605 611
1600 620
1605 629
1615 633
1624 638
1632 645
1640 651
1643 661
1653 665
1662 670
1665 685
1656 680
1647 685
1638 690
1628 693
1623 703
1615 710
1610 720
1610 730
1610 740
1615 749
1625 753
1625 763
1633 770
1625 780
1617 789
1609 797
1599 802
1594 812
1584 810
1578 818
1573 828
1568 838
1560 845
1555 855
1556 865
1560 875
1568 881
1575 889
1585 893
1594 898
1604 898
1614 893
1624 890
1633 884
1643 880
1653 879
1658 870
1668 870
1678 870
1687 865
1697 865
1706 860
1716 860
1726 860
1735 855
1745 855
1755 853
1765 850
1775 850
1784 845
1794 846
1804 845
1814 843
1824 843
1834 843
1844 845
1854 845
1864 846
1874 850
1884 850
1894 850
1904 850
1914 850
1924 851
1934 851
1943 856
1953 855
1962 860
1969 868
1979 871
1988 876
1998 880
2008 880
2014 888
2024 891
2033 896
2043 900
2049 908
2059 911
2069 915
2079 916
2085 924
2095 928
2104 933
2114 931
2123 936
2130 944
2140 948
2149 953
2159 956
2165 964
2175 968
2184 973
2192 980
2201 985
2211 989
2220 994
2228 1000
2234 1008
2244 1011
2250 1019
2260 1023
2268 1030
2274 1038
2284 1041
2290 1049
2298 1055
2307 1060
2314 1068
2322 1075
2326 1085
2336 1089
2340 1099
2350 1103
2355 1112
2364 1117
2370 1125
2375 1134
2380 1143
2384 1153
2392 1160
2396 1170
2404 1176
2410 1184
2415 1193
2420 1202
2429 1207
2435 1215
2436 1225
2446 1229
2454 1236
2458 1246
2465 1254
2473 1260
2476 1270
2485 1275
2490 1284
2495 1293
2499 1303
2505 1311
2505 1321
2505 1331
2510 1340
2510 1350
2510 1360
2510 1370
2510 1380
2505 1390
2500 1400
2492 1414
2484 1422
2474 1427
2464 1432
2454 1435
2444 1437
2434 1437
2424 1440
2414 1437
2404 1440
2394 1440
2384 1442
2374 1442
2364 1445
2355 1450
2345 1450
2346 1460
2354 1466
2360 1474
2365 1483
2374 1488
2382 1495
2389 1503
2397 1510
2406 1515
2414 1521
2423 1526
2433 1530
2439 1538
2449 1541
2458 1546
2468 1550
2474 1558
2484 1553
2494 1550
2504 1550
2514 1550
2524 1550
2533 1555
2542 1560
2552 1560
2562 1560
2571 1565
2580 1570
2590 1566
2600 1570
2610 1570
2620 1570
2630 1570
2640 1570
2649 1575
2659 1575
2668 1580
2678 1580
2687 1585
2696 1590
2704 1596
2713 1601
2723 1605
2733 1605
2743 1605
2749 1613
2759 1615
2769 1616
2778 1621
2788 1620
2797 1625
2807 1625
2814 1633
2824 1636
2834 1640
2844 1641
2853 1646
2863 1650
2872 1655
2879 1663
2889 1666
2895 1674
2905 1678
2914 1683
2920 1691
2929 1696
2935 1705
2943 1711
2953 1715
2956 1725
2965 1730
2970 1739
2978 1745
2985 1753
2990 1762
2996 1770
3001 1779
3005 1789
3013 1795
3016 1805
3021 1814
3029 1821
3035 1829
3040 1838
3040 1848
3045 1857
3045 1867
3045 1877
3050 1886
3050 1896
3055 1905
3055 1920
3060 1929
3060 1939
3060 1950
3065 1960
3060 1970
3065 1979
3060 1990
3065 1999
3065 2009
3065 2020
3065 2030
3060 2040
3055 2050
3050 2065
3045 2075
3038 2088
3033 2098
3028 2108
3023 2118
3013 2123
3008 2133
2998 2138
2990 2145
2980 2150
2970 2155
2961 2160
2952 2165
2944 2172
2934 2175
2924 2177
2914 2180
2904 2182
2894 2185
2884 2187
2874 2187
2864 2185
2854 2185
2844 2182
2834 2182
2824 2182
2814 2180
2804 2182
2794 2185
2784 2185
2774 2185
2764 2182
2754 2182
2744 2180
2734 2180
2725 2175
2715 2175
2705 2175
2696 2170
2686 2170
2676 2168
2666 2168
2656 2165
2646 2163
2636 2163
2630 2155
2621 2150
2611 2148
2601 2145
2591 2143
2581 2139
2575 2131
2565 2128
2556 2123
2546 2119
2542 2109
2533 2104
2525 2098
2519 2090
2511 2083
2505 2075
2500 2066
2490 2062
2485 2053
2478 2045
2474 2035
2469 2026
2460 2021
2454 2011
2450 2001
2440 1997
2433 1989
2425 1983
2419 1975
2411 1968
2406 1959
2400 1951
2398 1939
2393 1930
2389 1920
2380 1915
2375 1906
2375 1896
2370 1887
2370 1877
2363 1869
2355 1862
2350 1853
2345 1844
2339 1836
2331 1830
2322 1825
2313 1820
2304 1815
2295 1810
2286 1805
2278 1799
2268 1795
2259 1790
2250 1785
2242 1779
2233 1774
2223 1770
2214 1765
2206 1759
2201 1750
2192 1745
2182 1745
2173 1740
2164 1735
2154 1735
2145 1730
2135 1730
2127 1724
2118 1719
2113 1710
2104 1705
2095 1700
2085 1700
2076 1705
2067 1700
2058 1695
2049 1700
2039 1696
2030 1691
2020 1690
2021 1700
2025 1710
2025 1720
2030 1729
2030 1739
2038 1745
2045 1753
2049 1763
2055 1771
2060 1780
2061 1790
2070 1795
2070 1805
2075 1815
2080 1824
2085 1833
2090 1842
2096 1850
2101 1859
2109 1865
2115 1873
2120 1882
2129 1887
2136 1895
2141 1904
2149 1911
2145 1925
2137 1934
2129 1942
2119 1945
2109 1945
2099 1947
2089 1950
2079 1947
2071 1953
2061 1950
2051 1950
2042 1945
2032 1945
2022 1945
2013 1950
2004 1945
1994 1945
1984 1945
1974 1945
1964 1941
1955 1936
1945 1933
1939 1925
1929 1925
1919 1921
1910 1916
1900 1913
1894 1905
1884 1905
1874 1901
1865 1896
1855 1893
1848 1885
1838 1885
1829 1880
1819 1880
1809 1876
1801 1870
1791 1870
1782 1865
1773 1860
1763 1860
1754 1855
1745 1850
1736 1845
1726 1845
1717 1840
1707 1840
1698 1835
1689 1830
1680 1825
1671 1820
1663 1814
1653 1810
1644 1805
1636 1798
1626 1794
1617 1789
1608 1784
1600 1778
1593 1770
1584 1765
1576 1758
1566 1754
1557 1749
1548 1744
1540 1738
1531 1733
1526 1724
1517 1719
1508 1714
1498 1710
1494 1700
1489 1691
1480 1686
1475 1673
1469 1665
1460 1660
1459 1650
1451 1643
1445 1635
1440 1626
1440 1616
1430 1613
1430 1603
1425 1594
1423 1584
1418 1575
1415 1565
1410 1556
1410 1546
1405 1537
1405 1527
1400 1518
1396 1508
1390 1500
1385 1491
1385 1481
1380 1472
1380 1462
1375 1453
1366 1448
1360 1440
1351 1435
1341 1433
1331 1429
1325 1421
1315 1420
1305 1418
1296 1413
1286 1409
1280 1401
1270 1400
1260 1396
1250 1395
1240 1393
1234 1385
1224 1385
1214 1381
1205 1376
1195 1373
1188 1365
1179 1360
1169 1361
1160 1356
1150 1353
1144 1345
1134 1345
1124 1341
1115 1336
1105 1333
1099 1325
1089 1325
1079 1321
1070 1316
1062 1310
1053 1305
1043 1305
1034 1300
1024 1301
1015 1296
1005 1298
999 1290
990 1295
995 1304
1005 1308
1009 1318
1017 1325
1024 1333
1034 1336
1035 1346
1041 1354
1050 1359
1055 1370
1063 1376
1065 1386
1070 1395
1071 1405
1076 1414
1085 1419
1090 1428
1099 1433
1109 1436
1115 1444
1123 1450
1126 1460
1135 1465
1140 1474
1140 1485
1140 1495
1135 1505
1127 1514
1117 1515
1107 1515
1097 1515
1088 1510
1079 1505
1069 1501
1065 1491
1055 1488
1046 1483
1040 1475
1032 1469
1023 1464
1015 1458
1006 1453
996 1449
990 1441
980 1438
971 1433
961 1429
955 1421
945 1418
936 1413
926 1409
919 1401
910 1396
900 1392
895 1383
886 1378
876 1374
869 1366
860 1361
850 1358
846 1348
836 1344
827 1339
818 1334
810 1328
801 1323
791 1320
781 1319
775 1311
765 1308
756 1303
746 1299
740 1291
730 1288
721 1283
711 1279
705 1271
695 1268
689 1260
681 1254
678 1244
670 1237
665 1228
660 1219
660 1209
660 1199
656 1189
655 1179
655 1169
650 1160
650 1150
650 1140
645 1131
650 1120
645 1111
645 1101
640 1092
635 1083
631 1073
625 1065
616 1060
608 1054
603 1045
594 1040
589 1031
580 1026
570 1023
566 1013
556 1009
547 1004
538 999
530 992
523 984
518 975
509 970
504 961
496 955
488 949
480 942
475 933
466 928
456 924
452 914
443 909
435 903
426 898
416 894
412 884
403 879
393 875
389 865
381 859
374 851
365 846
358 835
354 825
344 821
336 815
328 809
320 802
313 794
305 787
300 778
294 770
286 764
285 754
276 749
270 741
261 729
260 719
254 711
245 706
235 702
230 693
224 685
216 679
210 671
200 668
194 660
189 651
180 646
179 636
175 626
170 616
170 604
166 594
163 584
155 578
150 569
148 559
140 553
134 545
129 536
125 526
125 516
