99 997
99 987
107 979
109 967
109 957
114 947
119 937
127 929
135 921
140 911
148 904
155 896
163 889
170 881
178 874
187 869
197 864
207 859
216 854
225 849
234 842
242 834
251 829
259 822
269 817
277 809
285 801
295 796
305 791
315 786
323 779
332 774
342 769
351 764
360 759
369 754
378 749
387 744
396 739
405 734
414 727
424 722
429 712
429 702
434 692
434 682
439 667
444 657
444 647
449 637
454 627
459 612
464 602
469 592
474 582
479 572
489 562
497 554
506 549
514 542
524 537
534 532
544 529
554 527
562 519
570 511
580 506
590 504
599 509
609 507
619 506
625 514
634 519
642 525
650 532
654 542
662 549
671 554
675 564
670 580
675 589
685 589
691 580
696 570
699 552
704 542
704 532
709 522
717 514
719 497
724 482
732 474
737 464
745 456
750 446
758 439
765 431
773 424
782 419
790 411
800 406
810 401
820 396
830 391
840 389
849 384
859 384
868 379
877 374
887 374
896 369
906 369
915 364
924 359
934 357
944 352
954 347
964 344
973 339
982 334
992 334
1002 329
1012 324
1022 324
1032 319
1041 314
1051 314
1060 309
1070 306
1080 304
1089 299
1099 299
1108 294
1118 294
1128 294
1137 289
1147 289
1157 289
1167 284
1177 284
1184 292
1189 301
1190 311
1185 320
1175 330
1170 340
1163 348
1153 353
1145 360
1138 368
1130 375
1123 383
1115 390
1131 389
1140 384
1149 379
1158 374
1167 369
1176 364
1184 357
1192 349
1199 337
1207 329
1215 321
1220 311
1229 302
1237 294
1245 286
1253 279
1260 271
1268 264
1272 254
1280 246
1288 239
1295 231
1305 226
1313 219
1320 211
1328 204
1337 199
1345 191
1353 184
1362 179
1372 174
1382 169
1391 164
1400 159
1409 154
1418 149
1427 144
1436 139
1446 135
1456 134
1466 134
1476 134
1486 134
1496 134
1504 141
1513 146
1520 154
1528 160
1535 168
1535 178
1540 187
1549 192
1554 201
1558 211
1565 219
1565 229
1565 239
1570 248
1575 257
1575 267
1570 280
1565 290
1565 300
1558 308
1550 315
1542 329
1534 335
1525 340
1518 348
1510 355
1503 363
1495 370
1486 375
1477 380
1468 385
1459 390
1450 395
1440 400
1433 408
1423 413
1413 418
1403 423
1393 425
1384 430
1375 435
1366 440
1356 440
1347 445
1337 449
1329 455
1319 455
1310 460
1300 460
1290 465
1281 470
1272 475
1263 480
1254 485
1245 490
1235 495
1228 503
1220 510
1213 518
1205 525
1195 530
1185 535
1190 544
1200 539
1210 534
1219 529
1228 524
1237 519
1247 514
1257 514
1267 514
1275 520
1280 529
1275 540
1268 553
1260 560
1254 570
1248 578
1240 585
1233 593
1225 600
1215 605
1205 610
1195 615
1188 623
1180 630
1173 638
1163 643
1153 648
1145 655
1138 663
1128 668
1118 673
1110 680
1102 689
1092 694
1084 700
1075 705
1067 714
1058 720
1049 725
1040 730
1033 738
1023 743
1015 750
1006 755
997 760
988 765
979 770
969 772
959 777
949 782
941 790
931 790
921 790
911 790
901 790
891 790
882 785
872 785
862 785
853 780
844 775
834 775
825 780
817 789
809 795
800 800
790 800
781 805
772 810
763 815
754 820
745 825
738 833
730 840
740 844
750 847
745 860
735 865
725 870
715 875
707 884
697 889
687 894
677 899
668 905
659 910
649 910
640 915
630 920
620 925
610 930
602 939
592 944
582 949
572 954
564 960
555 965
545 970
535 975
525 980
515 982
505 980
496 975
487 970
477 970
467 974
459 980
450 985
441 990
432 995
423 1000
414 1005
405 1010
395 1015
386 1020
377 1025
369 1032
359 1037
349 1040
339 1042
329 1047
319 1050
310 1055
300 1055
290 1055
280 1060
270 1060
260 1060
250 1060
240 1060
230 1065
220 1065
210 1065
200 1065
190 1062
180 1060
170 1060
160 1057
150 1055
140 1053
133 1045
124 1040
116 1033
111 1024
107 1014
99 1007
