139 417
139 407
149 402
157 394
166 389
175 384
184 379
193 374
194 362
194 352
194 342
194 332
202 324
207 314
214 302
222 295
220 285
211 280
201 278
191 274
184 266
179 257
179 247
184 237
192 229
201 224
211 220
221 219
230 214
234 202
238 190
230 183
224 175
214 172
207 164
199 157
192 149
184 142
184 132
192 124
202 124
212 124
221 129
231 129
240 134
250 134
260 137
270 139
279 132
289 127
299 122
309 117
319 112
329 109
339 109
349 109
359 109
369 109
379 109
388 114
398 115
407 120
415 127
424 132
430 140
435 149
443 155
447 165
455 172
465 174
475 174
485 174
495 174
504 179
514 179
524 179
530 187
527 199
522 209
513 215
503 218
493 220
484 225
474 225
465 230
455 230
450 240
450 250
445 260
453 266
460 274
468 280
475 288
480 297
485 306
490 315
492 325
490 340
490 350
490 360
485 375
485 385
480 400
480 410
475 420
470 435
468 448
460 455
455 465
455 475
455 485
455 500
455 510
450 525
448 538
440 545
433 558
425 565
418 573
410 580
401 585
392 590
383 595
374 600
364 600
355 605
345 605
335 605
325 605
315 605
305 602
295 600
285 597
275 593
269 585
259 582
254 573
247 565
244 555
239 546
234 537
234 527
234 517
234 507
234 497
230 483
223 475
213 475
203 475
193 475
184 470
174 470
165 465
155 463
149 455
144 446
139 437
139 427
