139 277
139 267
149 262
159 257
169 252
179 249
188 244
198 244
207 239
217 239
226 234
236 234
246 230
256 229
266 229
276 225
284 212
292 204
300 196
305 186
313 179
319 167
327 159
334 147
342 139
350 131
355 121
363 114
370 106
375 96
383 89
389 77
397 69
405 61
413 54
422 49
432 49
442 49
452 49
462 49
460 65
460 75
460 85
455 95
455 105
455 115
455 125
450 140
450 150
450 160
450 170
445 185
445 195
445 205
445 215
455 219
465 219
475 219
484 214
493 209
500 201
508 194
515 186
523 179
530 171
538 164
547 159
555 151
563 144
570 136
580 137
589 142
595 150
595 160
590 175
590 185
585 200
585 210
575 215
582 224
574 230
564 230
555 235
545 235
563 241
570 249
570 259
570 269
564 277
554 280
545 285
540 295
545 304
554 309
564 309
570 317
570 327
570 337
566 350
550 350
558 356
568 360
578 364
585 372
589 382
590 392
595 401
595 411
600 420
600 430
597 444
587 449
579 455
571 449
562 444
554 437
547 429
539 422
532 414
522 410
515 402
507 395
500 387
492 380
483 375
474 370
464 370
454 370
445 375
445 385
450 394
450 404
450 414
455 423
455 433
455 443
460 452
460 462
464 472
465 482
465 492
470 501
470 511
470 521
475 530
470 540
460 540
451 545
442 540
432 540
422 539
414 532
407 524
399 517
395 507
387 500
380 492
374 484
369 475
361 469
354 461
349 452
342 444
334 437
329 428
322 420
315 412
307 405
303 395
295 388
289 380
281 373
271 370
261 370
252 365
242 365
232 365
223 360
213 360
204 355
194 355
185 350
175 348
166 343
156 339
147 334
139 327
139 317
139 307
139 297
139 287
