104 167
104 157
112 149
121 144
130 139
139 134
148 129
155 121
163 114
170 106
178 99
187 94
195 86
203 79
212 74
222 69
231 64
240 59
249 54
258 49
267 44
277 44
287 44
297 44
307 44
317 44
327 44
337 44
347 44
357 44
366 49
376 49
385 54
395 54
404 59
412 65
420 72
429 77
437 84
444 92
452 99
459 107
469 111
475 119
484 124
493 129
502 134
512 134
522 134
532 134
541 129
550 124
560 124
570 124
580 127
585 136
585 146
580 155
575 170
570 180
570 190
570 200
575 209
583 215
590 223
595 232
595 242
595 252
590 265
582 274
577 284
568 290
559 295
550 300
540 305
530 310
530 320
535 329
540 338
545 347
550 356
556 364
565 369
575 366
585 361
595 359
605 359
615 359
625 359
633 365
642 370
647 379
650 389
658 395
660 405
662 415
665 425
660 440
655 455
650 470
644 480
635 485
625 490
615 495
605 500
595 500
585 505
575 505
567 499
562 490
553 485
544 480
535 475
525 473
516 468
506 465
496 465
487 460
477 459
467 455
458 460
448 460
438 463
430 470
420 475
415 485
410 500
410 510
415 519
425 519
435 522
445 524
454 529
464 529
474 531
484 534
493 539
502 544
511 549
521 549
530 554
539 559
548 564
557 569
560 579
552 594
544 600
535 605
526 610
517 615
508 620
498 623
488 628
478 630
469 635
460 640
450 640
440 640
431 645
421 645
411 645
401 645
391 645
381 643
371 640
361 640
352 635
343 630
333 630
324 625
315 620
305 617
295 613
286 608
276 605
267 600
257 600
247 600
238 595
230 588
224 580
216 574
209 566
204 557
204 547
197 539
189 532
185 522
177 515
167 515
157 515
148 520
140 513
134 505
129 496
129 486
124 477
124 467
124 457
124 447
129 432
134 422
142 414
149 402
154 387
159 377
164 362
169 352
174 337
179 322
179 312
179 302
179 292
179 282
179 272
179 262
174 253
169 244
167 234
159 227
154 218
148 210
140 203
134 195
126 188
116 184
109 176
