84 151
79 142
87 134
95 126
103 119
113 119
120 111
128 104
135 96
143 89
150 81
160 76
168 69
177 64
185 56
195 51
205 46
215 41
225 36
235 31
245 26
255 26
265 24
275 24
285 24
295 24
305 24
315 24
324 29
334 29
344 31
354 34
362 40
372 39
379 47
387 54
396 59
404 66
410 74
420 77
427 85
435 92
442 100
452 104
461 109
470 114
480 114
490 114
500 112
510 109
520 109
530 107
540 107
550 107
554 117
550 130
545 145
540 155
535 165
530 175
535 184
540 193
550 197
557 205
562 214
560 230
558 243
550 250
540 260
532 269
522 274
514 280
505 285
495 285
500 294
500 304
505 313
510 322
517 330
522 339
529 347
537 354
544 362
552 369
555 379
560 388
560 400
560 415
560 430
560 440
550 445
540 450
531 445
522 440
515 432
505 428
498 420
490 413
483 405
475 398
468 390
460 383
454 375
446 369
439 361
431 355
422 350
413 345
404 340
394 340
384 340
374 340
368 348
360 355
355 365
355 375
360 384
365 393
375 397
384 402
392 409
401 414
405 424
415 427
423 434
432 439
439 447
447 454
455 460
460 469
470 472
477 480
485 487
492 495
500 502
507 510
515 517
522 525
527 534
530 544
525 560
515 565
505 570
495 575
487 584
477 585
468 590
459 595
450 600
440 600
430 605
421 610
411 610
402 615
392 615
382 619
372 615
362 619
352 615
342 615
333 610
324 605
315 600
305 597
295 595
286 590
277 585
268 580
258 580
249 575
240 570
230 570
220 570
211 565
202 560
195 552
190 543
184 535
179 526
174 517
170 507
162 500
159 490
149 490
139 487
129 490
119 488
114 479
109 470
104 461
104 451
99 442
99 432
104 417
109 402
114 392
122 384
127 374
132 364
137 354
142 344
144 332
149 322
149 312
154 297
154 282
154 272
154 260
154 250
154 240
149 231
144 222
140 212
135 203
128 195
120 188
113 180
105 173
98 165
89 160
