24 257
24 247
29 237
34 222
34 212
44 202
52 194
61 189
69 182
77 174
85 166
89 156
89 146
84 137
84 127
84 117
84 107
89 92
97 84
107 79
116 84
126 84
136 84
145 89
150 98
150 108
155 117
155 127
155 137
155 147
163 154
172 159
182 154
191 159
200 154
209 147
219 144
229 142
239 139
249 139
258 144
267 139
277 139
287 139
297 139
306 144
316 144
326 144
329 132
329 122
339 119
349 119
359 119
365 127
365 137
365 147
365 157
374 162
384 166
390 174
395 183
403 190
407 200
415 207
422 215
427 224
434 232
440 240
445 249
440 260
445 269
445 279
450 288
450 298
450 308
450 318
455 327
455 337
460 346
460 356
455 370
450 380
442 389
434 397
424 400
414 402
404 405
394 405
385 400
375 400
365 400
355 400
345 405
345 415
345 425
336 435
326 435
317 430
309 424
309 414
304 405
294 405
284 405
274 407
264 410
254 407
245 402
237 395
234 385
225 380
215 380
205 380
196 385
187 390
177 390
167 394
157 395
147 395
138 400
129 395
119 392
119 382
127 374
137 369
147 369
148 355
140 348
134 340
126 334
119 326
114 317
105 312
97 305
87 305
78 300
68 300
58 300
48 300
40 293
34 285
29 276
24 267
