24 82
24 72
32 64
42 59
51 64
61 64
70 69
79 74
87 80
95 87
104 92
114 96
120 104
129 109
137 115
145 122
154 127
160 135
168 141
178 145
185 153
193 160
200 168
210 172
217 180
227 184
234 192
242 199
252 199
262 199
272 199
282 199
292 199
301 204
309 211
310 221
303 233
295 240
297 250
305 257
312 265
320 272
327 280
337 284
347 284
356 289
366 289
375 294
385 297
394 302
402 309
400 320
395 330
395 340
395 350
397 360
402 369
409 377
419 381
428 386
435 394
445 397
454 402
464 406
473 411
483 415
492 420
502 424
511 429
519 436
528 441
535 449
539 462
529 460
519 460
509 460
499 460
489 460
479 460
470 465
470 475
470 485
470 495
469 507
459 510
451 504
444 496
439 487
432 479
427 470
420 462
415 453
409 445
404 436
399 427
394 418
387 410
380 402
372 395
365 387
357 380
347 380
337 380
327 380
317 380
307 384
297 385
290 377
285 368
279 360
271 354
269 344
264 335
262 325
253 320
245 313
238 305
229 300
219 297
215 287
205 283
198 275
190 268
183 260
175 253
169 245
160 250
150 260
141 265
132 260
129 250
121 244
119 234
119 224
119 214
119 204
117 194
112 185
105 177
97 170
90 162
82 155
75 147
67 140
63 130
55 123
49 115
44 106
39 97
32 89
