134 297
134 287
142 279
150 271
158 264
162 254
170 246
178 239
185 231
193 224
202 219
209 207
217 199
226 194
235 189
244 184
253 179
263 179
270 171
280 166
290 164
300 161
310 159
319 154
329 154
339 154
349 154
359 154
369 154
379 154
389 154
399 154
409 154
419 154
429 154
438 159
448 159
452 149
460 141
468 134
475 126
485 121
493 114
502 109
511 104
520 99
529 94
538 89
548 89
557 84
567 84
577 79
587 79
597 79
607 79
617 79
627 79
637 79
646 84
656 84
665 89
675 89
684 94
693 99
702 104
711 109
720 114
728 120
737 125
745 132
752 140
760 147
765 156
771 164
781 164
791 164
801 164
810 169
820 169
829 174
839 174
848 179
858 180
867 185
875 192
884 197
894 201
904 204
913 209
923 209
932 214
941 219
949 226
955 234
964 239
972 245
980 252
987 260
995 267
1002 275
1010 282
1017 290
1025 297
1030 310
1028 328
1020 335
1015 345
1015 355
1010 365
1009 377
999 382
992 374
987 365
980 357
972 350
965 342
957 335
950 327
942 320
935 312
927 305
920 297
910 293
904 285
895 280
885 277
875 275
866 270
857 265
848 260
839 255
830 250
820 247
810 245
800 245
800 255
800 265
805 274
815 277
825 279
834 284
842 290
850 297
857 305
865 312
869 322
875 330
880 339
885 348
893 355
900 363
908 370
912 380
920 387
927 395
935 402
939 412
945 420
950 429
955 438
960 447
964 457
965 467
965 485
965 495
965 505
960 520
960 530
960 540
960 550
955 560
950 575
950 585
942 599
937 609
929 617
919 619
919 609
919 599
916 589
914 579
914 569
914 559
909 550
909 540
904 531
904 521
899 512
899 502
894 493
894 483
889 474
886 464
879 456
874 447
867 439
859 432
854 423
847 415
840 407
832 400
829 390
821 384
817 374
809 367
805 357
797 350
788 345
779 340
773 348
765 355
770 364
778 370
787 375
795 382
800 391
806 399
810 409
818 415
825 423
833 430
837 440
840 450
842 460
845 470
850 479
850 489
855 498
855 508
860 517
860 527
865 536
865 546
870 555
872 565
875 575
875 585
875 595
877 605
880 615
880 625
880 635
880 645
878 663
873 673
863 678
855 685
848 693
840 700
835 710
825 715
817 724
809 732
799 732
799 722
799 712
799 702
799 692
799 682
799 672
799 662
804 644
804 634
804 624
804 614
799 605
799 595
799 585
799 575
794 566
794 556
789 547
789 537
784 528
780 518
779 508
775 498
774 488
769 479
766 469
759 461
754 452
747 444
742 435
733 430
725 423
719 415
710 410
700 410
690 415
680 420
680 430
685 439
690 448
695 457
695 467
700 476
700 486
705 495
705 505
710 514
710 524
715 533
715 543
715 553
715 563
720 572
720 582
720 592
720 602
720 612
720 622
720 632
720 642
720 652
720 662
720 672
720 682
720 692
720 702
720 712
720 722
720 732
720 742
720 752
720 762
720 772
717 784
707 785
697 785
687 785
677 785
667 785
657 785
647 785
644 775
644 765
644 755
644 745
644 735
644 725
644 715
644 705
644 695
644 685
644 675
644 665
644 655
644 645
644 635
644 625
644 615
644 605
644 595
644 585
644 575
639 566
639 556
639 546
639 536
634 527
634 517
629 508
629 498
624 489
622 479
617 470
610 462
602 455
595 447
585 445
580 460
575 475
575 485
570 495
570 505
570 515
565 530
565 540
565 550
565 560
565 570
565 580
565 590
567 600
575 607
579 617
580 627
584 637
585 647
585 657
585 667
590 676
590 686
590 696
590 706
590 716
593 726
595 736
595 746
595 756
595 766
592 785
583 780
573 780
563 780
553 780
544 775
534 775
525 770
519 762
519 752
519 742
519 732
514 723
514 713
514 703
514 693
514 683
510 673
509 663
509 653
509 643
502 635
499 625
494 616
494 606
489 597
489 587
489 577
489 567
489 557
489 547
489 537
489 527
494 512
494 502
494 492
499 482
499 472
504 462
504 452
509 437
514 428
514 418
508 410
498 408
488 413
480 420
473 428
465 435
460 450
453 463
448 473
440 480
435 490
430 500
425 515
425 525
425 535
425 545
420 555
420 565
420 575
420 585
420 595
420 605
420 615
420 625
420 635
420 645
420 655
420 665
422 675
425 685
425 695
425 705
427 715
425 725
415 725
407 719
397 715
390 707
380 703
373 695
365 688
359 680
349 676
344 667
344 657
344 647
344 637
344 627
344 617
344 607
344 597
344 587
344 577
344 567
344 557
344 547
349 532
349 522
349 512
354 502
354 492
359 477
364 467
369 457
374 447
382 439
387 429
394 412
399 402
407 394
412 384
420 376
428 369
435 361
442 350
438 340
429 335
419 335
409 335
400 340
390 340
380 345
373 353
365 360
358 368
350 375
345 385
338 398
333 408
325 415
318 428
313 438
308 448
303 458
295 465
290 475
290 485
285 500
285 510
285 520
280 535
280 545
280 555
280 565
275 575
272 590
265 582
259 574
254 565
246 559
239 551
234 542
230 532
225 523
219 515
214 506
209 497
214 487
214 477
214 467
214 457
219 447
227 439
232 429
239 417
244 407
249 397
257 389
262 379
269 367
277 359
279 347
284 337
292 329
300 321
308 314
315 306
323 299
330 291
338 284
347 279
357 274
367 269
377 269
386 264
396 264
405 259
414 250
414 240
412 230
402 230
392 230
382 230
372 230
362 230
352 230
342 230
332 230
322 234
312 235
302 239
294 245
285 250
275 250
265 255
257 269
249 275
240 280
233 288
225 295
218 303
213 313
205 320
198 328
190 335
190 345
185 355
180 365
172 374
164 381
159 372
159 362
159 352
155 342
150 333
144 325
144 315
139 306
