84 1212
84 1202
89 1192
97 1184
106 1179
114 1172
124 1167
132 1159
140 1151
145 1141
153 1134
162 1129
169 1117
177 1109
182 1099
189 1087
189 1077
194 1067
202 1059
204 1043
204 1033
204 1023
204 1013
204 1003
200 993
199 983
194 974
194 964
189 955
187 945
184 935
184 925
179 916
174 907
174 897
174 887
174 877
174 867
174 857
174 847
179 832
184 822
184 812
189 797
194 787
202 779
209 767
217 759
225 751
230 741
238 734
245 726
253 719
262 714
272 714
278 705
270 698
264 690
259 681
254 672
249 663
244 654
239 645
234 636
229 627
225 617
220 608
219 598
214 589
214 579
209 570
209 560
204 551
204 541
204 531
199 522
199 512
199 502
199 492
199 482
199 472
199 462
199 452
199 442
204 432
204 422
204 412
209 402
209 392
214 382
214 372
219 357
224 347
229 337
234 322
242 314
247 304
252 294
257 284
264 272
272 264
279 252
287 244
295 236
303 229
310 221
318 214
325 206
333 199
340 191
348 184
357 179
365 171
375 166
383 159
392 154
401 149
410 144
419 139
428 134
437 129
447 124
457 119
467 114
477 114
486 109
496 105
506 104
516 100
526 99
535 94
545 94
555 91
565 89
575 89
585 89
595 86
605 84
615 84
625 84
635 84
645 84
655 84
665 84
675 84
685 84
694 89
704 89
714 89
724 89
733 94
743 94
753 95
763 99
772 104
782 104
791 109
801 109
810 114
820 117
829 122
839 126
848 131
858 135
867 140
877 144
886 149
894 156
903 161
910 169
920 172
928 179
937 184
944 192
952 199
959 207
967 214
974 222
982 229
989 237
997 244
1004 252
1009 261
1015 269
1020 278
1028 285
1032 295
1037 304
1040 314
1048 320
1050 330
1055 339
1060 348
1065 357
1065 367
1070 376
1070 386
1075 395
1075 405
1080 414
1080 424
1080 434
1085 443
1085 453
1085 463
1085 473
1085 483
1085 493
1085 503
1085 513
1080 525
1080 535
1080 545
1075 555
1075 565
1070 575
1070 585
1065 595
1060 610
1055 620
1050 630
1050 640
1043 648
1038 658
1033 668
1028 678
1020 685
1013 698
1005 705
1000 715
1005 724
1015 727
1023 734
1032 739
1041 744
1049 751
1055 759
1060 768
1068 775
1075 783
1080 792
1085 801
1091 809
1095 819
1103 825
1107 835
1110 845
1115 854
1115 864
1120 873
1120 883
1125 892
1125 902
1130 911
1130 921
1130 931
1133 941
1135 951
1135 961
1135 971
1135 981
1135 991
1135 1001
1135 1011
1140 1020
1142 1030
1150 1037
1154 1047
1155 1057
1162 1065
1167 1074
1174 1082
1179 1091
1185 1099
1193 1105
1200 1113
1208 1120
1212 1130
1215 1140
1210 1155
1205 1165
1197 1174
1187 1179
1177 1180
1167 1180
1158 1175
1150 1168
1143 1160
1135 1153
1129 1145
1121 1138
1116 1129
1109 1121
1104 1112
1099 1103
1092 1095
1089 1085
1084 1076
1079 1067
1074 1058
1069 1049
1066 1039
1064 1029
1061 1019
1059 1009
1059 999
1059 989
1059 979
1059 969
1059 959
1059 949
1054 940
1054 930
1054 920
1052 910
1049 900
1044 891
1044 881
1039 872
1039 862
1032 854
1027 845
1020 837
1015 828
1009 820
1001 814
997 804
987 800
980 792
970 788
963 780
953 780
944 775
935 780
937 790
945 797
952 805
960 812
967 820
972 829
979 837
984 846
985 856
990 865
995 874
1000 883
1000 893
1000 903
1000 913
1005 922
1005 932
1005 942
1005 952
1005 962
1005 972
1005 982
1000 995
1000 1005
1000 1015
995 1030
995 1040
995 1050
995 1060
995 1070
1000 1079
1000 1089
1000 1099
1008 1105
1015 1113
1020 1122
1029 1127
1037 1134
1040 1144
1045 1153
1050 1162
1050 1172
1045 1185
1040 1195
1033 1203
1023 1208
1013 1210
1003 1210
994 1205
986 1199
979 1191
974 1182
967 1174
959 1167
955 1157
947 1150
940 1142
935 1133
929 1125
924 1116
924 1106
924 1096
924 1086
919 1077
919 1067
919 1057
919 1047
919 1037
919 1027
924 1012
924 1002
924 992
929 978
929 968
929 958
929 948
929 938
929 928
925 918
924 908
924 898
919 889
914 880
912 870
905 862
897 855
890 847
882 840
879 830
870 825
860 825
862 835
870 842
874 852
880 860
885 869
885 879
885 889
885 899
885 909
885 919
885 929
885 939
885 949
880 965
880 975
880 985
875 1000
870 1010
865 1020
860 1035
860 1045
860 1055
860 1065
860 1075
865 1084
865 1094
865 1104
870 1113
878 1120
882 1130
890 1137
894 1147
904 1151
910 1159
915 1168
923 1175
927 1185
930 1195
925 1210
920 1220
913 1228
903 1233
893 1235
883 1235
874 1230
866 1224
859 1216
854 1207
845 1202
837 1195
834 1185
826 1178
821 1169
814 1161
809 1152
804 1143
797 1135
794 1125
789 1116
789 1106
789 1096
784 1087
784 1077
784 1067
784 1057
784 1047
784 1037
784 1027
789 1012
794 997
799 987
804 972
804 962
809 953
809 943
809 933
809 923
809 913
809 903
809 893
805 883
798 875
789 870
780 865
780 875
785 884
785 894
790 903
790 913
790 923
790 933
790 943
788 958
783 968
775 975
770 990
770 1000
765 1010
765 1020
765 1030
765 1040
765 1050
765 1060
765 1070
765 1080
765 1090
765 1100
765 1110
765 1120
765 1130
765 1140
770 1149
770 1159
775 1168
775 1178
783 1185
787 1195
790 1205
787 1219
782 1229
774 1237
764 1242
754 1245
744 1245
735 1240
727 1234
719 1227
715 1217
709 1209
704 1200
702 1190
699 1180
699 1170
694 1161
689 1152
689 1142
689 1132
689 1122
689 1112
689 1102
689 1092
689 1082
689 1072
689 1062
689 1052
689 1042
689 1032
689 1022
689 1012
689 1002
694 987
699 977
699 967
704 952
709 942
714 924
714 914
711 904
709 894
704 885
704 875
694 875
685 880
675 880
665 880
655 880
645 880
635 880
625 880
615 880
605 880
595 877
585 875
575 875
570 890
565 900
565 910
565 920
565 930
567 940
570 950
575 959
575 969
580 978
585 987
590 996
593 1006
595 1016
598 1026
600 1036
600 1046
600 1056
600 1066
600 1076
605 1085
605 1095
605 1105
605 1115
605 1125
605 1135
605 1145
605 1155
605 1165
605 1175
605 1185
600 1195
600 1205
595 1215
590 1230
585 1240
578 1248
568 1253
558 1255
548 1255
539 1250
531 1244
524 1236
519 1227
519 1217
519 1207
524 1192
529 1181
529 1171
529 1161
529 1151
529 1141
529 1131
529 1121
529 1111
529 1101
529 1091
524 1082
524 1072
524 1062
524 1052
524 1042
524 1032
519 1023
515 1013
511 1003
506 994
504 984
499 975
499 965
494 956
494 946
489 937
489 927
489 917
489 907
489 897
489 887
494 877
497 859
487 859
479 865
470 870
470 880
465 890
465 900
465 910
465 920
465 930
470 939
470 949
475 958
475 968
480 977
484 987
485 997
489 1007
490 1017
490 1027
490 1037
495 1046
495 1056
500 1065
500 1075
500 1085
502 1095
505 1105
500 1120
500 1130
500 1140
495 1155
495 1165
490 1175
485 1190
483 1203
478 1213
470 1220
465 1230
458 1238
448 1243
438 1245
428 1245
419 1240
411 1234
404 1226
399 1217
399 1207
399 1197
404 1187
412 1179
414 1167
419 1152
424 1137
424 1127
424 1117
429 1106
424 1097
424 1087
424 1077
424 1067
419 1058
419 1048
414 1039
414 1029
414 1019
411 1009
409 999
404 990
402 980
399 970
399 960
394 951
389 942
389 932
389 922
389 912
389 902
389 892
389 882
394 867
399 857
399 847
404 837
412 830
410 820
400 820
390 820
383 828
373 833
365 840
360 850
360 860
360 870
360 880
360 890
360 900
360 910
360 920
360 930
365 939
365 949
370 958
370 968
375 977
375 987
380 996
383 1006
385 1016
385 1026
385 1036
390 1045
390 1055
390 1065
390 1075
385 1085
385 1095
380 1105
375 1120
373 1138
368 1148
360 1155
358 1168
353 1178
345 1185
338 1198
333 1208
325 1215
320 1225
313 1233
303 1238
293 1240
283 1240
274 1235
266 1229
259 1221
254 1212
254 1202
254 1192
259 1182
267 1174
272 1164
279 1152
287 1144
289 1132
294 1122
302 1114
304 1097
309 1082
314 1073
314 1063
314 1053
309 1044
309 1034
309 1024
306 1014
304 1004
301 994
299 984
294 975
294 965
289 956
289 946
284 937
284 927
284 917
284 907
284 897
284 887
284 877
284 867
284 857
284 847
289 837
289 827
294 812
299 802
307 794
315 786
331 765
322 770
312 774
303 780
294 785
288 793
280 800
273 808
268 818
260 825
255 835
255 845
250 855
250 865
250 875
250 885
250 895
255 904
255 914
260 923
260 933
265 942
265 952
270 961
273 971
275 981
278 991
280 1001
280 1011
280 1021
280 1031
280 1041
280 1051
280 1061
275 1070
273 1083
268 1093
260 1100
258 1118
253 1128
245 1135
238 1148
233 1158
225 1165
217 1179
209 1185
200 1190
193 1203
185 1210
177 1219
169 1225
160 1230
150 1235
143 1243
133 1248
123 1250
113 1250
104 1245
96 1239
89 1231
84 1222
