109 322
109 312
117 304
122 294
131 289
140 284
150 281
160 279
170 279
180 279
190 279
200 279
210 279
220 279
230 279
240 279
250 279
260 279
270 279
280 279
290 279
300 279
309 284
319 284
329 286
339 289
349 289
359 289
369 291
379 294
389 294
399 296
409 299
419 299
429 299
439 301
449 304
459 304
469 304
479 306
489 309
499 309
509 309
519 309
529 309
539 309
549 309
559 309
569 309
579 311
588 316
595 324
605 324
615 324
625 324
634 329
644 329
654 329
663 334
673 334
683 334
693 334
702 339
712 339
722 339
731 344
741 344
751 344
761 344
770 349
780 349
790 349
800 352
810 354
820 354
830 357
840 359
850 359
860 359
869 364
879 364
889 364
899 366
909 369
919 369
929 369
939 371
949 374
959 374
969 374
978 379
988 379
998 379
1008 380
1018 384
1028 384
1038 384
1047 389
1057 389
1067 389
1076 394
1086 394
1096 394
1106 394
1115 399
1125 399
1135 399
1145 402
1155 404
1165 404
1175 407
1185 409
1195 409
1205 412
1215 414
1225 414
1235 414
1245 417
1255 419
1265 419
1275 422
1285 424
1295 424
1305 427
1315 429
1325 429
1335 432
1345 434
1355 434
1365 434
1374 439
1384 439
1394 441
1404 444
1414 444
1424 444
1433 449
1443 449
1453 449
1463 450
1473 454
1483 454
1493 455
1503 459
1513 459
1522 464
1532 464
1542 464
1551 469
1561 469
1571 469
1580 474
1590 474
1600 474
1609 479
1619 479
1629 479
1638 484
1648 484
1658 485
1668 489
1678 489
1688 490
1698 494
1708 494
1717 499
1727 499
1737 499
1746 504
1756 504
1766 504
1775 509
1785 509
1795 509
1804 514
1814 514
1824 516
1834 519
1844 519
1854 521
1864 524
1874 524
1883 529
1893 529
1903 529
1913 530
1922 535
1930 542
1937 550
1947 554
1956 559
1966 559
1975 564
1985 567
1995 569
2005 569
2014 574
2024 574
2033 579
2043 579
2052 584
2062 584
2071 589
2081 589
2090 594
2100 597
2110 599
2119 604
2128 609
2137 614
2144 622
2142 639
2134 645
2124 645
2114 645
2104 645
2094 645
2084 645
2074 647
2064 650
2054 650
2044 650
2034 650
2024 650
2014 652
2004 655
1994 655
1984 655
1974 655
1964 655
1954 657
1944 660
1934 660
1924 660
1914 660
1904 660
1894 660
1884 660
1874 660
1865 665
1855 665
1845 665
1836 660
1826 660
1816 660
1806 660
1796 660
1786 660
1776 660
1766 660
1756 660
1746 660
1736 660
1726 660
1716 660
1707 655
1697 655
1688 650
1678 650
1669 645
1659 645
1649 645
1639 645
1629 645
1620 640
1610 640
1600 640
1591 635
1581 635
1571 635
1561 635
1551 633
1541 630
1531 630
1521 630
1511 628
1501 625
1491 625
1482 620
1472 620
1462 620
1452 620
1442 619
1432 615
1422 615
1412 615
1403 610
1393 610
1383 610
1374 605
1364 605
1354 605
1344 605
1334 605
1325 600
1315 597
1305 595
1295 595
1285 595
1276 590
1266 590
1256 590
1246 590
1236 590
1226 590
1217 585
1207 585
1197 585
1187 584
1177 580
1167 580
1157 580
1147 579
1137 575
1127 575
1117 575
1108 570
1098 570
1089 565
1079 565
1069 565
1059 565
1049 565
1039 565
1029 565
1019 565
1009 565
999 565
989 565
979 565
969 565
959 565
949 565
939 565
929 565
919 565
909 565
899 565
889 565
879 565
869 565
859 565
849 565
839 565
829 565
819 565
810 560
800 560
790 560
780 560
770 560
760 560
750 560
741 555
731 555
721 555
711 555
701 555
691 553
681 550
671 550
661 550
651 548
641 545
631 545
621 545
611 545
602 540
592 540
583 535
573 535
563 535
554 530
544 530
535 525
525 522
515 520
506 515
496 513
486 510
477 505
467 505
458 500
448 500
439 495
429 492
420 487
410 485
401 480
391 478
381 475
371 475
362 470
352 470
343 465
334 460
324 457
317 449
309 442
300 437
290 435
281 430
271 429
262 424
252 420
242 420
233 415
224 410
214 410
205 405
196 400
186 400
177 395
168 390
158 390
149 385
139 382
132 374
124 367
117 359
109 352
109 342
109 332
