274 287
274 277
279 267
287 259
292 249
300 241
310 236
320 231
330 229
340 229
350 229
360 229
370 232
380 234
389 239
397 245
405 252
410 261
415 270
420 279
420 289
425 298
430 307
434 317
442 324
450 330
455 339
460 348
465 357
470 366
475 375
480 384
480 394
485 403
490 412
494 422
495 432
500 441
505 450
510 459
510 469
515 478
520 487
525 496
528 506
533 515
537 525
542 534
545 544
550 553
555 562
559 572
560 582
565 591
570 600
575 609
580 618
585 627
589 637
590 647
595 656
600 665
605 674
610 683
615 692
619 702
620 712
625 721
630 730
635 739
640 748
645 757
645 767
650 776
655 785
660 794
660 804
665 813
670 822
675 831
680 840
685 849
685 859
693 865
695 875
700 884
705 893
705 903
713 910
717 920
720 930
725 939
730 948
735 957
739 967
740 977
745 986
750 995
755 1004
755 1014
760 1023
765 1032
770 1041
773 1051
780 1059
785 1068
785 1078
790 1087
795 1096
800 1105
802 1115
807 1124
810 1134
815 1143
820 1152
825 1161
830 1170
835 1179
835 1189
840 1198
845 1207
850 1216
855 1225
860 1234
865 1243
870 1252
870 1262
875 1271
880 1280
885 1289
890 1298
895 1307
895 1317
900 1326
905 1335
910 1344
910 1354
915 1363
915 1373
915 1383
920 1392
920 1402
920 1412
920 1422
920 1432
920 1442
920 1452
920 1462
920 1472
920 1482
925 1491
925 1501
925 1511
925 1521
925 1531
930 1540
935 1549
940 1558
940 1568
945 1577
936 1590
927 1585
924 1575
916 1569
914 1559
909 1550
904 1541
899 1532
892 1524
884 1517
875 1512
867 1505
860 1497
852 1490
843 1485
835 1478
828 1470
820 1463
813 1455
805 1448
798 1440
790 1433
783 1425
775 1418
771 1408
766 1399
762 1389
757 1380
754 1370
749 1361
744 1352
740 1342
735 1333
734 1323
729 1314
724 1305
719 1296
719 1286
714 1277
709 1268
704 1259
699 1250
699 1240
691 1234
689 1224
684 1215
679 1206
674 1197
670 1187
665 1178
664 1168
659 1159
654 1150
649 1141
644 1132
644 1122
639 1113
634 1104
629 1095
624 1086
624 1076
619 1067
615 1057
609 1049
606 1039
602 1029
597 1020
594 1010
589 1001
584 992
580 982
575 973
571 963
566 954
564 944
559 935
554 926
549 917
549 907
544 898
539 889
534 880
529 871
529 861
524 852
519 843
514 834
509 825
507 815
503 805
495 798
494 788
489 779
487 769
482 760
479 750
474 741
469 732
464 723
460 713
456 703
451 694
449 684
444 675
439 666
434 657
429 648
425 638
424 628
417 620
414 610
409 601
404 592
399 583
396 573
391 564
389 554
384 545
379 536
374 527
369 518
364 509
359 500
357 490
354 480
346 473
341 464
337 454
329 447
329 437
324 428
319 419
314 410
309 401
304 392
304 382
304 372
304 362
299 353
294 344
292 334
287 325
284 315
279 306
279 296
