269 552
269 542
277 534
285 526
290 516
294 502
299 487
304 477
312 469
317 459
325 451
333 444
339 432
347 424
355 416
363 409
367 399
375 391
383 384
392 379
401 374
411 370
421 369
431 365
441 364
450 359
460 356
470 354
480 351
490 349
499 344
509 344
519 344
529 344
539 344
549 344
558 339
568 339
578 339
588 339
598 339
608 339
618 339
628 339
638 339
644 325
639 316
634 307
634 297
639 282
644 272
652 264
661 259
670 254
679 249
689 247
699 244
709 244
718 239
727 234
737 229
745 221
755 216
763 209
772 204
780 196
788 189
797 184
805 176
815 171
823 164
832 159
841 154
849 147
859 142
869 137
879 134
889 134
898 129
908 129
918 129
927 124
937 124
947 124
957 124
967 124
977 119
987 119
997 119
1007 119
1017 119
1027 119
1036 114
1046 114
1056 114
1066 114
1076 114
1086 110
1096 109
1106 109
1116 109
1126 109
1136 109
1146 109
1156 109
1166 109
1176 109
1186 109
1196 109
1206 109
1216 109
1226 109
1236 109
1246 109
1256 109
1266 109
1276 109
1286 109
1296 109
1306 109
1316 109
1326 109
1336 109
1346 109
1356 109
1366 109
1376 109
1386 109
1396 109
1406 109
1416 109
1426 109
1436 109
1445 114
1454 119
1463 124
1472 129
1481 134
1490 139
1498 145
1507 150
1517 154
1524 162
1534 166
1540 174
1548 180
1555 188
1565 192
1572 200
1580 207
1589 212
1597 219
1604 227
1612 234
1619 242
1627 249
1634 257
1642 264
1649 272
1657 279
1667 279
1677 279
1687 279
1697 279
1707 279
1716 284
1724 291
1730 299
1738 305
1745 313
1753 320
1760 328
1765 337
1770 346
1773 356
1775 366
1780 375
1782 385
1785 395
1790 404
1790 414
1795 423
1795 433
1800 442
1804 452
1805 462
1805 472
1805 482
1800 495
1800 505
1795 515
1795 525
1795 535
1790 550
1790 560
1790 570
1790 580
1790 590
1785 605
1785 615
1780 630
1780 640
1775 655
1775 665
1770 680
1765 690
1758 698
1750 705
1741 710
1731 710
1722 715
1712 719
1702 720
1692 724
1682 725
1672 729
1662 730
1652 730
1642 730
1635 722
1625 718
1619 710
1610 705
1602 699
1597 690
1594 680
1592 670
1588 660
1579 655
1569 655
1559 655
1549 655
1540 660
1530 660
1520 660
1510 660
1500 660
1490 665
1481 670
1471 670
1462 675
1453 680
1443 683
1433 685
1424 690
1414 692
1404 695
1395 700
1385 700
1375 705
1366 710
1356 710
1347 715
1338 720
1329 725
1320 730
1310 735
1303 743
1295 750
1290 760
1285 770
1280 780
1275 790
1270 800
1262 814
1254 822
1244 827
1234 830
1224 830
1215 835
1205 835
1195 835
1185 840
1175 840
1165 840
1155 840
1145 840
1135 840
1125 840
1115 840
1105 840
1095 840
1085 840
1076 835
1066 835
1056 835
1046 835
1036 835
1026 834
1017 829
1007 825
998 820
989 815
979 811
971 805
962 800
953 795
945 788
939 780
931 774
927 764
917 760
908 755
898 755
888 755
878 755
868 755
858 758
848 760
838 760
828 760
818 760
808 760
798 760
788 760
778 760
768 760
758 760
748 760
738 763
728 765
718 765
708 765
698 765
688 765
678 765
668 765
658 765
648 765
638 765
628 768
618 773
608 778
600 785
590 790
583 798
573 803
565 810
555 815
545 820
535 825
525 825
515 825
506 830
496 830
486 830
476 828
466 825
456 823
446 820
437 815
427 815
418 810
408 810
399 805
391 799
387 789
379 782
375 772
370 763
366 753
361 744
359 734
354 725
352 715
345 707
335 705
325 702
315 700
305 700
295 700
285 698
279 690
274 681
274 671
269 662
269 652
269 642
269 632
269 622
269 612
269 602
269 592
269 582
269 572
269 562
