124 627
119 642
124 651
129 660
132 670
140 677
149 682
159 685
165 693
173 700
180 708
188 715
192 725
200 732
209 737
217 744
226 749
236 753
246 755
255 760
265 762
275 765
285 767
295 770
305 772
315 775
324 780
333 785
340 793
348 800
355 808
363 815
370 823
380 827
389 832
397 839
407 840
416 845
426 848
436 850
446 850
456 850
466 853
476 855
485 850
495 850
505 845
515 845
524 840
533 835
542 830
552 830
562 830
572 830
582 830
592 830
602 830
612 834
622 835
632 835
642 839
652 840
662 840
672 840
682 840
691 845
701 845
711 845
720 850
730 850
739 855
749 855
759 855
769 855
779 855
788 860
798 860
808 860
817 865
827 865
837 865
847 865
857 865
867 865
877 865
887 865
897 865
907 865
915 872
922 880
927 889
929 899
934 908
939 917
944 926
951 934
959 940
962 950
970 957
979 962
987 969
995 975
1004 980
1013 985
1023 985
1032 990
1041 995
1051 998
1061 1000
1071 1000
1081 1000
1091 1000
1101 1000
1111 1000
1121 1000
1131 1000
1140 995
1150 990
1160 985
1170 980
1178 973
1188 968
1195 960
1204 955
1212 949
1220 940
1228 933
1238 928
1245 920
1250 910
1258 903
1263 893
1270 880
1278 873
1284 865
1292 859
1302 855
1312 855
1322 855
1332 854
1342 850
1352 850
1362 850
1372 850
1382 850
1392 850
1402 850
1412 850
1422 850
1432 850
1442 850
1452 850
1462 849
1472 845
1482 845
1492 845
1502 845
1512 849
1522 850
1532 850
1542 850
1551 845
1561 845
1571 845
1581 845
1591 845
1601 845
1611 845
1621 845
1631 845
1641 845
1651 845
1660 840
1670 840
1680 840
1690 840
1700 840
1710 840
1720 840
1730 840
1740 835
1750 835
1760 835
1770 835
1780 835
1790 835
1800 835
1810 835
1820 835
1830 835
1840 835
1850 835
1859 840
1865 848
1869 858
1874 867
1879 876
1884 885
1889 894
1895 902
1902 910
1910 917
1919 922
1929 925
1935 933
1945 937
1955 940
1964 945
1974 945
1984 945
1994 945
2003 950
2013 950
2022 945
2032 945
2042 945
2051 940
2061 940
2070 935
2080 930
2088 923
2098 920
2107 914
2115 905
2123 898
2130 890
2138 883
2143 873
2150 860
2158 853
2163 843
2173 838
2180 830
2190 830
2200 825
2210 825
2220 825
2230 820
2240 815
2250 810
2258 803
2265 790
2270 779
2270 769
2270 759
2270 749
2270 739
2265 730
2265 720
2262 710
2260 700
2265 686
2265 676
2265 666
2265 656
2265 646
2265 636
2265 626
2265 616
2263 606
2260 596
2260 586
2258 576
2255 566
2253 556
2250 546
2245 537
2240 528
2235 519
2232 509
2227 500
2220 492
2215 483
2210 474
2205 465
2199 457
2192 449
2184 442
2177 434
2169 427
2165 417
2157 410
2150 402
2142 395
2135 387
2130 378
2123 370
2115 364
2112 354
2104 347
2097 339
2089 332
2082 324
2074 317
2067 309
2057 305
2050 297
2042 290
2035 282
2025 278
2018 270
2010 263
2003 255
1995 249
1989 241
1981 234
1972 229
1963 224
1955 218
1948 210
1940 204
1931 199
1922 194
1913 189
1905 183
1898 175
1888 171
1879 166
1869 162
1860 157
1850 154
1840 154
1830 154
1821 149
1811 149
1801 149
1792 144
1783 139
1773 139
1763 139
1753 139
1744 134
1734 134
1724 134
1715 129
1705 129
1695 129
1686 124
1676 124
1666 124
1657 119
1647 119
1637 124
1628 119
1618 119
1608 115
1598 114
1588 114
1578 110
1568 109
1558 109
1548 109
1538 105
1528 104
1518 104
1508 104
1498 104
1488 100
1478 99
1468 99
1458 95
1448 94
1438 94
1428 94
1418 94
1408 94
1398 94
1388 94
1378 90
1368 89
1358 85
1348 84
1338 84
1328 84
1318 84
1308 84
1298 84
1288 84
1278 84
1268 84
1258 84
1248 84
1238 84
1228 84
1219 79
1209 82
1199 84
1189 81
1179 82
1169 84
1159 81
1149 79
1139 79
1129 79
1119 79
1109 79
1099 79
1089 79
1080 84
1070 84
1060 84
1050 84
1040 84
1030 84
1020 84
1010 86
1000 89
990 89
980 89
970 91
960 94
950 94
941 99
931 100
921 104
911 104
902 109
893 114
885 121
878 129
870 136
863 144
855 151
848 159
840 166
832 174
828 184
820 191
812 199
807 209
799 217
792 229
784 237
777 249
769 257
764 267
757 279
753 289
745 296
737 304
729 312
723 324
714 329
704 332
694 334
684 334
675 339
665 339
655 339
645 339
636 344
626 344
616 344
606 345
596 349
586 349
577 354
567 354
557 354
547 359
537 359
527 359
517 359
508 364
498 364
488 364
479 369
469 369
459 369
449 372
439 374
429 374
419 377
409 379
399 379
389 379
380 384
370 384
360 384
350 386
340 389
330 389
320 391
310 394
301 399
291 399
281 400
271 405
261 409
251 410
241 415
231 419
222 424
213 429
205 436
198 444
190 451
183 459
175 466
167 474
162 484
154 492
149 502
144 512
139 527
134 537
134 547
139 556
139 566
139 576
139 586
142 599
134 607
129 617
