84 717
84 707
92 699
101 694
109 682
114 670
114 660
114 650
114 640
114 630
109 621
109 611
109 601
104 592
104 582
109 567
114 552
122 544
130 536
138 529
147 524
156 519
165 514
174 507
184 504
193 499
202 494
212 489
222 489
232 484
242 479
252 479
261 474
271 474
280 469
290 469
299 464
309 462
319 457
329 454
338 449
348 449
358 449
367 444
377 444
386 439
396 439
405 434
415 434
425 431
435 429
445 429
454 424
464 424
474 422
484 419
494 417
504 414
514 412
524 409
534 409
544 409
553 404
563 404
573 404
583 404
592 399
602 399
611 394
621 394
631 394
641 390
651 389
661 389
671 389
680 384
689 377
699 372
707 364
717 359
725 351
730 341
738 334
745 326
753 319
760 311
770 306
778 299
785 291
793 284
800 276
808 269
815 261
825 256
833 249
840 241
848 234
857 229
865 221
873 214
882 209
891 204
900 199
909 192
919 187
927 179
937 174
947 169
957 164
967 164
977 159
987 159
997 159
1007 154
1017 154
1027 154
1037 154
1047 154
1057 154
1067 154
1076 149
1086 149
1096 149
1105 144
1115 144
1125 144
1135 144
1145 144
1155 141
1165 139
1175 139
1185 139
1195 139
1205 139
1215 139
1225 139
1235 139
1244 134
1254 134
1264 134
1273 139
1283 139
1293 139
1303 139
1313 139
1323 139
1333 139
1342 134
1352 134
1362 134
1371 139
1381 139
1391 139
1401 139
1411 139
1421 139
1431 139
1441 139
1450 144
1460 144
1470 144
1480 144
1490 144
1500 144
1510 144
1520 144
1530 144
1540 144
1550 144
1560 147
1570 149
1580 149
1590 149
1600 152
1610 154
1620 154
1629 159
1639 159
1649 159
1659 159
1669 161
1679 164
1689 166
1699 169
1708 174
1718 174
1728 175
1738 179
1748 180
1758 184
1768 184
1777 189
1787 189
1797 189
1806 194
1815 199
1825 199
1833 205
1843 209
1852 214
1861 219
1869 226
1878 231
1888 235
1895 243
1903 250
1910 258
1918 265
1925 273
1933 280
1940 288
1948 295
1955 303
1963 310
1970 318
1978 325
1985 333
1993 340
2000 348
2008 355
2015 363
2023 370
2030 378
2035 387
2042 395
2050 402
2057 410
2065 417
2072 425
2082 429
2089 437
2097 444
2107 444
2116 449
2125 454
2134 459
2144 461
2153 466
2163 469
2172 474
2181 479
2190 484
2198 490
2207 495
2215 502
2222 510
2230 517
2234 527
2240 535
2245 544
2250 553
2250 563
2250 573
2255 582
2255 592
2255 602
2255 612
2255 622
2259 632
2264 641
2270 649
2275 658
2275 668
2275 678
2273 688
2268 698
2260 705
2253 713
2245 720
2238 728
2230 735
2220 735
2210 735
2201 740
2191 740
2182 745
2173 750
2163 750
2154 755
2144 757
2134 762
2124 765
2115 770
2110 780
2105 790
2100 800
2095 810
2090 820
2084 832
2076 840
2067 845
2059 852
2049 857
2039 860
2029 860
2019 860
2009 860
1999 860
1989 857
1980 852
1972 845
1963 840
1954 835
1945 830
1935 830
1925 830
1915 835
1905 835
1896 840
1886 840
1876 840
1867 845
1857 845
1847 849
1837 850
1827 850
1817 850
1807 850
1797 854
1787 855
1777 855
1767 855
1757 855
1747 855
1737 855
1727 855
1717 855
1707 855
1697 855
1687 855
1678 860
1669 865
1659 865
1649 865
1639 865
1629 865
1619 865
1609 865
1599 865
1589 865
1579 865
1569 865
1559 865
1549 865
1539 865
1529 865
1520 870
1510 870
1500 870
1490 870
1480 870
1470 870
1460 870
1450 870
1440 870
1430 870
1423 878
1415 885
1410 895
1405 910
1400 920
1392 929
1384 935
1375 940
1367 949
1357 954
1347 955
1338 960
1329 965
1319 965
1309 965
1299 965
1289 965
1279 965
1269 965
1259 965
1249 962
1240 957
1232 950
1223 945
1215 938
1209 930
1201 923
1191 920
1181 920
1171 920
1161 920
1151 920
1141 920
1131 920
1121 920
1111 920
1101 920
1091 920
1081 920
1071 920
1061 920
1051 920
1041 920
1031 920
1021 920
1011 920
1001 920
991 920
981 920
971 920
961 920
951 920
941 920
931 920
921 920
911 920
901 920
891 920
881 920
871 920
861 920
851 920
841 920
831 920
821 920
811 920
801 920
791 920
781 920
771 920
761 920
751 920
741 920
731 919
722 914
712 910
702 910
692 910
682 910
672 909
662 905
652 905
642 904
632 900
622 900
613 895
603 895
593 895
584 890
575 885
565 885
555 890
548 898
540 905
532 914
524 920
515 925
506 930
497 935
487 935
477 939
467 940
457 940
447 939
437 935
427 935
418 930
409 925
399 921
391 915
382 910
375 902
367 895
358 890
350 883
343 875
334 870
326 863
316 860
306 860
296 860
286 860
276 860
266 858
256 855
247 850
237 849
227 845
218 840
209 835
199 832
190 827
182 820
175 812
169 804
164 795
156 789
149 781
141 775
132 770
122 769
112 765
103 760
94 755
89 746
84 737
84 727
