69 667
69 657
74 647
74 637
74 627
82 619
92 614
102 609
112 609
120 601
124 582
124 572
124 562
124 552
129 542
137 534
146 529
154 522
162 514
170 506
178 499
185 491
190 481
198 474
202 464
212 459
222 459
232 459
241 454
251 454
261 454
271 454
281 454
290 449
300 449
310 449
320 449
329 444
339 444
349 444
359 444
368 439
378 439
388 439
398 439
407 434
417 434
427 434
437 434
447 434
457 434
467 434
477 434
487 434
497 429
494 412
494 402
494 392
502 384
511 379
520 374
530 371
540 366
550 364
559 359
569 359
579 359
589 359
599 359
609 359
618 354
625 346
633 339
640 331
648 324
655 316
663 309
672 304
680 296
688 289
695 281
703 274
710 266
718 259
725 251
733 244
742 239
750 231
760 226
770 221
780 219
789 214
798 209
808 209
817 204
827 204
836 199
846 199
856 199
866 199
875 204
885 204
895 204
904 199
914 199
924 199
934 199
944 199
953 194
963 194
973 194
983 194
993 194
1002 189
1012 189
1022 189
1032 189
1042 189
1052 189
1062 189
1072 189
1082 189
1092 189
1102 189
1112 189
1122 189
1132 189
1142 189
1152 189
1162 189
1172 189
1182 189
1192 189
1202 189
1212 189
1222 189
1232 189
1242 189
1251 194
1261 194
1271 194
1281 194
1291 194
1301 194
1310 199
1320 199
1330 199
1340 199
1350 199
1360 202
1370 204
1380 204
1390 204
1400 204
1410 204
1419 209
1429 209
1439 209
1449 211
1458 216
1468 220
1475 228
1485 232
1493 239
1502 244
1509 252
1519 256
1525 264
1533 270
1540 278
1545 287
1552 295
1560 302
1567 310
1572 319
1579 327
1587 334
1594 342
1599 351
1605 359
1613 365
1620 373
1625 382
1634 387
1642 394
1649 402
1657 409
1666 414
1675 419
1685 419
1695 419
1705 419
1715 419
1725 419
1735 419
1745 419
1755 419
1765 419
1775 422
1784 427
1792 434
1799 442
1807 449
1810 459
1815 468
1820 477
1825 486
1830 495
1835 504
1840 513
1840 523
1845 532
1845 542
1845 552
1845 562
1840 575
1840 585
1840 595
1840 605
1840 615
1840 625
1840 635
1840 645
1840 655
1838 668
1830 675
1823 688
1815 695
1808 703
1800 710
1791 715
1782 720
1772 724
1762 725
1753 730
1743 730
1734 735
1724 735
1714 735
1705 740
1705 750
1700 760
1695 770
1689 782
1684 792
1674 797
1664 802
1654 805
1644 805
1635 810
1625 810
1615 810
1605 810
1595 810
1585 810
1575 810
1565 807
1555 805
1546 800
1536 799
1527 794
1519 787
1514 778
1507 770
1498 765
1488 765
1478 765
1468 765
1458 765
1448 765
1438 765
1428 765
1418 765
1408 765
1398 765
1388 765
1378 768
1368 770
1358 770
1348 770
1338 770
1328 773
1318 775
1308 775
1298 775
1288 775
1278 775
1269 780
1259 780
1249 780
1239 780
1229 780
1219 780
1209 780
1199 780
1189 780
1179 780
1170 785
1160 785
1150 785
1140 785
1130 785
1120 785
1110 790
1101 795
1091 795
1082 800
1073 805
1063 808
1053 813
1045 820
1038 828
1033 838
1025 845
1015 850
1006 855
996 855
986 855
977 860
967 860
957 860
947 860
937 860
927 860
917 860
907 860
897 860
887 860
877 860
867 860
857 860
847 859
837 855
827 855
817 855
810 847
804 839
801 829
799 819
797 809
792 800
785 792
775 790
765 790
756 795
746 795
736 795
726 795
716 795
707 800
697 800
687 800
677 800
667 800
657 800
647 800
637 800
627 800
617 800
607 800
597 800
587 800
577 800
567 800
557 800
547 800
537 800
527 800
517 800
507 800
497 800
488 795
478 795
468 795
458 795
449 800
440 805
433 818
425 825
418 838
410 845
400 850
390 855
380 860
370 860
360 860
350 860
340 860
330 860
320 860
310 860
300 860
291 855
281 855
272 850
262 850
253 845
244 840
235 835
227 829
217 825
210 817
200 813
193 805
184 800
176 793
171 784
166 775
157 770
147 770
137 770
127 770
117 770
107 769
99 762
95 752
90 743
89 733
84 724
84 714
79 705
79 695
74 686
69 677
