194 757
194 747
199 732
199 722
204 712
212 704
220 696
224 677
224 667
224 657
224 647
224 637
224 627
224 617
224 607
224 597
224 587
229 577
229 567
234 557
242 549
250 541
258 534
267 529
277 529
287 529
296 524
306 524
316 524
325 519
335 519
345 519
355 519
364 514
374 514
384 514
393 509
403 509
413 509
423 509
433 509
442 504
452 504
462 504
472 499
482 499
492 499
501 494
511 494
521 494
531 494
541 494
551 490
561 489
571 489
581 489
590 484
600 484
610 484
620 484
629 479
639 479
649 479
659 477
669 474
679 474
689 474
698 469
708 469
718 469
728 469
738 469
747 464
757 464
767 459
777 459
787 459
796 454
805 449
814 442
822 434
830 426
838 419
842 409
850 401
858 394
865 386
873 379
880 371
888 364
895 356
903 349
910 341
915 331
923 324
930 316
940 311
948 304
952 294
960 286
968 279
977 274
985 266
993 259
1002 254
1010 246
1018 239
1028 239
1037 234
1047 234
1056 229
1066 229
1076 225
1086 224
1096 224
1106 224
1116 224
1125 219
1135 219
1145 219
1155 219
1165 219
1175 219
1185 219
1194 214
1204 214
1214 214
1224 214
1233 219
1243 219
1253 219
1263 219
1273 219
1283 219
1292 224
1302 224
1312 224
1322 224
1332 224
1342 224
1352 224
1361 229
1371 229
1381 229
1391 229
1401 229
1411 229
1421 229
1430 234
1440 234
1450 234
1460 234
1470 234
1480 234
1490 234
1500 234
1509 239
1519 239
1529 239
1539 239
1549 239
1559 239
1569 239
1579 239
1588 244
1598 244
1608 244
1618 244
1628 244
1638 244
1648 245
1658 249
1668 249
1678 249
1688 249
1698 249
1708 249
1718 249
1728 249
1737 254
1747 254
1757 254
1767 254
1777 254
1786 259
1796 259
1806 259
1816 259
1826 259
1836 259
1845 264
1855 264
1865 264
1875 264
1885 264
1894 269
1904 269
1914 269
1924 269
1934 269
1944 271
1954 274
1964 274
1974 276
1984 279
1994 281
2003 286
2010 294
2019 299
2027 305
2035 312
2042 320
2050 327
2057 335
2065 342
2072 350
2080 357
2084 367
2090 375
2095 384
2100 393
2108 400
2112 410
2117 419
2124 427
2129 436
2135 444
2140 453
2148 460
2155 468
2160 477
2167 485
2172 494
2175 504
2183 510
2190 518
2195 527
2200 536
2205 545
2210 554
2215 563
2223 570
2230 578
2235 587
2240 596
2245 605
2250 614
2255 623
2263 630
2267 640
2272 649
2275 659
2280 668
2280 678
2285 687
2289 697
2290 707
2290 717
2290 727
2290 737
2290 747
2290 757
2290 767
2290 777
2290 787
2290 797
2290 807
2285 825
2287 835
2290 845
2295 854
2300 863
2300 873
2305 882
2309 892
2305 905
2305 915
2300 930
2300 940
2292 949
2284 957
2274 962
2264 967
2254 970
2244 970
2234 970
2224 970
2214 970
2204 970
2195 975
2188 983
2180 990
2180 1000
2175 1010
2170 1020
2165 1035
2160 1045
2153 1058
2145 1065
2138 1073
2130 1080
2122 1089
2113 1095
2104 1100
2095 1105
2085 1110
2075 1115
2065 1115
2055 1115
2045 1115
2035 1120
2025 1120
2015 1117
2005 1115
1995 1115
1986 1110
1977 1105
1967 1104
1957 1100
1948 1095
1940 1088
1934 1080
1924 1077
1917 1069
1909 1062
1905 1052
1899 1044
1894 1035
1889 1026
1884 1017
1884 1007
1880 997
1875 988
1874 978
1867 970
1857 969
1847 965
1837 965
1828 970
1818 970
1809 965
1799 965
1789 965
1779 965
1769 965
1759 965
1749 965
1739 965
1729 965
1719 965
1709 965
1699 965
1689 965
1679 965
1670 970
1660 970
1651 975
1642 980
1634 987
1624 990
1615 995
1605 1000
1595 1005
1585 1010
1576 1015
1566 1015
1556 1015
1547 1020
1538 1015
1528 1015
1519 1010
1509 1010
1500 1005
1490 1003
1484 995
1475 990
1467 984
1459 977
1450 972
1440 970
1430 970
1423 978
1415 985
1410 1000
1405 1015
1400 1025
1395 1035
1393 1048
1385 1055
1380 1065
1373 1073
1368 1083
1360 1090
1352 1104
1344 1110
1335 1115
1327 1124
1317 1129
1309 1137
1299 1142
1289 1147
1279 1152
1269 1155
1260 1160
1250 1160
1240 1160
1231 1165
1221 1165
1211 1165
1201 1165
1192 1160
1182 1160
1172 1159
1162 1155
1152 1155
1143 1150
1134 1145
1124 1145
1115 1140
1106 1135
1097 1130
1090 1122
1082 1115
1073 1110
1065 1103
1059 1095
1051 1088
1046 1079
1039 1071
1034 1062
1029 1053
1024 1044
1019 1035
1019 1025
1014 1016
1014 1006
1009 997
1009 987
1004 978
998 970
989 965
980 960
970 960
960 960
950 960
940 957
930 955
920 955
910 955
900 955
891 950
881 950
871 950
861 950
851 950
841 950
831 950
822 945
812 945
802 945
792 945
782 945
773 940
763 940
753 940
743 940
734 935
724 935
714 935
704 935
694 935
684 935
674 935
664 935
654 935
644 935
635 940
627 949
619 955
610 960
603 968
593 973
585 980
575 980
566 985
556 985
547 990
537 990
527 990
517 990
507 990
498 985
488 985
479 980
469 980
461 973
451 969
442 964
434 957
427 949
419 942
415 932
409 924
404 915
395 910
386 905
376 903
366 900
356 900
347 895
337 895
328 890
319 885
309 882
300 877
292 870
285 862
277 855
273 845
265 838
258 830
249 825
239 822
230 817
222 810
215 802
209 794
204 785
199 776
199 766
