159 602
159 592
164 582
164 572
164 562
164 552
164 542
164 532
172 524
180 516
188 509
198 509
208 509
217 504
227 504
236 499
245 494
254 487
262 479
272 474
281 469
289 462
297 454
307 449
315 441
325 436
333 429
342 424
350 416
360 411
370 406
378 399
387 394
396 389
404 382
412 374
422 369
432 364
440 356
450 351
460 346
468 339
477 334
487 329
497 324
507 324
516 319
524 312
534 307
544 302
554 299
563 294
572 289
582 284
592 279
602 274
612 269
622 269
632 264
642 264
651 259
660 254
670 251
680 249
690 249
699 244
709 242
719 239
729 239
739 239
749 239
758 234
768 234
778 234
788 234
798 234
807 229
817 229
827 229
837 229
847 229
857 229
867 229
877 229
887 229
897 229
907 229
917 229
927 229
936 224
946 224
956 224
966 224
976 224
986 224
995 219
1004 224
1013 219
1014 207
1014 197
1019 182
1019 172
1024 162
1024 152
1029 137
1029 127
1037 119
1045 111
1053 104
1063 104
1073 104
1083 104
1093 104
1103 104
1112 109
1122 109
1129 117
1134 126
1135 136
1135 146
1135 156
1135 166
1138 176
1140 186
1145 195
1145 205
1150 214
1158 220
1168 224
1178 224
1188 224
1198 225
1208 229
1218 229
1228 229
1238 229
1248 229
1257 234
1267 234
1277 234
1286 239
1295 244
1305 244
1315 244
1324 249
1334 251
1343 256
1353 259
1362 264
1371 269
1380 274
1389 279
1399 281
1405 289
1414 294
1423 299
1432 304
1441 309
1449 316
1455 324
1463 330
1470 338
1478 344
1487 349
1496 354
1504 361
1513 366
1520 374
1528 380
1535 388
1543 395
1550 403
1558 410
1565 418
1573 425
1580 433
1588 440
1595 448
1603 454
1613 454
1623 454
1633 454
1642 459
1652 459
1662 459
1672 459
1681 464
1691 464
1700 469
1710 469
1720 469
1730 469
1740 469
1750 472
1760 474
1770 474
1780 474
1790 477
1800 479
1810 479
1820 479
1830 479
1840 482
1850 484
1860 484
1870 487
1880 489
1890 489
1900 489
1909 494
1919 494
1929 494
1939 496
1949 499
1959 499
1969 499
1978 504
1988 504
1998 505
2008 509
2018 509
2027 514
2037 514
2046 519
2056 519
2066 519
2075 524
2085 524
2094 529
2104 531
2114 534
2123 539
2133 540
2143 544
2152 549
2161 554
2170 559
2180 562
2188 569
2197 574
2206 579
2214 586
2220 594
2230 597
2237 605
2245 612
2252 620
2257 629
2264 637
2272 644
2279 652
2284 661
2288 671
2290 681
2295 690
2295 700
2300 709
2300 719
2300 729
2300 739
2300 749
2305 758
2300 770
2300 780
2300 790
2300 800
2305 809
2305 819
2310 828
2315 837
2320 846
2320 856
2320 866
2315 875
2310 890
2305 905
2298 913
2290 920
2280 925
2272 934
2264 940
2255 945
2247 954
2238 960
2229 965
2219 967
2209 972
2199 975
2189 975
2180 980
2170 980
2160 980
2150 985
2140 985
2131 990
2121 990
2111 990
2102 995
2092 995
2083 1000
2073 1000
2063 1003
2053 1005
2043 1005
2034 1010
2024 1010
2014 1010
2005 1015
1995 1015
1985 1020
1977 1029
1967 1034
1959 1040
1949 1042
1941 1050
1931 1050
1922 1055
1912 1055
1902 1055
1892 1055
1882 1055
1872 1054
1862 1050
1852 1050
1843 1045
1833 1045
1823 1045
1813 1045
1803 1045
1793 1045
1783 1045
1774 1050
1764 1050
1754 1050
1744 1052
1734 1055
1724 1055
1714 1055
1705 1050
1695 1050
1685 1050
1676 1045
1666 1045
1656 1045
1646 1045
1636 1045
1626 1045
1616 1045
1606 1045
1596 1045
1586 1045
1577 1040
1567 1040
1557 1040
1547 1040
1537 1040
1527 1040
1517 1040
1507 1040
1497 1040
1488 1035
1478 1035
1468 1035
1458 1035
1449 1030
1439 1030
1429 1030
1419 1030
1409 1030
1400 1025
1390 1025
1380 1025
1370 1022
1360 1020
1350 1025
1340 1025
1333 1033
1325 1040
1318 1048
1310 1055
1303 1063
1295 1070
1288 1078
1280 1085
1270 1090
1261 1095
1252 1100
1243 1105
1234 1110
1224 1110
1215 1115
1206 1120
1196 1120
1186 1120
1176 1120
1166 1118
1156 1115
1146 1115
1137 1110
1127 1110
1118 1105
1109 1100
1100 1095
1090 1092
1082 1085
1073 1080
1065 1073
1058 1065
1050 1058
1043 1050
1035 1043
1029 1035
1024 1026
1019 1017
1014 1008
1011 998
1006 989
1004 979
999 970
990 965
981 960
971 960
961 958
951 955
941 955
932 950
922 950
912 950
903 945
893 945
884 940
874 940
864 940
855 935
845 935
835 932
825 930
815 930
805 927
795 925
785 925
775 922
765 920
755 917
745 915
735 915
725 912
715 910
705 910
696 905
686 905
676 905
666 903
656 900
646 900
636 898
626 895
616 895
607 890
597 890
587 889
577 885
568 890
559 895
550 900
545 910
535 915
527 924
519 930
510 935
501 940
491 940
482 945
472 949
462 954
452 955
442 955
432 955
422 955
412 955
403 950
393 950
384 945
375 940
366 935
357 930
350 922
340 918
334 910
326 904
319 896
314 887
309 878
304 869
299 860
299 850
294 841
294 831
289 822
282 814
272 810
262 810
252 810
242 810
233 805
223 805
214 800
205 795
197 789
187 785
180 777
174 769
169 760
169 750
164 741
164 731
164 721
159 712
159 702
159 692
159 682
159 672
159 662
159 652
159 642
159 632
159 622
159 612
