89 717
89 707
94 697
94 687
99 677
107 669
115 661
123 654
132 649
142 644
149 632
154 617
154 607
159 592
159 582
159 572
159 562
164 552
169 537
174 527
182 519
190 511
198 504
207 499
216 494
226 494
235 489
245 489
255 486
265 484
275 481
285 479
295 479
304 474
314 474
324 472
334 469
344 469
353 464
363 464
372 459
382 459
392 454
402 454
412 454
421 449
431 449
441 445
451 444
460 439
470 439
479 434
489 434
499 432
509 429
519 429
529 427
539 424
549 422
559 419
569 419
579 417
589 414
599 414
608 409
618 409
628 409
637 404
647 404
656 399
666 399
676 399
685 394
695 394
705 394
714 389
724 389
734 389
743 384
753 384
763 384
773 384
782 379
792 379
802 379
812 379
821 374
831 370
841 369
849 362
857 354
867 349
872 339
880 331
885 321
893 314
900 306
908 299
915 291
920 281
928 274
932 264
940 256
948 249
955 241
960 231
968 224
975 216
983 209
989 197
997 189
1006 184
1014 177
1022 169
1030 161
1038 154
1045 146
1053 139
1062 134
1070 126
1080 121
1088 114
1097 109
1107 109
1116 104
1125 99
1135 99
1144 94
1154 94
1164 94
1174 94
1184 94
1194 94
1204 94
1214 94
1224 94
1234 94
1243 99
1253 99
1263 99
1273 99
1283 99
1293 99
1303 99
1312 104
1322 104
1332 104
1342 104
1352 104
1362 104
1372 104
1382 104
1392 104
1402 104
1412 104
1422 104
1432 104
1442 104
1452 104
1461 109
1471 109
1481 109
1491 109
1501 109
1511 109
1520 114
1530 114
1540 114
1550 114
1560 114
1570 114
1580 114
1590 114
1600 117
1610 119
1620 119
1630 119
1640 119
1650 119
1660 119
1670 122
1680 121
1690 122
1700 124
1710 127
1720 129
1730 129
1740 129
1750 129
1760 129
1769 134
1779 134
1789 134
1798 139
1808 139
1818 139
1828 139
1838 139
1848 140
1858 144
1868 145
1878 149
1888 149
1898 149
1908 149
1918 150
1928 154
1938 154
1948 154
1958 154
1968 154
1978 155
1988 159
1998 159
2008 160
2018 164
2028 164
2038 164
2047 169
2057 169
2067 169
2076 174
2085 179
2094 184
2103 189
2112 194
2121 199
2129 206
2135 214
2143 220
2150 228
2158 235
2165 243
2170 252
2177 260
2185 267
2190 276
2196 284
2204 291
2210 299
2215 308
2223 315
2230 323
2235 332
2240 341
2246 349
2254 356
2258 366
2265 374
2270 383
2278 390
2282 400
2290 407
2294 417
2299 426
2305 434
2310 443
2315 452
2320 461
2325 470
2330 479
2330 489
2338 495
2342 505
2345 515
2350 524
2358 530
2360 540
2365 549
2365 559
2370 568
2370 578
2370 588
2375 597
2375 607
2375 617
2375 627
2375 637
2375 647
2375 657
2370 675
2370 685
2370 695
2370 705
2365 720
2365 730
2370 739
2370 749
2375 758
2380 767
2380 777
2385 786
2380 795
2380 805
2372 814
2367 824
2362 834
2354 842
2344 847
2334 852
2324 855
2315 860
2308 868
2300 875
2300 885
2295 895
2290 905
2288 918
2283 928
2275 935
2268 948
2260 955
2255 965
2248 973
2240 980
2232 989
2222 994
2214 1000
2205 1005
2196 1010
2187 1015
2177 1019
2167 1020
2157 1020
2147 1020
2138 1025
2128 1025
2118 1025
2108 1025
2098 1025
2089 1020
2079 1020
2070 1015
2060 1012
2052 1005
2043 1000
2035 993
2028 985
2020 978
2014 970
2009 961
2004 952
2000 942
1992 935
1983 930
1974 925
1964 927
1954 930
1944 930
1934 930
1924 930
1915 935
1905 935
1895 935
1886 940
1876 940
1866 940
1856 940
1847 945
1837 945
1828 950
1818 950
1808 950
1798 950
1788 953
1778 955
1768 955
1758 955
1749 960
1739 960
1729 960
1719 960
1709 962
1699 965
1689 965
1679 967
1669 970
1659 970
1650 975
1640 975
1630 975
1620 975
1610 980
1600 980
1590 980
1580 980
1570 985
1560 985
1551 990
1541 990
1531 990
1522 995
1512 995
1503 1000
1493 1000
1483 1000
1474 1005
1465 1010
1458 1018
1450 1025
1445 1040
1440 1050
1435 1060
1430 1070
1423 1083
1415 1090
1410 1100
1403 1108
1395 1115
1388 1123
1380 1130
1372 1139
1364 1145
1355 1150
1346 1155
1337 1160
1327 1164
1319 1170
1310 1175
1300 1175
1290 1180
1281 1185
1271 1185
1261 1185
1252 1190
1242 1190
1232 1190
1222 1189
1212 1185
1202 1185
1193 1180
1183 1180
1174 1175
1165 1170
1155 1167
1145 1163
1138 1155
1130 1148
1124 1140
1114 1137
1107 1129
1102 1120
1095 1112
1090 1103
1084 1095
1079 1086
1079 1076
1074 1067
1070 1057
1062 1050
1053 1045
1043 1045
1033 1045
1023 1045
1013 1045
1003 1045
993 1048
983 1050
973 1050
963 1050
953 1050
943 1050
933 1050
924 1045
914 1045
904 1045
894 1045
884 1045
874 1045
865 1040
855 1040
845 1040
836 1035
826 1035
817 1030
807 1030
797 1030
787 1030
778 1025
768 1025
758 1025
749 1020
739 1020
729 1020
719 1017
710 1012
700 1010
691 1005
681 1003
671 1000
661 999
652 994
642 990
632 990
622 990
612 990
603 985
593 985
584 980
574 982
564 985
554 987
544 992
534 995
524 997
514 1000
504 1002
494 1005
484 1005
474 1005
464 1005
454 1005
445 1000
435 1000
425 997
415 995
406 990
396 989
389 981
381 975
372 970
365 962
357 955
350 947
344 939
339 930
331 924
322 919
312 915
303 910
293 910
284 905
274 905
265 900
255 898
246 893
236 890
227 885
218 880
209 875
201 869
194 861
186 855
177 850
173 840
165 833
159 825
151 819
147 809
139 802
134 793
128 785
120 778
113 770
105 763
99 755
94 746
94 736
89 727
