334 642
334 632
339 622
339 612
344 602
349 592
357 584
365 576
373 569
380 561
388 554
395 546
405 541
413 534
422 529
430 521
440 516
448 509
457 504
467 499
476 494
485 489
494 484
503 479
513 479
522 474
532 469
542 469
552 469
562 464
572 464
581 459
591 455
601 454
611 454
621 454
631 450
641 449
651 449
661 445
671 444
680 439
690 439
700 439
709 434
719 434
729 434
739 434
749 432
759 429
769 429
779 429
789 429
799 429
809 427
819 424
829 424
839 424
849 424
859 424
869 424
879 422
889 419
899 419
908 424
918 424
928 424
938 424
948 424
958 424
968 424
978 424
988 424
998 424
1008 424
1018 424
1028 424
1038 424
1047 419
1057 414
1067 409
1075 401
1083 394
1092 389
1102 384
1110 376
1120 371
1130 366
1138 359
1147 354
1155 346
1165 341
1173 334
1182 329
1192 324
1202 319
1212 314
1221 309
1229 302
1239 297
1249 294
1258 289
1267 284
1277 279
1287 279
1296 274
1305 269
1315 269
1324 264
1334 262
1344 259
1354 257
1364 254
1374 254
1384 254
1393 249
1403 249
1413 249
1422 254
1432 254
1442 254
1452 254
1462 254
1472 254
1482 254
1492 254
1502 254
1511 259
1521 259
1531 259
1541 259
1550 264
1560 264
1570 264
1580 264
1590 264
1600 264
1610 264
1619 269
1628 264
1637 269
1647 269
1657 269
1666 274
1676 274
1686 274
1696 274
1706 274
1715 279
1725 279
1735 282
1745 284
1755 284
1765 284
1775 284
1784 289
1794 289
1804 289
1813 294
1823 294
1833 294
1842 299
1852 299
1861 304
1871 304
1881 304
1890 309
1900 309
1909 314
1919 314
1929 316
1939 319
1948 324
1958 324
1967 329
1977 329
1986 334
1996 334
2005 339
2015 342
2024 347
2034 351
2043 356
2053 359
2063 360
2070 368
2080 369
2088 375
2097 380
2105 387
2115 389
2124 394
2132 400
2140 407
2149 412
2157 419
2166 424
2175 429
2185 432
2194 437
2202 444
2211 449
2219 456
2225 464
2235 467
2243 474
2252 479
2259 487
2267 494
2274 502
2284 506
2290 514
2298 520
2305 528
2313 535
2320 543
2328 550
2335 558
2343 565
2350 573
2358 580
2367 585
2375 592
2382 600
2387 609
2394 617
2402 624
2409 632
2414 641
2418 651
2425 659
2430 668
2438 675
2440 685
2445 694
2445 704
2450 713
2450 723
2455 732
2450 750
2450 760
2445 775
2440 785
2435 800
2430 810
2425 825
2420 835
2420 845
2420 855
2415 865
2413 883
2408 893
2400 900
2391 905
2382 910
2372 910
2362 914
2352 915
2343 920
2334 925
2325 930
2320 940
2320 950
2313 958
2308 968
2303 978
2295 985
2288 993
2283 1003
2275 1010
2268 1018
2260 1025
2253 1033
2245 1040
2236 1045
2227 1050
2218 1055
2209 1060
2199 1060
2190 1065
2180 1065
2171 1070
2161 1070
2151 1070
2141 1070
2131 1070
2121 1070
2111 1070
2101 1070
2092 1065
2083 1060
2074 1055
2064 1052
2055 1047
2047 1040
2040 1032
2032 1025
2025 1017
2017 1010
2010 1002
2004 994
1999 985
1998 975
1990 968
1983 960
1973 960
1964 955
1954 955
1944 957
1934 960
1924 960
1914 960
1905 965
1895 965
1885 965
1875 965
1866 970
1856 970
1846 970
1836 970
1827 975
1817 975
1807 975
1797 975
1787 975
1777 979
1767 980
1757 980
1747 980
1737 980
1728 985
1718 985
1708 985
1698 985
1688 985
1678 985
1668 985
1659 990
1649 990
1639 990
1629 990
1619 990
1609 990
1599 990
1589 990
1579 990
1569 990
1559 990
1549 992
1539 995
1530 1000
1523 1008
1515 1015
1510 1030
1503 1038
1498 1048
1490 1055
1483 1063
1475 1070
1468 1078
1460 1085
1451 1090
1442 1095
1434 1102
1424 1107
1414 1112
1404 1117
1394 1120
1385 1125
1375 1125
1366 1130
1357 1135
1347 1135
1337 1139
1327 1140
1317 1140
1307 1140
1297 1140
1287 1140
1277 1139
1267 1135
1257 1135
1248 1130
1238 1130
1229 1125
1219 1122
1210 1117
1200 1115
1192 1109
1182 1105
1175 1097
1167 1090
1160 1082
1154 1074
1149 1065
1141 1058
1136 1049
1129 1041
1129 1031
1124 1022
1124 1012
1119 1003
1112 995
1103 990
1094 985
1084 985
1074 985
1064 985
1054 985
1044 985
1035 980
1025 980
1015 980
1005 977
995 975
985 975
975 975
965 975
955 975
945 972
935 970
925 970
915 970
906 965
896 965
886 963
876 960
866 960
857 955
847 955
837 954
827 950
817 949
807 945
797 944
787 940
777 939
767 935
757 935
747 935
737 935
727 939
719 945
710 950
700 950
691 955
681 955
671 955
662 960
652 960
642 960
632 960
623 955
614 950
604 950
595 945
585 942
575 938
569 930
559 927
552 919
547 910
540 902
532 895
529 885
521 879
517 869
512 860
503 855
494 850
484 847
475 842
465 838
459 830
449 826
441 820
432 815
425 807
417 800
410 792
402 785
395 777
389 769
384 760
376 753
371 744
364 736
359 727
354 718
349 709
344 700
339 691
334 682
334 672
334 662
334 652
