669 1162
669 1152
674 1142
682 1134
690 1126
698 1119
707 1114
717 1114
726 1109
736 1109
746 1109
756 1109
765 1114
775 1114
785 1117
795 1119
804 1124
814 1124
824 1124
834 1124
844 1124
844 1111
839 1102
832 1094
827 1085
824 1075
819 1066
819 1056
819 1046
814 1037
814 1027
814 1017
814 1007
819 992
819 982
824 967
829 957
834 947
839 932
844 917
849 902
854 890
854 880
854 870
854 860
854 850
854 840
854 830
852 820
848 810
838 808
828 813
820 820
813 828
803 833
795 840
787 849
779 855
770 860
760 860
752 854
744 847
744 837
744 827
744 817
749 807
749 797
749 787
754 772
754 762
754 752
759 737
759 727
759 717
759 707
759 697
764 687
764 677
764 667
764 657
764 647
769 637
774 627
774 617
779 607
779 597
784 582
789 572
794 557
794 547
799 537
804 527
809 512
814 497
819 487
827 479
829 466
824 457
819 448
814 439
809 430
801 423
791 420
782 415
775 407
767 400
764 390
759 381
754 372
754 362
754 352
754 342
754 332
754 322
754 312
754 302
759 292
764 277
769 267
777 259
782 249
790 241
795 231
800 221
808 214
815 206
825 201
835 199
845 199
855 199
865 199
875 199
885 199
894 204
904 204
914 206
924 209
933 214
942 219
949 227
957 234
964 242
972 249
975 259
980 268
985 277
990 286
990 296
990 306
993 316
995 326
995 336
995 346
998 356
1005 364
1015 364
1025 364
1035 361
1040 351
1048 344
1049 332
1054 317
1059 307
1067 299
1075 291
1083 284
1092 279
1102 274
1111 269
1120 264
1130 264
1140 264
1150 264
1160 264
1170 264
1180 264
1190 267
1200 269
1210 269
1220 269
1230 269
1240 269
1250 272
1257 280
1262 289
1265 299
1270 308
1275 317
1280 326
1280 336
1280 346
1285 355
1290 364
1290 374
1295 383
1295 393
1295 403
1295 413
1295 423
1295 433
1295 443
1295 453
1293 468
1288 478
1280 485
1270 490
1260 495
1250 495
1242 504
1232 509
1222 510
1212 514
1202 515
1193 520
1183 523
1173 525
1164 530
1154 530
1145 535
1135 535
1125 535
1115 535
1105 535
1105 545
1105 555
1103 568
1098 578
1090 585
1085 595
1078 603
1070 610
1065 620
1055 625
1048 633
1043 643
1033 648
1028 658
1020 665
1028 671
1038 674
1047 679
1057 679
1066 684
1076 684
1085 689
1093 695
1100 703
1108 710
1115 718
1123 725
1127 735
1130 745
1135 754
1140 763
1145 772
1155 774
1165 774
1175 774
1185 774
1195 774
1205 774
1215 774
1225 774
1235 777
1242 785
1245 795
1245 805
1238 813
1228 815
1218 815
1209 810
1200 805
1190 805
1180 805
1180 815
1182 825
1187 834
1188 848
1180 855
1170 852
1165 843
1159 835
1151 829
1144 821
1139 812
1132 804
1127 795
1120 787
1112 780
1108 770
1100 763
1093 755
1085 748
1079 740
1071 733
1065 725
1055 725
1045 725
1035 725
1035 735
1035 745
1035 755
1040 764
1040 774
1045 783
1045 793
1050 802
1050 812
1050 822
1055 831
1055 841
1058 851
1060 861
1060 871
1063 881
1065 891
1068 901
1073 910
1077 920
1082 929
1089 937
1097 944
1100 954
1108 960
1115 968
1125 969
1135 969
1145 972
1155 974
1165 974
1175 974
1185 974
1195 974
1205 974
1215 971
1223 964
1232 959
1240 951
1248 944
1257 939
1262 929
1264 917
1269 907
1269 897
1274 882
1274 872
1274 862
1279 852
1279 842
1279 832
1284 822
1284 812
1289 797
1289 787
1289 777
1289 767
1294 752
1294 742
1299 732
1304 722
1312 714
1321 709
1330 704
1340 701
1350 699
1360 702
1369 707
1374 717
1364 722
1354 725
1345 730
1340 740
1335 755
1330 770
1330 780
1330 790
1330 800
1330 810
1330 820
1330 830
1330 840
1330 850
1330 860
1330 870
1325 880
1325 890
1320 905
1315 915
1310 930
1305 940
1297 949
1292 959
1284 965
1275 970
1265 975
1255 980
1247 989
1237 994
1227 999
1218 1005
1209 1010
1200 1015
1190 1015
1180 1020
1170 1020
1160 1025
1150 1025
1140 1025
1130 1025
1120 1025
1110 1025
1100 1025
1090 1025
1085 1035
1083 1048
1078 1058
1070 1065
1060 1070
1053 1078
1045 1085
1035 1090
1030 1100
1030 1110
1030 1120
1040 1124
1050 1124
1060 1124
1070 1124
1080 1124
1090 1124
1100 1121
1110 1119
1119 1114
1129 1112
1139 1109
1149 1109
1159 1109
1169 1109
1179 1109
1189 1109
1198 1114
1207 1119
1214 1127
1219 1136
1220 1146
1217 1159
1212 1169
1204 1177
1194 1180
1184 1180
1174 1180
1164 1180
1154 1180
1144 1180
1134 1180
1124 1180
1115 1175
1105 1175
1095 1175
1086 1170
1076 1170
1066 1170
1056 1170
1046 1170
1036 1170
1026 1170
1016 1170
1006 1170
996 1170
986 1170
976 1169
969 1161
964 1152
969 1142
974 1132
979 1122
984 1107
984 1097
989 1087
989 1077
994 1060
994 1050
990 1040
980 1040
970 1040
960 1040
950 1040
940 1040
930 1040
920 1040
910 1040
900 1040
890 1040
880 1040
880 1050
880 1060
880 1070
880 1080
880 1090
880 1100
885 1109
885 1119
890 1128
895 1137
895 1147
894 1162
886 1170
877 1175
867 1175
857 1175
847 1175
837 1175
827 1175
817 1175
807 1175
797 1175
787 1175
777 1175
767 1175
757 1175
747 1175
737 1175
727 1175
717 1175
707 1175
697 1179
687 1180
677 1179
669 1172
