669 1152
669 1142
674 1132
684 1127
694 1124
704 1124
714 1124
724 1124
734 1124
744 1126
754 1129
764 1129
774 1129
784 1129
794 1129
804 1129
814 1129
824 1129
834 1129
844 1129
854 1129
859 1111
859 1101
854 1092
849 1083
842 1075
835 1067
827 1060
824 1050
824 1040
819 1031
819 1021
814 1012
814 1002
814 992
814 982
814 972
819 962
819 952
819 942
819 932
824 917
824 907
829 897
829 887
834 877
839 867
847 859
849 845
849 835
849 825
844 816
838 808
828 813
820 820
811 825
802 830
793 835
783 835
773 835
763 835
754 830
749 821
744 812
749 797
749 787
749 777
749 767
749 757
754 747
754 737
759 722
764 707
769 692
769 682
774 667
774 657
779 642
779 632
784 622
784 612
784 602
784 592
789 577
789 567
789 557
794 542
799 532
804 517
809 507
809 497
814 487
819 474
817 464
807 460
798 455
789 450
781 444
774 436
769 427
769 417
769 407
769 397
769 387
769 377
769 367
769 357
769 347
769 337
769 327
769 317
774 307
774 297
779 287
784 272
789 257
794 247
802 239
810 231
815 221
825 216
835 211
845 209
855 209
865 209
875 209
885 209
895 209
905 212
915 214
925 217
935 219
945 222
954 227
964 231
973 236
980 244
985 253
990 262
995 271
1000 280
1005 289
1010 298
1015 307
1015 317
1015 327
1015 337
1015 347
1015 357
1023 364
1033 364
1043 364
1049 347
1049 337
1054 327
1059 317
1067 309
1072 299
1082 294
1090 286
1098 279
1107 274
1117 269
1127 264
1137 259
1147 259
1157 259
1167 259
1177 259
1187 259
1197 259
1207 259
1217 259
1226 264
1236 264
1246 264
1255 269
1263 275
1270 283
1275 292
1280 301
1285 310
1290 319
1290 329
1290 339
1290 349
1290 359
1290 369
1290 379
1290 389
1290 399
1290 409
1290 419
1290 429
1290 439
1285 455
1280 470
1275 485
1270 495
1261 500
1252 505
1242 509
1232 514
1222 515
1212 515
1202 515
1193 520
1184 525
1175 530
1165 530
1155 535
1145 535
1135 535
1125 535
1115 535
1105 535
1105 545
1100 560
1095 575
1090 585
1090 595
1083 603
1075 610
1070 620
1062 629
1054 635
1045 640
1038 648
1030 655
1020 660
1010 665
1000 670
1005 679
1015 679
1025 679
1035 679
1044 684
1054 684
1064 684
1074 684
1084 686
1093 691
1100 699
1108 705
1115 713
1120 722
1127 730
1132 739
1135 749
1144 754
1154 754
1164 754
1174 754
1184 754
1194 754
1204 754
1213 759
1223 760
1230 768
1235 777
1230 795
1222 809
1214 815
1204 815
1194 815
1184 815
1175 820
1170 835
1160 845
1150 845
1142 839
1132 835
1125 827
1120 818
1116 808
1111 799
1109 789
1104 780
1094 777
1089 768
1082 760
1079 750
1070 745
1060 745
1050 745
1040 745
1030 750
1030 760
1030 770
1032 780
1035 790
1035 800
1037 810
1040 820
1040 830
1045 839
1045 849
1045 859
1050 868
1050 878
1055 887
1059 897
1060 907
1065 916
1068 926
1073 935
1075 945
1080 954
1088 960
1098 964
1108 964
1118 964
1127 959
1137 959
1147 959
1157 959
1166 954
1176 954
1185 949
1195 949
1205 946
1215 944
1225 941
1235 936
1245 934
1249 917
1249 907
1249 897
1254 887
1259 872
1259 862
1264 847
1264 837
1269 822
1269 812
1274 802
1279 787
1284 777
1284 767
1289 757
1294 747
1299 737
1304 727
1312 719
1317 709
1325 701
1333 694
1342 689
1352 684
1362 684
1372 684
1382 684
1389 692
1394 702
1386 710
1377 715
1369 722
1359 727
1349 730
1340 735
1335 745
1330 755
1330 765
1325 775
1320 785
1315 795
1310 810
1310 820
1310 830
1310 840
1310 850
1310 860
1310 870
1310 880
1310 890
1305 905
1300 920
1295 930
1288 938
1280 945
1273 953
1265 960
1255 965
1245 970
1237 979
1229 985
1220 990
1210 990
1200 990
1190 995
1180 995
1170 1000
1160 1000
1150 1005
1140 1005
1130 1005
1120 1005
1110 1005
1100 1005
1090 1005
1080 1005
1070 1005
1070 1015
1070 1025
1065 1040
1065 1050
1060 1060
1060 1070
1055 1080
1047 1094
1039 1100
1030 1105
1030 1115
1035 1124
1045 1124
1055 1124
1065 1124
1075 1124
1084 1119
1094 1119
1104 1119
1114 1119
1124 1119
1134 1119
1144 1119
1154 1119
1164 1119
1174 1119
1184 1119
1193 1124
1202 1129
1210 1135
1215 1144
1210 1155
1203 1168
1195 1175
1185 1175
1175 1175
1166 1170
1156 1170
1146 1170
1137 1165
1127 1165
1118 1160
1108 1160
1098 1160
1088 1160
1078 1160
1068 1160
1058 1160
1048 1160
1038 1160
1028 1160
1018 1160
1009 1155
999 1152
990 1147
985 1138
984 1128
984 1118
984 1108
984 1098
984 1088
984 1078
984 1068
984 1058
977 1050
967 1050
957 1050
948 1045
938 1045
928 1045
918 1045
909 1050
900 1055
900 1065
900 1075
900 1085
900 1095
900 1105
905 1114
910 1123
905 1135
900 1145
892 1159
883 1165
873 1165
863 1165
853 1165
843 1165
833 1165
823 1165
813 1165
803 1165
793 1165
783 1165
773 1165
763 1165
753 1165
743 1165
734 1170
724 1170
714 1170
705 1175
695 1175
685 1175
677 1169
669 1162
