129 302
129 292
137 284
144 272
152 264
162 259
172 254
182 254
192 254
202 254
212 249
221 244
230 239
239 232
244 222
252 214
261 209
266 200
274 192
282 184
289 172
297 164
305 156
313 149
320 141
328 134
335 126
343 119
352 114
360 106
368 99
375 91
385 86
393 79
402 74
411 69
416 60
426 55
434 49
443 44
452 39
462 34
471 29
479 22
489 19
499 19
509 19
515 27
510 40
505 55
505 65
500 75
500 85
495 95
490 105
490 115
490 125
490 135
485 145
480 155
480 165
480 175
480 185
480 195
480 205
480 215
480 225
485 234
485 244
490 253
490 263
498 270
500 280
505 289
505 299
510 308
515 317
519 327
525 335
527 345
537 349
547 349
557 349
566 354
570 364
568 378
563 388
555 395
555 405
565 406
575 401
583 394
587 384
597 379
607 374
616 369
624 362
629 352
637 344
639 332
644 317
652 309
654 292
659 282
664 267
664 257
672 249
674 237
679 227
684 212
692 204
697 194
705 186
713 179
722 174
732 169
742 169
751 174
760 179
770 182
774 192
779 201
780 211
785 220
785 230
787 240
790 250
790 260
790 270
785 285
785 295
785 305
785 315
780 330
780 340
778 358
770 365
770 375
765 390
760 400
758 413
753 423
748 433
740 440
738 453
730 460
728 473
720 480
715 495
710 505
705 515
700 525
695 535
690 550
685 560
685 570
680 580
680 590
675 600
675 610
675 620
675 630
670 640
670 650
665 660
659 652
659 642
659 632
664 617
664 607
664 597
669 587
669 577
674 567
674 557
679 542
684 532
684 522
692 514
694 502
702 494
704 482
712 474
714 462
719 452
724 442
729 432
737 424
739 407
744 397
749 387
749 377
754 367
759 357
759 347
764 332
769 317
769 307
769 297
769 287
769 277
769 267
769 257
769 247
769 228
764 219
759 210
758 200
749 195
739 195
730 200
720 200
713 213
705 220
700 235
695 245
695 255
690 265
685 280
685 290
685 300
684 310
678 318
668 323
660 330
662 340
663 353
655 360
653 373
645 380
640 390
632 404
627 414
617 419
609 425
600 430
590 430
583 438
573 440
564 445
554 447
544 450
535 455
535 465
535 475
535 490
535 500
530 510
522 519
512 519
502 515
499 505
490 500
480 500
480 510
470 515
462 525
452 529
443 535
433 538
425 545
415 545
407 554
397 559
388 565
378 568
368 573
360 580
350 580
340 590
333 598
323 603
315 610
310 620
304 630
298 638
290 645
285 655
280 665
275 675
265 685
263 703
255 710
250 725
241 730
232 725
225 717
219 709
214 700
212 690
209 680
209 670
204 661
199 652
199 642
199 632
194 623
190 613
189 603
189 593
189 583
189 573
184 564
184 554
181 544
179 534
179 524
179 514
179 504
179 494
179 484
179 474
179 464
179 454
176 444
174 434
174 424
174 414
174 404
171 394
169 384
167 374
162 365
155 357
150 348
146 338
141 329
134 321
134 311
