24 237
24 227
29 212
34 202
42 194
50 186
58 179
65 171
73 164
82 159
90 151
100 146
110 141
118 134
127 129
137 124
146 119
154 112
162 104
172 99
181 94
190 89
199 82
209 77
219 72
227 64
237 59
247 54
255 46
263 39
270 31
278 24
287 29
296 34
304 41
310 49
319 54
327 60
337 64
344 72
354 76
363 81
370 89
378 95
385 103
393 110
402 115
410 122
419 127
429 131
435 139
445 139
454 144
463 149
472 154
481 159
489 166
495 174
503 180
510 188
515 197
519 207
525 215
530 224
535 233
535 243
535 253
533 263
528 273
523 283
515 290
510 300
503 313
498 323
490 330
483 343
475 350
470 360
463 373
458 383
453 393
445 400
438 408
430 415
423 423
415 430
407 439
397 444
387 449
379 455
370 460
370 470
375 479
370 490
364 502
354 505
345 510
335 510
325 510
315 510
315 520
320 529
320 539
325 548
330 557
334 567
342 574
349 582
357 589
366 594
375 599
384 604
394 606
404 609
414 609
424 609
434 607
444 604
453 599
463 599
470 591
475 581
479 567
484 554
484 544
484 534
484 524
484 514
481 504
479 494
474 485
474 475
469 466
464 457
464 447
464 437
464 427
469 417
474 407
479 397
487 389
497 384
506 379
515 374
525 374
534 379
542 385
545 395
545 405
540 416
534 426
529 417
534 408
534 398
527 390
518 385
509 390
500 395
493 403
485 410
480 420
480 430
480 440
480 450
485 459
490 468
490 478
495 487
500 496
503 506
505 516
510 525
510 535
510 545
510 555
505 570
500 580
495 595
490 605
482 614
474 622
464 625
455 630
457 640
465 647
474 652
474 667
464 665
454 665
445 660
435 658
426 653
416 650
407 645
398 640
388 640
378 640
369 635
359 635
350 630
341 625
331 623
321 620
312 615
305 607
297 600
290 592
282 585
275 577
270 568
266 558
261 549
259 539
254 530
251 520
242 515
232 515
223 510
214 505
204 505
194 505
185 500
179 492
179 482
184 471
184 461
176 455
167 450
160 442
152 435
145 427
137 420
130 412
122 405
115 397
107 390
103 380
95 373
91 363
86 354
79 346
74 337
70 327
64 319
59 310
54 301
49 292
44 283
39 274
34 265
29 256
24 247
