19 457
19 447
24 437
24 427
29 417
29 407
34 397
39 387
39 377
44 367
49 357
49 347
54 337
59 322
59 312
64 302
64 292
64 282
64 272
69 257
69 247
69 237
74 227
74 217
74 207
79 197
79 187
84 176
84 166
84 156
84 146
84 136
84 126
84 116
84 106
79 97
79 87
79 77
89 74
99 74
105 82
115 84
123 90
133 94
143 94
152 99
162 99
172 99
182 99
192 94
202 94
212 94
222 94
232 89
242 89
252 89
262 89
272 89
282 89
292 89
302 89
312 89
322 89
331 94
341 94
351 94
361 94
371 94
381 94
391 94
401 90
411 89
420 84
430 84
440 84
450 84
460 84
470 84
480 84
490 84
500 84
510 87
519 92
529 96
530 106
530 116
530 126
530 136
530 146
530 156
530 166
530 176
530 186
530 196
530 206
530 216
530 226
530 236
530 246
530 256
530 266
530 276
530 286
530 296
525 305
520 320
520 330
515 340
510 350
505 360
500 370
495 380
488 388
480 395
470 400
475 409
485 409
493 415
500 423
510 427
508 443
498 445
488 448
480 455
480 465
480 475
480 485
480 495
480 505
485 514
490 523
495 532
500 541
506 549
510 559
518 565
522 575
527 584
534 592
539 601
543 611
550 619
555 628
565 632
572 640
582 644
585 654
594 659
603 664
610 672
620 674
628 680
637 685
645 692
655 694
665 694
675 694
685 694
695 691
705 689
715 689
720 698
725 707
735 709
745 706
755 704
765 704
775 704
785 707
785 717
785 727
795 732
787 739
777 735
768 730
758 730
749 725
739 725
730 720
720 720
710 720
700 720
690 720
680 720
670 720
661 715
652 710
642 710
632 710
623 705
613 705
604 700
595 695
587 689
577 685
570 677
562 670
554 663
548 655
539 650
531 643
521 639
517 629
509 622
504 613
497 605
490 597
482 590
479 580
471 573
466 564
459 556
454 547
447 539
437 535
427 535
417 535
407 535
398 530
388 530
379 525
370 530
364 545
354 544
351 534
349 524
344 515
344 505
335 500
327 514
322 524
314 530
305 535
295 540
285 545
275 550
265 555
255 555
245 555
236 560
226 560
216 560
206 560
196 558
186 555
176 555
166 555
156 554
147 549
137 545
128 540
119 535
109 535
99 535
89 535
79 535
69 535
60 530
50 530
40 528
34 520
24 516
19 507
19 497
19 487
19 477
19 467
