164 322
164 312
174 309
182 315
190 322
195 331
203 325
199 315
194 306
194 296
194 286
189 277
189 267
189 257
189 247
189 237
189 227
189 217
189 207
194 192
194 182
194 172
194 162
199 152
204 142
204 132
209 122
214 107
222 99
227 89
234 77
239 67
247 59
255 51
260 41
270 36
278 29
287 24
296 19
306 19
316 19
326 19
336 19
346 19
356 19
365 24
375 27
385 29
393 35
400 43
405 52
397 59
389 52
382 44
372 40
362 40
352 44
343 50
333 50
324 45
315 50
308 63
300 70
290 75
280 75
270 75
260 80
250 85
243 98
235 105
233 123
225 130
225 140
225 150
220 160
220 170
215 180
215 190
215 200
215 210
215 220
215 230
215 240
215 250
217 260
220 270
225 279
225 289
230 298
234 284
234 272
244 269
254 271
258 281
263 290
267 300
272 309
279 317
289 319
297 325
305 332
312 340
320 347
324 357
332 364
335 374
345 377
353 384
360 376
364 362
372 354
377 344
387 339
396 334
405 329
414 324
424 324
434 324
444 324
454 324
464 326
474 329
484 329
494 331
504 334
514 334
524 334
534 336
544 339
553 344
563 344
573 345
582 350
592 354
602 354
611 359
620 364
630 367
637 375
642 384
649 392
650 402
655 411
655 421
655 431
650 440
650 450
650 460
645 475
640 485
640 495
635 505
635 515
630 525
625 535
623 548
615 555
615 565
615 575
615 585
615 595
615 605
615 615
615 625
615 635
615 645
615 655
615 665
615 675
615 685
615 695
610 710
610 720
605 730
605 740
605 750
605 760
605 770
605 780
610 789
606 800
597 805
588 800
578 800
569 795
560 790
550 790
540 790
530 790
521 795
511 795
501 795
491 795
481 795
471 795
461 795
451 795
441 795
432 790
422 790
412 790
403 785
393 785
384 780
374 777
365 772
355 770
345 770
335 770
325 770
315 775
305 775
296 780
286 780
276 780
266 780
256 780
246 780
236 780
226 780
216 779
207 774
197 770
190 762
182 755
179 745
177 735
174 725
174 715
169 706
169 696
169 686
169 676
169 666
164 657
164 647
164 637
164 627
169 616
169 606
169 596
169 586
164 577
164 567
164 557
169 542
169 532
174 522
179 512
187 504
192 494
201 489
210 484
220 484
224 468
217 460
214 450
209 441
204 432
195 427
190 418
189 408
189 398
189 388
189 378
185 368
181 358
176 349
169 341
169 331
