24 277
24 267
29 257
37 249
45 241
53 234
62 229
70 221
78 214
87 209
97 204
107 199
116 194
125 189
134 184
143 179
150 171
158 164
165 156
170 146
175 136
183 129
190 121
198 114
204 102
212 94
220 86
228 79
237 74
247 69
256 64
265 59
275 56
285 51
295 49
304 42
312 34
320 26
330 24
340 24
348 30
355 38
363 44
372 49
381 54
390 59
399 64
408 69
417 74
426 79
434 86
440 94
448 100
452 110
460 117
467 125
475 132
479 142
487 149
494 157
499 166
505 174
513 180
522 185
532 189
541 194
550 199
558 205
567 210
575 217
584 222
594 226
600 234
608 240
615 248
623 255
627 265
632 274
633 288
625 295
620 305
615 315
608 323
603 333
598 343
590 350
583 358
575 365
568 373
558 378
550 385
543 393
535 400
528 408
518 413
510 420
503 428
495 435
485 440
477 449
467 454
457 459
447 459
437 455
428 450
420 443
414 435
405 430
405 440
410 449
418 455
422 465
427 474
430 484
435 493
427 500
418 495
409 490
400 485
395 495
395 505
390 520
380 530
370 525
370 535
370 545
360 545
350 535
350 545
355 554
360 563
360 573
365 582
372 590
380 597
387 605
397 609
404 617
414 621
424 624
433 629
443 629
453 629
462 624
471 629
481 629
490 634
500 634
510 631
520 626
528 619
538 619
548 619
558 619
562 609
571 604
580 599
589 594
598 589
607 584
608 603
600 610
592 624
582 629
572 634
563 640
553 643
543 645
534 650
524 650
514 652
504 655
495 660
485 660
475 665
465 665
456 660
446 660
436 660
426 660
416 658
406 654
397 649
389 642
380 637
370 635
362 629
354 622
350 612
342 605
335 597
329 589
324 580
319 571
319 561
314 552
310 542
305 520
305 530
300 540
290 542
282 535
275 527
269 519
264 510
264 500
262 490
252 494
242 499
234 505
225 500
219 492
219 482
224 472
232 464
237 455
225 455
215 460
205 460
196 455
187 450
180 442
172 435
165 427
157 420
150 412
140 408
133 400
125 393
119 385
109 382
102 374
94 367
87 359
79 352
72 344
64 337
59 328
52 320
45 312
37 305
34 295
29 286
