194 247
194 237
202 229
209 212
219 202
227 194
235 186
245 181
250 171
258 164
268 164
275 156
285 151
293 144
303 144
310 136
318 129
327 124
337 124
347 119
357 114
366 109
375 104
385 104
394 97
404 92
414 87
424 84
433 79
440 71
448 64
454 52
462 44
472 39
477 29
486 24
496 24
506 24
516 24
524 31
530 39
538 45
540 55
545 64
553 70
560 78
570 82
580 84
590 84
600 87
609 92
619 94
628 99
638 100
648 104
658 105
667 110
677 114
684 122
694 124
704 126
713 131
723 135
730 143
740 144
745 153
753 159
762 164
771 169
779 176
785 184
794 189
800 197
804 207
802 224
793 230
783 230
774 235
764 235
755 240
745 240
735 245
725 250
715 250
705 255
698 263
688 268
678 273
670 280
660 285
652 294
644 300
638 308
628 313
620 320
611 330
602 335
597 344
589 350
580 355
578 373
568 378
560 385
550 390
552 400
560 407
564 417
570 425
575 434
583 440
590 448
598 455
605 463
613 470
620 478
625 487
629 497
630 507
635 516
635 526
635 536
635 546
630 560
628 578
620 585
615 600
608 608
598 613
588 618
578 623
570 630
561 635
552 640
542 644
533 650
524 655
515 660
505 660
498 668
490 675
483 683
473 688
465 695
458 703
453 713
448 723
440 730
434 722
439 712
444 702
452 694
460 686
468 679
475 671
483 664
492 659
500 651
510 646
518 639
528 639
535 631
543 624
552 619
562 614
570 606
578 599
585 591
593 584
599 567
599 557
599 547
604 532
600 522
592 515
589 505
581 499
577 489
567 485
559 492
549 495
549 485
548 475
540 468
536 458
526 454
522 444
517 435
510 427
505 418
499 410
494 401
486 395
476 394
467 389
462 380
453 375
445 368
438 360
430 353
423 345
415 338
408 330
398 330
390 323
384 315
374 311
366 305
357 300
350 292
340 290
330 287
320 285
311 280
302 275
292 274
282 270
272 269
262 265
252 264
242 260
232 260
223 255
213 255
204 250
