19 317
19 307
27 299
29 287
39 282
47 274
57 269
67 269
77 264
87 264
97 264
107 264
117 264
126 259
136 259
146 259
156 259
165 254
175 254
185 251
195 249
205 249
215 252
225 254
235 254
244 259
254 259
264 259
274 261
284 264
294 262
299 247
309 242
319 244
325 252
333 259
343 259
350 251
358 244
368 244
378 244
387 239
397 239
407 239
416 244
426 244
435 239
444 232
449 222
459 219
468 214
477 209
486 204
494 197
504 192
512 184
521 179
531 175
539 167
549 162
557 154
567 154
575 146
585 141
595 136
603 129
613 129
620 121
630 119
640 119
649 112
659 107
669 104
679 104
688 99
698 99
707 94
716 89
725 84
734 79
743 74
750 66
760 61
768 54
778 54
785 62
785 72
775 80
770 90
760 90
750 90
742 99
734 105
725 110
720 120
715 130
705 135
695 135
685 135
676 140
667 145
657 149
648 155
639 160
630 165
622 174
614 180
605 185
597 194
589 200
580 205
572 214
564 220
555 225
548 233
540 240
530 245
525 255
515 260
505 270
500 280
490 285
490 295
480 300
480 310
480 320
480 330
480 340
475 355
475 365
475 375
480 384
488 390
495 398
505 402
512 410
515 420
505 425
505 435
505 445
510 454
515 463
520 472
524 482
529 491
530 501
533 511
535 521
540 530
540 540
540 550
545 559
545 569
545 579
550 588
550 598
550 608
550 618
550 628
550 638
550 648
550 658
545 670
540 685
532 699
524 707
514 710
505 715
495 715
486 720
476 720
466 720
456 720
446 720
436 720
426 720
416 720
406 720
396 720
386 720
376 720
366 720
356 720
346 720
337 725
327 729
317 730
308 735
298 735
288 735
278 735
268 738
258 740
248 740
238 740
229 745
219 745
209 745
199 745
190 740
180 740
170 737
160 735
150 735
140 740
130 740
120 745
110 750
101 755
91 754
84 746
84 736
84 726
84 716
84 706
84 696
79 687
79 677
74 668
69 659
64 650
64 640
64 630
59 621
59 611
54 602
54 592
54 582
54 572
54 562
54 552
54 542
49 533
49 523
49 513
45 503
44 493
39 484
39 474
39 464
34 455
32 445
29 435
29 425
29 415
24 406
24 396
24 386
19 377
19 367
19 357
19 347
19 337
19 327
