75 761
75 771
70 781
75 790
81 798
89 805
98 810
107 815
115 821
121 829
129 835
135 843
143 849
152 854
160 861
166 869
174 875
184 875
190 883
200 886
206 894
216 898
226 900
234 906
244 910
250 918
260 921
266 929
274 935
284 935
293 940
302 945
312 949
320 955
330 956
339 961
346 969
356 970
365 975
374 980
383 985
393 985
402 990
411 995
420 1000
429 1005
438 1010
448 1014
458 1015
467 1020
475 1026
485 1030
494 1035
503 1040
513 1044
523 1045
532 1050
542 1054
550 1060
559 1065
569 1065
575 1073
585 1075
594 1080
600 1088
605 1097
613 1104
620 1112
625 1121
630 1130
635 1139
640 1148
645 1157
650 1166
654 1176
655 1186
661 1194
669 1200
673 1210
678 1219
685 1227
693 1234
702 1239
710 1246
720 1250
729 1255
738 1260
748 1260
758 1260
768 1260
777 1265
786 1260
794 1252
802 1244
810 1230
818 1223
820 1205
825 1195
835 1195
845 1196
851 1204
856 1213
864 1220
868 1230
873 1239
880 1247
886 1255
891 1264
899 1270
903 1280
910 1288
918 1294
925 1302
935 1306
941 1314
951 1318
960 1323
968 1329
977 1334
985 1340
995 1341
1005 1345
1014 1350
1024 1350
1033 1355
1043 1355
1052 1360
1062 1360
1071 1365
1081 1368
1091 1370
1100 1375
1109 1380
1118 1385
1128 1389
1137 1394
1146 1399
1156 1403
1164 1410
1174 1410
1183 1415
1190 1423
1200 1425
1209 1430
1219 1430
1228 1435
1238 1435
1248 1439
1257 1444
1267 1445
1277 1445
1286 1450
1295 1445
1305 1445
1314 1450
1324 1450
1334 1450
1344 1450
1353 1455
1362 1450
1372 1450
1382 1450
1392 1450
1401 1445
1410 1440
1420 1440
1430 1440
1439 1435
1448 1430
1457 1424
1467 1419
1477 1414
1485 1405
1495 1400
1503 1393
1513 1388
1520 1380
1529 1375
1539 1372
1549 1367
1559 1362
1569 1357
1579 1352
1587 1345
1595 1335
1605 1330
1613 1323
1618 1313
1625 1300
1633 1293
1640 1285
1645 1275
1653 1268
1655 1250
1660 1240
1665 1225
1670 1215
1675 1200
1680 1185
1685 1175
1685 1165
1685 1155
1685 1145
1685 1135
1690 1123
1685 1114
1685 1104
1685 1094
1685 1084
1680 1075
1675 1066
1675 1056
1675 1046
1670 1037
1665 1028
1665 1018
1660 1009
1660 999
1656 989
1651 980
1645 972
1640 963
1635 954
1630 945
1628 935
1620 929
1616 919
1611 910
1605 902
1600 893
1595 884
1588 876
1584 866
1576 860
1573 850
1568 841
1564 831
1556 825
1553 815
1545 809
1539 801
1529 798
1523 790
1515 784
1509 776
1500 771
1490 770
1480 766
1470 771
1462 780
1453 785
1445 779
1441 769
1436 760
1435 750
1435 740
1433 730
1428 721
1425 711
1419 703
1415 693
1415 683
1410 674
1405 665
1403 655
1395 648
1395 638
1390 629
1385 620
1380 611
1374 603
1367 595
1359 588
1353 580
1343 580
1334 575
1325 570
1315 568
1305 570
1295 570
1286 575
1276 575
1266 575
1256 580
1247 585
1237 585
1228 590
1218 594
1210 601
1210 611
1210 621
1210 631
1200 636
1190 641
1185 651
1185 661
1183 679
1175 686
1175 696
1175 706
1180 715
1180 725
1186 733
1190 743
1195 752
1203 759
1210 767
1218 774
1225 782
1233 789
1242 794
1251 799
1259 805
1268 810
1275 818
1285 821
1291 829
1301 833
1309 840
1318 845
1325 853
1335 855
1344 860
1353 865
1360 873
1360 883
1355 901
1355 911
1359 921
1364 930
1368 940
1373 949
1376 959
1384 965
1390 973
1398 979
1405 987
1413 994
1420 1002
1428 1009
1435 1017
1443 1024
1450 1032
1458 1039
1465 1047
1473 1054
1476 1064
1484 1070
1490 1078
1495 1087
1503 1094
1510 1102
1505 1111
1510 1120
1513 1130
1520 1138
1520 1148
1520 1158
1511 1170
1501 1170
1491 1169
1481 1165
1472 1160
1462 1160
1452 1160
1443 1155
1433 1155
1423 1155
1413 1155
1404 1150
1394 1150
1384 1146
1376 1140
1367 1145
1357 1145
1347 1145
1338 1140
1328 1136
1320 1130
1311 1125
1302 1120
1293 1115
1284 1110
1275 1105
1266 1100
1256 1099
1251 1090
1248 1080
1238 1076
1229 1071
1221 1065
1212 1060
1204 1053
1197 1045
1188 1040
1178 1036
1170 1030
1160 1030
1151 1035
1142 1030
1132 1030
1123 1035
1113 1035
1103 1035
1094 1030
1085 1025
1076 1020
1073 1010
1064 1005
1055 1010
1046 1005
1042 995
1033 990
1023 990
1013 986
1004 981
994 978
987 970
978 965
970 959
964 951
954 948
947 940
938 935
929 930
920 925
910 924
903 916
895 910
885 909
879 901
871 895
862 890
852 890
843 885
834 880
825 875
816 870
806 870
797 865
788 860
779 855
769 855
760 850
751 845
742 840
732 840
723 835
713 835
704 830
694 826
684 825
674 825
664 825
655 820
645 820
635 818
625 815
615 815
605 813
595 810
585 808
575 808
565 804
560 795
569 790
579 787
589 782
597 775
606 770
616 770
625 765
635 765
645 765
652 755
643 750
633 750
624 745
614 745
604 745
594 748
584 746
574 748
564 753
554 755
544 758
534 763
524 768
514 770
505 775
496 780
487 785
477 785
467 785
458 780
448 780
438 780
429 775
420 770
410 770
401 765
391 765
382 760
372 760
363 755
353 755
344 750
335 745
325 745
316 740
306 740
296 739
286 735
277 730
267 730
257 730
247 730
237 730
227 730
218 725
209 720
199 720
189 716
179 715
169 715
159 715
149 715
139 715
129 715
119 715
109 715
99 711
90 706
85 716
80 726
86 734
94 740
103 745
113 749
112 760
103 755
93 755
83 755
