154 1157
154 1147
162 1139
164 1122
164 1112
169 1102
174 1092
179 1077
184 1067
189 1057
197 1049
202 1039
207 1029
212 1019
221 1014
226 1005
231 995
239 987
247 979
252 969
260 961
268 954
272 944
279 932
287 924
295 916
303 909
310 901
318 894
322 884
330 876
338 869
342 859
351 854
359 847
367 839
374 827
384 822
392 814
400 806
408 799
415 791
423 784
430 776
435 766
445 761
453 754
459 742
469 737
477 729
485 721
493 714
497 704
507 699
515 691
523 684
532 679
540 671
548 664
555 656
563 649
567 639
575 631
580 621
590 616
598 609
604 597
614 592
622 584
630 576
638 569
642 559
652 554
659 537
667 529
675 521
684 512
692 504
700 496
708 489
712 479
717 469
725 461
730 451
740 446
745 436
750 426
760 424
768 430
765 445
765 455
765 465
765 475
765 485
760 500
760 510
755 525
755 535
750 545
745 560
745 570
745 580
740 590
735 600
733 613
728 623
720 630
718 648
710 655
705 665
698 678
690 685
683 698
675 705
670 715
663 728
658 738
653 748
645 755
638 763
630 770
625 780
618 793
610 800
605 810
598 818
590 825
585 835
580 845
573 858
568 868
560 875
552 884
547 894
542 904
534 910
528 918
520 925
513 938
505 945
498 953
490 960
483 968
478 978
473 988
465 995
458 1003
453 1013
445 1020
438 1028
433 1038
425 1045
418 1053
413 1063
405 1070
400 1080
393 1088
388 1098
380 1105
375 1115
370 1125
365 1135
358 1143
350 1150
348 1163
340 1170
335 1185
330 1195
325 1210
320 1225
315 1235
310 1250
310 1260
310 1270
310 1280
320 1284
330 1284
339 1279
349 1279
358 1274
368 1274
378 1274
387 1269
396 1264
406 1264
415 1259
424 1254
433 1249
443 1249
452 1244
462 1239
472 1239
482 1239
490 1231
500 1229
510 1226
520 1221
530 1216
540 1214
549 1209
558 1204
567 1199
576 1194
586 1190
596 1185
604 1177
614 1172
624 1167
632 1159
642 1159
650 1151
660 1146
670 1141
678 1134
687 1129
696 1124
701 1115
711 1110
721 1105
731 1100
739 1092
749 1089
758 1084
767 1079
776 1074
784 1067
794 1057
804 1052
812 1044
822 1039
830 1031
838 1024
845 1016
855 1011
863 1004
872 999
881 994
889 987
897 979
905 971
915 966
923 959
932 954
937 944
947 939
957 934
965 926
973 919
980 911
990 906
998 899
1005 891
1013 884
1023 884
1032 879
1041 874
1049 867
1057 859
1067 854
1069 842
1069 832
1079 834
1089 832
1099 827
1109 826
1115 834
1125 834
1134 829
1144 827
1154 824
1164 822
1174 817
1184 814
1194 814
1204 814
1214 812
1224 811
1234 812
1244 809
1254 809
1260 801
1268 795
1272 805
1282 804
1291 799
1300 794
1309 787
1319 782
1327 774
1337 769
1346 764
1355 759
1364 754
1373 749
1380 741
1390 736
1400 731
1408 724
1417 719
1425 711
1433 704
1440 696
1448 689
1457 684
1465 676
1475 671
1483 664
1490 656
1500 651
1510 646
1520 641
1528 634
1537 629
1547 629
1556 624
1565 619
1575 619
1584 614
1594 614
1604 612
1614 609
1624 609
1633 614
1642 609
1652 609
1662 609
1672 604
1682 604
1692 604
1702 599
1712 599
1722 594
1731 599
1741 599
1750 604
1760 607
1755 620
1745 630
1745 640
1755 639
1764 634
1774 636
1775 646
1770 660
1768 673
1760 680
1760 690
1753 698
1745 705
1738 718
1730 725
1723 733
1715 740
1705 745
1695 750
1685 755
1678 763
1668 768
1660 775
1653 783
1643 788
1635 795
1627 804
1617 809
1607 814
1598 820
1588 823
1578 828
1570 835
1563 843
1555 850
1547 859
1537 864
1529 872
1521 880
1512 885
1507 894
1497 899
1487 904
1479 910
1470 915
1463 923
1453 928
1445 935
1437 944
1427 949
1419 955
1410 960
1403 968
1395 975
1385 980
1377 989
1369 997
1359 1000
1350 1005
1343 1013
1335 1020
1328 1028
1318 1033
1310 1040
1300 1045
1290 1050
1283 1058
1273 1063
1265 1070
1255 1075
1247 1084
1238 1090
1229 1095
1220 1100
1213 1108
1205 1115
1195 1120
1188 1128
1180 1135
1170 1140
1161 1145
1152 1150
1144 1157
1136 1165
1127 1170
1118 1175
1109 1180
1100 1185
1092 1194
1082 1199
1072 1204
1064 1210
1058 1218
1048 1223
1038 1228
1028 1233
1020 1240
1010 1240
1003 1248
993 1253
983 1258
973 1263
963 1268
955 1275
945 1280
935 1285
927 1294
917 1299
909 1305
900 1310
890 1310
882 1319
872 1324
864 1332
854 1337
844 1340
835 1345
825 1350
815 1355
805 1365
800 1375
798 1393
790 1400
785 1410
780 1420
775 1430
765 1440
755 1450
748 1458
740 1465
730 1470
722 1479
712 1484
704 1490
694 1490
685 1495
675 1495
665 1500
655 1500
645 1505
635 1510
625 1510
615 1515
605 1515
596 1520
586 1520
576 1520
567 1525
557 1525
547 1525
537 1525
527 1525
517 1525
507 1525
497 1525
487 1525
478 1520
469 1515
460 1520
451 1529
449 1519
444 1510
434 1510
425 1505
415 1502
405 1500
395 1500
386 1495
377 1490
367 1489
357 1485
348 1480
339 1475
329 1471
321 1465
311 1464
302 1459
292 1455
289 1445
279 1442
270 1437
262 1430
255 1422
245 1418
239 1410
231 1404
227 1394
219 1387
212 1379
204 1372
200 1362
194 1354
191 1344
187 1334
182 1325
179 1315
179 1305
174 1296
169 1287
171 1274
169 1264
169 1254
169 1244
169 1234
164 1225
164 1215
159 1206
159 1196
159 1186
154 1177
154 1167
