149 552
149 542
154 527
154 517
154 507
159 492
164 482
164 472
169 462
174 447
179 432
187 424
192 414
197 404
202 394
207 384
204 367
204 357
212 349
222 349
230 341
238 334
242 324
247 314
254 302
262 294
270 286
278 279
285 271
293 264
300 256
308 249
314 237
322 229
330 221
338 214
347 209
356 204
365 199
374 192
384 187
392 179
402 174
412 169
422 164
432 159
441 154
450 149
459 144
468 139
477 134
487 134
496 129
506 125
516 124
525 119
535 119
544 114
554 114
564 112
574 109
584 109
593 104
603 104
612 99
622 99
632 99
642 99
652 99
662 99
672 99
682 99
692 99
702 99
712 99
722 99
731 104
741 104
751 104
760 109
770 109
780 112
789 117
797 124
807 124
814 132
824 134
833 139
842 144
851 149
859 156
865 164
873 170
880 178
888 185
895 193
903 200
910 208
910 218
918 225
920 235
925 244
930 253
935 262
935 272
939 282
940 292
945 301
945 311
948 321
953 330
955 340
955 350
955 360
950 375
950 385
945 400
945 410
940 420
940 430
935 440
930 450
928 463
920 470
918 483
913 493
908 503
900 510
895 520
895 530
888 538
878 540
868 543
860 550
852 559
842 564
834 570
825 575
815 580
805 585
797 594
789 602
779 607
769 610
760 615
750 615
740 620
730 620
721 625
712 630
702 634
692 639
682 640
673 645
663 645
653 648
643 650
633 653
623 655
613 658
603 660
593 663
583 665
573 665
564 670
554 670
544 672
534 675
524 675
514 677
504 680
494 680
484 680
474 680
465 685
455 685
445 685
435 685
426 690
416 690
406 690
397 695
387 695
377 695
368 700
359 705
349 705
339 705
329 707
319 710
309 710
300 715
290 715
280 720
271 725
261 725
252 730
242 730
233 735
223 735
213 738
203 740
194 745
184 747
174 750
164 751
159 742
164 732
174 727
184 722
194 717
204 712
212 704
222 699
232 694
242 689
251 684
260 679
269 674
279 674
288 669
297 664
307 659
317 659
327 659
336 654
345 649
355 646
365 644
374 639
384 639
394 637
404 634
414 632
424 629
434 629
443 624
453 624
463 624
472 619
482 619
492 614
502 614
512 614
521 609
531 609
540 604
549 599
559 599
568 594
578 594
588 594
597 589
607 589
617 584
627 584
636 579
646 579
655 574
664 569
674 567
684 564
694 564
703 559
712 554
722 549
732 549
741 544
751 540
759 534
768 529
775 521
785 516
793 509
802 504
810 496
818 489
824 477
832 469
837 459
844 447
852 439
857 429
862 419
867 409
872 399
874 388
874 378
874 368
874 358
870 348
869 338
869 328
869 318
864 309
859 300
857 290
854 280
852 270
848 260
840 253
834 245
826 238
821 229
812 224
804 217
797 209
787 205
778 200
769 195
761 188
751 185
741 183
731 180
722 175
712 175
702 175
692 175
683 170
673 170
663 170
653 173
643 175
633 175
623 175
613 175
603 175
594 180
584 180
575 185
565 185
556 190
546 190
537 195
527 195
517 199
507 204
498 210
488 213
478 218
470 225
460 230
450 235
440 240
432 249
424 255
415 260
405 265
398 273
390 280
383 288
375 295
368 303
360 310
355 320
348 328
340 335
333 348
325 355
318 368
313 378
305 385
300 395
295 405
290 415
295 424
300 433
308 440
308 453
298 455
288 455
279 450
270 455
270 465
265 480
260 490
255 500
250 510
245 525
240 535
235 545
230 555
225 565
220 580
215 595
215 605
210 615
210 625
208 643
200 650
191 655
181 655
171 655
162 650
159 640
154 631
154 621
154 611
149 602
149 592
149 582
149 572
149 562
