39 362
39 352
47 344
56 339
66 335
74 329
84 329
93 324
102 319
112 314
122 314
130 306
140 301
148 294
158 294
167 289
176 284
185 279
195 279
204 274
214 274
223 269
233 269
242 264
252 264
261 259
271 255
281 254
291 254
301 254
311 250
321 254
331 250
341 249
351 245
361 244
371 240
381 239
391 235
401 234
410 229
420 226
430 224
439 217
449 214
459 212
469 209
478 204
487 199
497 199
506 194
516 194
524 187
534 182
544 179
553 174
563 174
572 169
582 164
592 159
602 159
612 159
621 154
630 149
639 154
648 149
658 149
667 144
677 144
686 139
696 139
705 134
714 139
723 134
733 134
742 129
752 129
762 124
771 119
781 115
791 114
799 107
809 102
819 99
829 97
839 94
849 92
857 84
867 84
876 79
886 75
896 74
906 70
916 69
926 69
936 69
946 69
956 69
965 64
975 64
985 64
995 67
1005 69
1014 74
1024 74
1034 74
1043 79
1053 79
1062 84
1072 84
1079 92
1089 96
1099 99
1107 105
1115 112
1124 117
1134 121
1138 131
1143 140
1147 150
1157 154
1164 162
1170 170
1170 180
1175 189
1183 195
1190 203
1190 213
1195 222
1202 230
1205 240
1205 250
1205 260
1207 270
1205 285
1205 295
1210 304
1210 314
1210 324
1205 335
1205 345
1205 355
1200 370
1205 379
1203 393
1198 403
1190 410
1192 420
1185 435
1178 448
1170 455
1165 465
1158 478
1150 485
1145 495
1137 504
1129 510
1120 515
1115 525
1108 533
1100 540
1090 545
1080 550
1070 555
1062 564
1052 569
1044 575
1034 575
1025 580
1015 585
1005 590
995 590
985 595
975 595
965 600
955 600
945 605
935 605
926 610
916 610
906 610
896 610
886 610
876 610
866 610
856 610
846 610
836 610
826 610
816 610
806 610
796 610
787 605
777 605
768 600
758 600
749 595
739 595
729 595
719 595
709 595
700 590
690 590
680 590
671 585
661 585
652 580
643 575
633 575
624 570
614 570
605 565
596 560
586 560
577 555
567 555
558 550
549 545
539 545
531 538
521 535
512 530
502 530
493 525
483 525
474 520
464 520
455 515
445 515
436 510
426 510
417 515
408 510
398 510
389 505
379 505
370 500
360 500
350 500
340 500
330 500
320 500
310 500
300 500
290 500
280 505
270 505
260 510
250 510
240 515
230 515
220 520
210 520
200 525
190 525
183 533
173 538
165 545
156 550
147 555
137 559
127 564
118 570
109 575
100 580
90 580
80 583
74 575
69 566
64 557
72 549
80 541
88 534
95 526
103 519
112 514
121 509
130 504
139 497
147 489
155 481
165 476
175 471
185 466
195 461
203 454
212 449
222 444
232 444
242 439
252 439
262 434
272 434
282 429
292 429
301 424
311 424
321 424
331 424
341 424
351 424
361 424
371 424
381 424
390 429
400 429
410 429
420 429
430 429
440 429
450 432
460 434
470 437
480 439
490 442
500 444
509 449
519 449
528 454
538 455
548 459
558 459
567 464
577 464
586 469
595 464
604 469
613 474
623 475
633 479
642 484
651 489
661 489
671 489
681 489
690 494
700 494
710 494
719 499
729 499
739 501
749 504
759 504
768 509
778 510
788 514
798 515
808 519
818 519
828 519
838 519
848 519
857 514
867 514
877 514
887 509
897 509
907 504
917 504
927 499
937 499
947 494
957 494
966 489
976 489
985 484
995 484
1004 477
1012 469
1022 464
1030 456
1040 451
1048 444
1057 439
1065 431
1074 422
1079 407
1084 397
1092 389
1094 372
1099 362
1104 352
1109 342
1114 328
1114 318
1114 308
1114 298
1114 288
1114 278
1110 268
1109 258
1103 250
1095 243
1094 233
1087 225
1084 215
1076 209
1069 201
1061 195
1051 193
1041 190
1031 190
1022 185
1012 185
1002 185
992 185
983 180
973 183
963 185
953 185
943 185
933 185
923 185
914 190
904 192
894 195
884 197
874 200
864 202
854 205
844 207
834 210
824 212
814 215
805 220
795 220
785 225
775 230
766 235
756 235
747 240
737 240
728 245
718 245
709 250
699 250
690 255
680 255
670 260
660 260
651 265
641 265
632 270
622 274
612 275
602 279
592 280
582 284
572 285
562 289
552 290
543 295
533 295
524 300
514 300
505 305
495 305
486 310
476 310
467 315
457 315
448 320
438 320
429 325
419 325
410 330
400 330
390 335
380 335
370 340
361 345
352 350
342 354
332 355
322 359
312 360
302 364
292 365
282 369
274 375
265 380
255 380
245 385
235 385
225 385
215 385
206 390
196 390
186 390
176 390
166 390
156 390
147 395
137 399
127 400
117 404
107 405
97 405
87 405
77 405
67 405
57 409
49 402
49 392
57 384
57 370
47 369
