134 932
134 922
139 912
139 902
139 892
139 882
139 872
144 857
149 847
149 837
149 827
154 817
159 807
159 797
159 787
164 777
164 767
164 757
169 742
174 732
179 722
184 707
189 697
189 687
194 672
199 662
207 654
214 637
222 629
227 619
229 607
237 599
244 587
249 577
257 569
259 557
267 549
269 537
277 529
285 521
293 514
297 504
302 494
307 484
315 476
323 469
332 464
340 456
348 449
355 441
360 431
370 426
380 421
388 414
394 402
402 394
410 386
418 379
427 374
437 369
447 364
455 356
465 351
473 344
483 344
490 336
494 322
494 312
502 304
511 299
521 299
530 304
540 304
550 304
559 297
569 292
579 287
589 282
599 277
607 269
617 269
626 264
636 260
644 254
654 252
664 249
674 249
683 244
692 239
702 234
712 234
722 229
732 229
741 234
751 234
760 229
770 229
779 224
789 224
799 224
809 224
819 224
829 224
839 224
849 224
858 229
868 229
878 229
887 224
896 229
905 234
914 239
923 244
930 252
930 262
930 272
925 285
920 295
912 304
902 305
892 309
882 310
872 310
862 310
853 315
844 320
834 320
825 325
815 330
805 330
795 330
785 335
778 343
770 350
761 355
752 360
742 364
732 364
722 369
712 374
702 379
694 385
684 387
674 390
664 392
654 395
644 395
635 400
637 410
640 420
642 430
647 439
640 450
630 448
621 443
611 439
606 430
597 425
587 425
577 429
568 435
558 438
550 445
540 445
532 454
524 460
515 465
507 474
497 479
487 484
479 490
473 498
465 505
458 513
450 520
440 520
430 525
423 538
415 545
408 553
403 563
393 568
383 573
375 580
370 590
365 600
358 613
350 620
343 628
335 635
335 645
330 655
330 665
323 673
315 680
308 688
303 698
295 705
290 720
285 730
280 740
275 750
270 760
265 770
265 780
265 790
260 805
260 815
260 825
255 835
250 845
245 855
245 865
245 875
240 885
242 895
240 905
240 915
240 925
235 940
235 950
235 960
235 970
235 980
240 989
240 999
240 1009
240 1019
245 1028
245 1038
250 1047
250 1057
254 1067
255 1077
260 1086
263 1096
268 1105
272 1115
280 1122
280 1132
287 1140
292 1149
299 1157
307 1164
314 1172
319 1181
325 1189
334 1194
342 1200
350 1207
357 1215
367 1219
374 1227
384 1229
394 1229
403 1234
413 1235
423 1239
432 1244
442 1244
451 1249
460 1254
470 1254
480 1254
490 1254
499 1259
509 1259
519 1259
529 1259
539 1259
549 1259
559 1257
569 1252
579 1247
587 1239
597 1234
607 1234
617 1234
625 1226
633 1219
640 1211
650 1206
658 1199
668 1199
675 1191
683 1184
692 1179
697 1169
705 1161
713 1154
722 1149
727 1139
732 1129
737 1119
745 1111
750 1101
758 1094
765 1086
769 1072
774 1057
779 1047
779 1037
787 1029
795 1021
799 1007
804 996
799 987
804 972
809 957
814 942
822 934
824 917
824 907
829 897
829 887
834 872
834 862
839 852
844 842
844 832
844 822
849 807
849 797
849 787
854 777
862 769
864 757
869 747
869 737
874 727
874 717
874 707
879 697
879 687
884 677
884 667
884 657
889 647
889 637
894 627
894 617
894 607
899 592
899 582
904 572
909 557
909 547
909 537
914 522
919 512
929 509
938 514
948 515
957 520
967 524
976 529
986 529
990 539
985 555
985 565
985 575
980 590
980 600
980 610
975 620
975 630
975 640
970 655
970 665
965 680
965 690
965 700
965 710
960 720
960 730
960 740
960 750
960 760
955 770
955 780
950 790
950 800
950 810
945 820
940 835
940 845
940 855
935 865
930 875
930 885
930 895
925 905
925 915
925 925
920 935
920 945
915 955
910 970
905 985
905 995
900 1005
895 1020
889 1035
880 1040
880 1050
880 1060
875 1070
870 1085
868 1103
863 1113
858 1123
853 1133
845 1140
838 1153
833 1163
825 1170
820 1180
813 1188
808 1198
803 1208
795 1215
790 1225
782 1234
774 1240
765 1245
765 1255
765 1265
764 1282
757 1290
748 1285
739 1290
730 1295
720 1295
713 1303
703 1308
695 1315
685 1320
675 1325
665 1325
656 1330
647 1335
637 1339
629 1345
620 1350
610 1350
600 1350
591 1355
581 1355
572 1360
562 1364
552 1365
542 1365
532 1365
522 1369
512 1370
502 1370
492 1370
482 1370
472 1370
462 1370
453 1365
444 1360
435 1355
425 1355
415 1355
406 1350
396 1348
386 1345
376 1345
366 1345
357 1340
348 1335
340 1328
331 1323
321 1320
312 1315
303 1310
294 1305
285 1300
277 1294
269 1287
262 1279
254 1272
247 1264
239 1257
232 1249
224 1242
217 1234
212 1225
208 1215
200 1208
194 1200
189 1191
184 1182
180 1172
175 1163
174 1153
167 1145
160 1137
155 1128
154 1118
154 1108
149 1099
149 1089
144 1080
144 1070
139 1061
139 1051
139 1041
139 1031
139 1021
139 1011
134 1002
134 992
134 982
134 972
134 962
134 952
134 942
