74 617
74 627
77 639
69 647
74 656
79 665
79 675
79 685
84 694
84 704
89 713
94 722
94 732
94 742
102 749
104 759
109 768
114 777
119 786
119 796
126 804
134 810
137 820
144 828
149 837
154 846
161 854
169 860
175 868
183 875
190 883
198 890
205 898
213 905
222 910
231 915
239 921
249 925
258 930
267 935
276 940
286 940
295 945
304 950
314 950
324 950
333 955
342 960
352 960
362 960
371 965
381 965
391 965
401 965
411 965
421 965
430 960
439 965
449 965
458 960
468 960
478 958
488 955
498 955
508 953
518 950
528 950
538 948
548 945
558 945
567 940
576 935
586 935
595 930
604 925
613 920
622 914
630 905
640 905
648 898
658 895
668 895
678 893
685 885
695 885
704 880
712 874
722 870
731 865
739 857
749 852
757 845
766 840
774 832
782 824
790 810
795 795
803 788
808 778
813 768
815 753
810 744
804 736
794 734
784 734
774 734
765 739
756 744
747 749
737 749
727 749
717 754
707 754
697 754
687 759
677 764
668 769
659 774
649 774
641 780
631 784
622 789
612 789
602 794
593 799
583 799
574 804
564 807
554 812
544 814
534 814
525 819
515 819
505 819
496 824
487 819
477 819
468 824
458 820
448 819
439 824
429 821
419 819
410 814
400 814
390 814
380 814
370 814
364 806
354 804
344 804
334 801
326 794
317 789
309 782
305 772
297 765
290 757
282 750
275 742
267 735
265 725
265 715
262 705
258 695
250 688
245 679
240 670
240 660
245 650
250 635
250 625
250 615
255 605
260 595
268 588
270 575
270 565
275 555
280 545
288 538
298 533
305 525
310 515
318 508
325 500
333 493
340 485
350 480
359 475
368 470
377 465
386 460
395 455
405 450
414 445
424 442
434 437
444 435
453 430
462 425
471 420
481 420
490 415
499 410
508 405
518 403
528 400
538 400
547 395
556 390
566 390
575 385
585 385
594 380
604 377
614 375
624 375
634 372
644 370
654 370
663 365
673 365
683 365
692 360
702 360
712 360
722 360
732 360
742 360
752 360
762 360
772 359
782 355
792 355
802 354
812 350
821 355
831 355
840 350
849 355
859 355
868 350
878 350
888 350
898 350
908 350
917 345
927 345
937 345
946 340
956 343
966 345
975 340
985 340
995 340
1005 335
1015 335
1025 335
1034 330
1043 335
1053 335
1062 330
1072 330
1082 330
1092 330
1102 330
1112 329
1122 325
1132 325
1142 324
1152 320
1162 320
1172 320
1182 320
1191 315
1201 315
1211 315
1221 315
1231 315
1240 310
1250 310
1260 305
1270 305
1279 310
1289 307
1299 305
1308 310
1318 308
1328 305
1338 303
1348 298
1358 295
1367 289
1377 285
1386 280
1395 275
1405 270
1414 265
1422 259
1430 250
1440 245
1450 240
1460 235
1470 230
1478 223
1488 218
1498 213
1505 205
1513 198
1520 190
1525 175
1525 165
1525 155
1522 145
1514 139
1504 136
1494 134
1485 129
1475 129
1465 129
1456 124
1447 119
1438 114
1430 108
1423 100
1413 99
1403 99
1393 95
1383 94
1373 91
1364 86
1354 87
1344 89
1334 89
1325 94
1316 89
1306 89
1297 94
1287 94
1277 94
1267 94
1257 94
1247 94
1238 99
1228 99
1218 99
1208 99
1198 99
1188 99
1178 99
1168 95
1158 94
1148 94
1138 90
1128 89
1118 89
1109 84
1099 84
1089 84
1079 84
1069 84
1059 84
1049 84
1039 87
1029 89
1019 89
1009 92
999 94
989 94
980 99
970 99
960 99
951 104
942 109
932 109
923 114
913 114
903 114
894 119
885 124
875 126
865 129
855 129
845 131
837 139
827 139
817 139
808 144
798 144
788 144
778 144
768 144
758 144
749 149
739 149
729 152
719 154
710 159
700 161
690 164
680 164
670 166
660 169
650 169
640 171
632 179
622 179
612 179
602 179
592 179
582 184
572 184
563 189
554 194
544 194
534 197
524 202
514 204
504 207
494 209
485 214
475 216
468 224
458 224
449 219
440 224
430 226
423 234
414 239
404 242
394 247
385 254
375 256
368 264
359 269
350 274
340 276
332 284
322 284
312 289
302 294
292 299
282 304
273 309
264 314
255 319
246 324
237 329
228 334
220 341
212 349
203 354
195 361
187 369
178 374
170 381
160 386
152 394
147 404
139 412
134 422
130 436
122 444
117 454
112 464
104 472
99 482
99 492
94 502
94 512
89 527
89 537
84 547
79 562
79 572
79 587
79 597
79 607
