184 1467
184 1457
189 1447
189 1437
189 1427
189 1417
194 1407
194 1397
194 1387
194 1377
194 1367
194 1357
194 1347
194 1337
194 1327
199 1312
204 1302
212 1294
217 1284
224 1267
232 1259
234 1242
242 1234
244 1217
244 1207
244 1197
249 1187
249 1177
257 1169
259 1157
269 1152
274 1142
282 1134
289 1122
294 1112
302 1104
307 1094
312 1084
319 1072
327 1064
337 1059
345 1051
350 1041
360 1036
368 1029
372 1019
380 1011
390 1006
398 999
405 991
410 981
418 974
425 966
430 956
435 946
443 939
449 927
457 919
466 914
474 907
482 899
490 891
498 884
507 879
512 869
520 861
528 854
537 849
542 839
550 831
560 826
565 816
573 809
583 809
592 804
599 812
607 819
616 824
624 831
630 839
639 844
648 849
655 857
663 864
665 880
660 890
654 900
645 905
638 913
630 920
623 928
615 935
607 944
602 954
594 960
585 965
578 978
570 985
570 995
562 1004
554 1010
545 1015
540 1025
530 1030
523 1038
518 1048
510 1055
503 1068
495 1075
493 1088
485 1095
478 1103
470 1110
463 1123
458 1133
450 1140
443 1153
435 1160
433 1173
425 1180
418 1193
410 1200
408 1213
400 1220
398 1238
390 1245
385 1255
380 1270
380 1280
375 1290
370 1300
365 1310
363 1323
355 1330
355 1340
350 1355
350 1365
345 1380
345 1390
340 1400
340 1410
340 1420
340 1430
340 1440
340 1450
340 1460
340 1470
340 1480
340 1490
340 1500
340 1510
340 1520
345 1529
345 1539
345 1549
350 1558
358 1565
362 1575
370 1582
370 1592
374 1602
380 1610
385 1619
390 1628
398 1634
407 1639
416 1644
424 1651
430 1659
439 1654
449 1656
459 1659
469 1661
478 1666
488 1669
498 1669
508 1669
518 1669
528 1669
538 1669
548 1670
555 1678
565 1674
574 1669
584 1669
593 1664
602 1659
611 1654
616 1645
624 1637
634 1632
642 1624
650 1616
658 1609
665 1601
673 1594
682 1589
687 1579
692 1569
700 1561
704 1547
712 1539
719 1527
727 1519
737 1514
742 1504
750 1496
758 1489
762 1479
770 1471
774 1457
782 1449
787 1439
796 1434
804 1427
809 1417
817 1409
822 1399
829 1387
829 1377
837 1369
842 1359
850 1351
854 1332
862 1324
864 1312
872 1304
879 1292
887 1284
892 1274
897 1264
905 1256
910 1246
918 1239
919 1227
927 1219
934 1207
939 1192
944 1182
952 1174
957 1164
962 1154
969 1142
969 1132
977 1124
979 1112
984 1102
984 1092
989 1082
994 1072
1002 1064
1004 1052
1009 1037
1017 1029
1025 1021
1030 1011
1038 1004
1042 994
1047 984
1052 974
1059 962
1067 954
1072 944
1080 936
1085 926
1093 919
1097 909
1102 899
1110 891
1115 881
1123 874
1132 869
1140 861
1148 854
1155 846
1163 839
1167 829
1177 824
1185 816
1193 809
1199 797
1207 789
1212 779
1217 769
1222 759
1227 749
1229 737
1229 727
1234 717
1239 707
1247 699
1254 682
1262 674
1269 662
1277 654
1284 642
1292 634
1302 634
1304 622
1312 614
1322 609
1330 601
1335 591
1345 589
1351 580
1359 572
1367 564
1375 556
1385 551
1393 544
1400 536
1410 531
1420 529
1429 524
1439 517
1447 509
1457 509
1467 509
1477 504
1485 496
1495 491
1504 482
1512 474
1521 469
1529 462
1537 454
1547 449
1557 444
1567 444
1575 436
1585 434
1595 434
1603 440
1605 450
1607 460
1603 473
1598 483
1590 490
1600 494
1609 489
1618 484
1625 476
1633 469
1643 470
1652 475
1660 482
1660 492
1660 502
1660 515
1660 525
1655 535
1655 545
1650 555
1650 565
1645 575
1645 585
1640 595
1640 605
1640 615
1635 630
1630 645
1625 660
1620 670
1618 688
1610 695
1605 705
1605 715
1603 728
1595 735
1588 748
1583 758
1575 765
1568 773
1563 783
1555 790
1550 800
1543 813
1533 818
1525 825
1518 833
1513 843
1505 850
1500 860
1495 870
1488 878
1483 888
1478 898
1470 905
1463 915
1454 920
1448 928
1440 935
1433 943
1425 950
1418 958
1413 968
1408 978
1400 985
1395 995
1390 1005
1383 1013
1378 1023
1370 1030
1363 1043
1355 1050
1353 1068
1345 1075
1343 1088
1335 1095
1338 1108
1330 1115
1332 1125
1325 1135
1315 1140
1308 1148
1300 1155
1290 1160
1285 1170
1280 1180
1270 1180
1263 1193
1255 1200
1250 1210
1245 1225
1238 1238
1230 1245
1230 1255
1225 1265
1225 1275
1218 1283
1210 1290
1210 1300
1203 1313
1198 1323
1190 1330
1185 1340
1178 1353
1170 1360
1165 1370
1165 1380
1158 1393
1150 1400
1150 1410
1143 1418
1138 1428
1130 1435
1128 1453
1120 1460
1113 1473
1105 1480
1100 1490
1093 1498
1088 1508
1083 1518
1075 1525
1068 1538
1060 1545
1055 1560
1048 1568
1043 1578
1038 1588
1030 1595
1025 1605
1018 1613
1010 1620
1000 1625
995 1635
988 1648
983 1658
975 1665
968 1673
958 1678
953 1688
945 1695
938 1703
928 1708
918 1713
910 1720
903 1735
893 1738
888 1748
880 1755
872 1764
863 1770
854 1775
845 1780
837 1794
827 1799
819 1805
809 1807
799 1810
790 1815
784 1825
774 1825
765 1830
756 1835
747 1840
738 1845
729 1850
720 1855
710 1855
702 1864
692 1865
682 1869
672 1874
662 1875
652 1879
642 1879
632 1875
622 1875
612 1875
603 1870
594 1875
584 1875
574 1875
564 1875
554 1875
544 1875
534 1875
526 1868
516 1865
506 1868
496 1865
486 1865
477 1860
468 1855
458 1855
449 1850
439 1846
431 1840
421 1840
412 1835
403 1830
395 1823
388 1815
378 1815
369 1810
360 1805
352 1799
344 1792
335 1787
327 1780
320 1772
310 1768
304 1760
302 1750
293 1745
285 1738
278 1730
269 1725
264 1716
259 1707
254 1698
249 1689
244 1680
236 1674
229 1666
224 1657
219 1648
215 1638
209 1630
207 1620
204 1610
204 1600
199 1591
199 1581
199 1571
194 1562
194 1545
194 1535
189 1526
189 1516
184 1507
184 1497
184 1487
184 1477
