54 507
54 497
59 482
59 472
59 457
59 447
67 439
69 427
77 419
79 402
79 392
87 384
94 372
102 364
107 354
109 337
114 327
122 319
130 311
138 304
147 299
155 291
163 284
172 279
180 271
188 264
197 259
205 251
213 244
222 239
231 234
240 229
249 224
258 219
267 214
277 214
286 209
296 205
306 204
315 199
324 192
334 189
344 187
354 182
364 179
374 179
383 174
392 169
402 169
411 164
421 164
431 164
440 159
450 159
460 156
470 154
480 154
490 151
500 149
510 149
520 146
530 144
540 144
550 144
560 144
570 144
579 139
589 139
599 139
609 139
619 139
629 139
638 134
648 134
658 134
668 134
678 134
688 134
698 134
708 134
718 134
727 129
736 134
746 134
755 129
765 129
774 124
783 119
792 114
802 109
811 104
821 104
831 104
840 109
850 109
860 109
870 109
880 109
890 106
900 104
910 104
920 101
930 99
940 99
949 94
959 94
969 92
977 84
987 84
997 84
1005 76
1015 74
1025 74
1035 71
1045 69
1055 69
1064 64
1074 64
1084 62
1092 54
1102 54
1112 54
1121 49
1131 49
1141 49
1150 44
1160 44
1170 41
1180 42
1190 44
1200 44
1210 44
1220 44
1230 44
1240 47
1249 52
1259 54
1269 56
1279 59
1289 59
1299 61
1309 64
1319 64
1329 66
1335 74
1343 80
1342 99
1333 105
1323 108
1315 115
1320 124
1329 119
1339 119
1347 125
1355 132
1352 144
1344 152
1334 155
1325 160
1318 168
1310 175
1301 180
1292 185
1282 189
1274 195
1265 200
1257 209
1249 215
1240 220
1233 228
1225 235
1215 240
1205 245
1195 250
1186 255
1177 260
1167 264
1159 270
1149 272
1139 275
1130 280
1120 280
1110 285
1101 290
1091 290
1081 290
1072 295
1062 295
1052 299
1042 299
1032 295
1022 295
1012 295
1002 295
992 295
983 300
973 300
963 303
955 310
945 310
936 315
927 320
917 320
908 325
899 330
889 330
879 332
869 335
859 335
849 337
839 340
829 340
820 345
810 345
800 345
791 350
781 350
771 350
761 353
751 350
741 350
731 353
721 350
711 350
701 350
691 350
681 350
671 350
661 350
652 355
643 350
633 350
623 353
613 355
603 355
593 358
583 360
573 360
564 365
554 365
544 365
535 370
525 367
515 365
506 370
496 370
486 370
476 370
466 370
456 370
447 375
437 379
427 380
418 385
408 385
398 385
389 390
379 390
369 390
360 395
351 400
341 400
332 405
322 405
312 409
302 410
292 414
282 419
272 420
263 425
254 430
245 435
235 435
227 444
219 450
210 455
205 465
203 483
195 490
190 505
185 515
185 525
180 535
180 545
175 560
175 570
180 579
180 589
180 599
185 608
190 617
197 625
205 632
209 642
214 651
220 659
230 662
237 670
247 674
256 679
265 684
274 689
284 689
292 695
302 699
312 699
321 704
331 704
340 709
350 709
359 714
369 714
379 714
389 714
399 714
409 714
418 719
427 714
437 714
446 719
456 715
466 714
476 714
486 710
496 709
506 709
515 704
525 704
535 704
544 699
554 699
564 699
573 694
583 694
593 694
602 689
612 684
622 679
632 679
641 674
651 670
661 669
671 669
680 664
689 659
699 659
708 654
717 649
727 649
737 644
746 639
756 639
765 634
774 629
784 629
793 624
803 624
813 624
822 619
832 619
842 619
852 619
862 619
869 627
877 634
875 650
875 660
870 670
860 675
851 680
842 685
834 692
824 697
814 702
804 707
796 715
786 715
777 720
767 724
759 730
749 730
740 735
730 740
720 740
712 749
702 750
693 755
684 760
675 765
665 765
658 773
648 775
638 775
628 778
618 780
608 780
599 785
589 787
579 790
570 795
560 800
550 800
542 809
532 810
522 814
512 819
502 820
492 824
482 825
472 825
462 829
452 830
442 830
432 834
422 835
413 830
403 830
394 825
385 820
376 825
367 820
357 820
347 824
337 825
327 825
317 825
307 825
298 820
288 820
280 813
271 808
261 805
251 804
242 799
232 795
222 795
215 787
205 785
196 780
187 775
180 767
172 760
163 755
155 748
146 743
136 739
127 734
119 727
115 717
110 708
104 700
103 690
95 683
89 675
84 666
84 656
79 647
79 637
74 628
67 620
64 610
64 600
64 590
64 580
59 571
54 562
54 552
59 536
59 526
54 517
