284 902
284 892
289 877
289 867
289 857
294 847
294 837
294 827
299 812
304 802
309 787
314 777
319 767
324 757
329 747
337 739
342 729
350 721
358 714
364 702
369 687
377 679
386 674
395 669
405 666
415 661
423 654
432 649
441 644
449 637
459 634
468 629
477 624
487 619
497 619
506 614
516 610
526 609
535 604
545 604
554 599
564 599
574 597
584 594
593 589
603 589
612 584
622 584
632 579
642 579
652 574
662 574
672 574
681 569
691 569
701 569
710 564
720 564
730 564
739 559
749 559
759 559
769 559
778 554
788 554
798 554
807 549
817 549
827 544
837 544
847 544
856 539
866 539
876 535
886 534
896 534
905 529
915 529
924 524
934 524
944 522
954 519
964 519
974 517
984 514
994 514
1004 512
1014 507
1022 499
1032 494
1042 494
1052 494
1061 499
1071 499
1081 499
1091 499
1101 499
1111 499
1121 499
1131 499
1141 499
1151 499
1161 499
1171 499
1181 499
1191 495
1201 494
1211 494
1221 494
1231 494
1240 499
1250 499
1260 499
1270 499
1280 499
1289 494
1299 494
1309 494
1319 494
1329 492
1339 489
1348 484
1355 476
1359 462
1359 452
1364 442
1372 434
1377 424
1379 411
1374 402
1374 392
1374 382
1382 374
1390 366
1398 359
1402 349
1404 332
1404 322
1409 312
1419 307
1429 304
1437 310
1442 319
1445 329
1445 339
1440 350
1440 360
1435 375
1435 385
1435 395
1435 405
1440 414
1450 414
1460 414
1469 407
1477 399
1482 389
1489 377
1497 369
1505 361
1513 354
1522 349
1532 349
1542 344
1551 349
1561 349
1571 349
1581 349
1591 345
1601 340
1611 339
1620 334
1630 331
1640 329
1650 326
1660 324
1670 324
1679 319
1689 319
1698 314
1708 314
1718 314
1727 309
1737 309
1746 304
1756 304
1766 304
1775 299
1785 299
1795 296
1805 294
1815 294
1824 289
1834 289
1844 289
1854 287
1864 284
1874 284
1884 284
1894 282
1904 279
1914 279
1924 279
1934 279
1944 279
1954 279
1964 279
1974 279
1984 279
1994 279
2004 279
2014 279
2024 279
2034 279
2044 281
2054 284
2064 284
2074 284
2083 289
2093 289
2103 290
2113 294
2123 295
2133 299
2143 300
2152 305
2162 309
2172 309
2181 314
2190 319
2199 324
2209 326
2219 329
2227 335
2237 339
2246 344
2255 349
2264 354
2273 359
2283 360
2292 365
2300 372
2309 377
2319 381
2325 389
2333 395
2342 400
2350 407
2358 414
2367 419
2374 427
2382 434
2389 442
2397 449
2406 454
2414 461
2420 469
2428 475
2435 483
2443 490
2450 498
2458 505
2465 513
2473 520
2480 528
2485 537
2489 547
2494 556
2500 564
2508 570
2515 578
2520 587
2525 596
2528 606
2530 616
2535 625
2535 635
2540 644
2540 654
2540 664
2540 674
2540 690
2540 700
2540 710
2540 720
2540 730
2540 740
2540 750
2542 760
2545 770
2545 780
2545 790
2545 800
2545 810
2545 820
2545 830
2545 840
2540 855
2535 870
2530 885
2525 895
2523 908
2518 918
2513 928
2508 938
2500 945
2495 955
2488 968
2480 975
2475 985
2470 1000
2465 1010
2460 1025
2455 1035
2450 1045
2445 1055
2440 1065
2435 1075
2430 1085
2425 1095
2420 1105
2415 1115
2410 1125
2403 1138
2395 1145
2388 1153
2380 1160
2373 1168
2365 1175
2358 1183
2350 1190
2340 1195
2332 1204
2322 1209
2312 1214
2302 1219
2292 1220
2283 1225
2274 1230
2264 1232
2254 1235
2244 1235
2234 1235
2224 1237
2214 1242
2204 1245
2194 1245
2184 1245
2174 1245
2164 1247
2154 1250
2144 1250
2134 1250
2124 1250
2114 1250
2105 1245
2095 1245
2085 1245
2075 1245
2065 1245
2055 1245
2045 1245
2035 1245
2025 1245
2015 1245
2005 1242
1995 1240
1985 1240
1975 1240
1965 1240
1955 1237
1945 1235
1935 1235
1926 1230
1916 1230
1907 1225
1897 1225
1887 1225
1877 1225
1867 1225
1857 1225
1847 1225
1838 1220
1828 1220
1819 1215
1809 1215
1800 1210
1790 1210
1781 1205
1771 1205
1761 1203
1751 1199
1742 1194
1734 1187
1725 1182
1717 1175
1710 1167
1700 1163
1693 1155
1684 1150
1675 1145
1665 1142
1655 1140
1645 1140
1635 1140
1625 1140
1615 1140
1605 1140
1595 1140
1585 1140
1575 1140
1565 1140
1555 1140
1545 1140
1535 1140
1525 1140
1516 1145
1506 1145
1496 1145
1486 1145
1476 1145
1466 1145
1457 1150
1447 1150
1437 1150
1427 1154
1417 1155
1407 1155
1398 1160
1388 1160
1379 1165
1369 1165
1360 1170
1350 1170
1340 1175
1332 1184
1322 1189
1313 1195
1304 1200
1294 1200
1285 1205
1275 1205
1266 1210
1257 1215
1247 1215
1238 1220
1228 1220
1218 1220
1209 1225
1200 1230
1191 1235
1182 1240
1173 1245
1163 1245
1153 1245
1144 1250
1134 1250
1124 1250
1115 1255
1105 1255
1095 1255
1085 1255
1075 1255
1065 1255
1055 1255
1045 1255
1036 1260
1026 1260
1016 1260
1006 1260
996 1260
986 1260
976 1260
966 1260
956 1260
946 1260
936 1260
927 1255
917 1255
907 1255
897 1255
888 1250
878 1250
869 1245
859 1245
850 1250
840 1250
830 1247
820 1245
810 1245
801 1240
791 1240
781 1240
772 1235
762 1235
753 1230
743 1230
734 1225
724 1225
715 1220
705 1220
695 1220
685 1220
676 1215
666 1213
656 1210
646 1208
636 1205
627 1200
617 1199
607 1195
598 1190
588 1190
579 1185
569 1182
560 1177
550 1175
540 1172
530 1170
520 1168
511 1163
501 1160
492 1155
483 1150
474 1145
464 1145
455 1140
446 1135
437 1130
428 1125
419 1120
409 1117
400 1112
390 1108
384 1100
375 1095
367 1089
359 1082
352 1074
344 1067
337 1059
329 1052
322 1044
314 1037
310 1027
304 1019
302 1009
297 1000
294 990
289 981
289 971
284 962
284 952
284 942
284 932
284 922
284 912
