124 782
124 772
129 762
129 752
134 737
134 727
139 717
139 707
144 692
149 682
154 672
159 662
167 654
174 642
182 634
190 626
198 619
207 614
216 609
224 602
232 594
240 586
248 579
257 574
266 569
275 564
284 559
294 559
303 554
312 549
322 549
331 544
341 544
350 539
360 539
369 534
379 534
389 534
398 529
408 529
418 529
428 529
437 524
447 524
457 524
467 524
476 519
486 519
496 519
506 519
515 514
525 514
535 514
545 511
555 509
565 509
575 506
585 504
595 504
605 504
614 499
624 497
634 494
644 492
654 489
664 489
674 489
683 484
693 484
703 484
713 484
723 484
732 479
742 479
752 479
762 479
772 479
782 474
792 474
802 474
811 469
821 469
831 469
841 469
851 469
861 469
871 469
881 469
891 469
900 464
910 464
920 464
930 464
940 464
950 464
960 464
970 464
980 464
990 464
1000 461
1010 456
1018 449
1022 439
1030 431
1038 424
1045 416
1055 411
1065 406
1075 401
1083 394
1092 389
1102 384
1112 379
1122 379
1131 374
1141 370
1149 364
1158 359
1167 354
1175 346
1183 339
1190 331
1198 324
1204 312
1209 302
1217 294
1222 284
1230 276
1238 269
1247 264
1255 256
1263 249
1272 244
1282 239
1291 234
1301 230
1311 229
1320 224
1330 221
1340 219
1350 216
1360 214
1370 214
1380 214
1390 214
1400 214
1410 211
1420 209
1429 204
1439 204
1448 199
1458 199
1467 194
1477 194
1486 189
1496 185
1506 184
1516 180
1526 179
1536 179
1546 179
1555 174
1565 174
1575 171
1585 169
1595 169
1605 169
1615 172
1625 174
1634 169
1644 169
1654 169
1664 169
1673 174
1683 174
1693 174
1703 175
1713 179
1722 184
1732 184
1742 184
1751 189
1761 189
1770 194
1780 197
1789 202
1799 206
1809 209
1818 214
1828 215
1835 223
1843 230
1850 238
1860 242
1867 250
1875 257
1879 267
1885 275
1890 284
1898 290
1905 298
1910 307
1910 317
1910 327
1905 340
1905 350
1905 360
1905 370
1905 380
1910 389
1910 399
1910 409
1910 419
1915 428
1920 437
1920 447
1925 456
1930 465
1932 475
1940 482
1944 492
1945 502
1949 512
1945 525
1945 535
1947 545
1950 555
1955 564
1955 574
1960 583
1965 592
1969 602
1970 612
1970 622
1970 632
1970 642
1975 651
1975 661
1975 671
1975 681
1970 690
1970 700
1970 710
1965 720
1965 730
1960 740
1960 750
1960 760
1962 770
1965 780
1967 790
1970 800
1970 810
1970 820
1965 830
1965 840
1965 850
1960 860
1955 875
1955 885
1950 895
1945 910
1940 925
1940 935
1935 945
1930 960
1925 975
1920 990
1915 1005
1910 1020
1905 1030
1900 1040
1893 1053
1885 1060
1880 1070
1875 1080
1870 1095
1860 1100
1850 1100
1840 1105
1831 1110
1822 1115
1813 1120
1804 1125
1794 1125
1785 1130
1775 1130
1765 1130
1755 1135
1745 1135
1735 1135
1726 1140
1716 1140
1706 1140
1696 1140
1686 1140
1676 1140
1666 1140
1656 1140
1646 1140
1636 1140
1627 1145
1617 1144
1607 1140
1597 1140
1587 1140
1577 1140
1568 1135
1558 1135
1548 1135
1538 1135
1528 1135
1519 1130
1509 1130
1500 1125
1490 1125
1480 1125
1470 1125
1460 1125
1450 1125
1440 1122
1430 1120
1420 1120
1411 1115
1401 1115
1392 1110
1382 1109
1372 1105
1363 1100
1355 1093
1348 1085
1340 1078
1334 1070
1326 1064
1319 1056
1314 1047
1309 1038
1306 1028
1296 1025
1287 1020
1277 1020
1267 1020
1257 1020
1247 1020
1237 1020
1227 1020
1217 1020
1207 1024
1197 1029
1192 1039
1187 1049
1182 1059
1177 1069
1172 1079
1164 1087
1156 1095
1146 1094
1139 1086
1134 1077
1134 1067
1139 1050
1139 1040
1136 1030
1126 1030
1116 1030
1106 1030
1096 1030
1087 1035
1077 1035
1068 1040
1059 1045
1050 1050
1043 1060
1034 1065
1025 1070
1016 1075
1006 1075
997 1080
987 1084
977 1085
967 1089
957 1090
947 1090
937 1090
928 1085
918 1085
908 1088
898 1093
890 1100
883 1108
873 1110
864 1115
854 1115
844 1117
834 1120
824 1120
814 1120
804 1120
794 1120
784 1120
774 1120
764 1120
755 1115
745 1115
735 1115
726 1120
716 1120
706 1120
696 1118
686 1115
676 1115
666 1115
656 1115
646 1113
636 1110
626 1110
617 1105
607 1105
598 1100
589 1095
579 1097
569 1100
559 1100
550 1095
540 1095
530 1092
520 1090
510 1087
500 1085
491 1080
481 1080
472 1075
462 1074
452 1070
445 1062
435 1060
426 1055
416 1055
406 1055
397 1050
387 1049
377 1045
368 1040
359 1035
349 1035
340 1030
331 1025
322 1020
313 1015
304 1010
296 1003
286 1000
277 995
267 995
258 990
249 985
241 979
232 974
224 967
215 962
207 955
198 950
190 943
183 935
175 928
169 920
161 914
154 906
149 897
142 889
137 880
134 870
129 861
124 852
124 842
124 832
124 822
124 812
124 802
124 792
