139 712
139 702
144 692
144 682
144 672
149 662
149 652
157 644
164 632
172 624
180 616
188 609
195 601
203 594
210 586
218 579
225 571
233 564
242 559
251 554
260 549
269 544
278 539
288 539
297 534
307 534
316 529
326 529
336 525
346 524
356 520
366 519
376 515
386 510
396 509
405 504
414 499
424 499
434 499
444 499
454 499
464 499
474 499
484 497
494 494
503 489
513 489
523 489
532 484
542 479
552 479
562 479
572 479
582 474
592 474
602 474
612 474
621 469
631 469
641 465
651 464
661 464
671 460
681 459
691 459
701 459
710 454
720 454
729 449
739 449
748 444
758 444
768 444
778 444
788 444
797 439
807 439
817 439
827 439
837 439
847 434
857 434
867 429
877 429
887 424
897 424
907 424
917 424
927 424
937 424
947 424
957 424
967 424
977 424
986 419
996 415
1004 402
1012 394
1020 386
1028 379
1035 371
1043 364
1052 359
1061 354
1069 347
1077 339
1087 334
1095 326
1103 319
1112 314
1120 306
1128 299
1135 291
1145 286
1153 279
1162 274
1170 266
1178 259
1185 251
1193 244
1200 236
1208 229
1212 219
1220 211
1228 204
1235 196
1243 189
1252 184
1262 184
1265 194
1260 205
1255 215
1250 225
1250 235
1245 245
1245 255
1245 265
1245 275
1247 285
1250 295
1255 304
1265 304
1275 304
1285 307
1295 309
1305 309
1315 309
1325 309
1335 309
1345 309
1355 309
1365 309
1375 309
1385 309
1394 314
1404 314
1414 314
1424 314
1434 314
1444 314
1454 314
1464 314
1474 314
1484 314
1494 314
1504 314
1514 314
1524 314
1534 314
1544 314
1554 314
1564 314
1573 319
1583 319
1593 319
1602 314
1612 314
1622 314
1632 314
1642 314
1652 314
1662 314
1672 314
1682 314
1691 319
1701 319
1711 319
1721 319
1731 319
1741 319
1751 319
1761 319
1771 319
1781 319
1791 319
1801 319
1811 319
1821 319
1831 319
1840 324
1850 324
1860 324
1870 324
1879 329
1889 329
1899 329
1909 331
1919 334
1929 334
1939 336
1949 339
1959 341
1969 344
1978 349
1988 349
1997 354
2007 354
2017 354
2026 359
2035 364
2045 367
2054 372
2062 379
2069 387
2077 394
2080 404
2085 413
2090 422
2090 432
2095 441
2095 451
2100 460
2100 470
2100 480
2095 495
2095 505
2100 514
2095 525
2095 535
2095 545
2100 554
2100 564
2105 573
2110 582
2110 592
2114 602
2115 612
2120 621
2120 631
2120 641
2115 655
2115 665
2115 675
2110 685
2105 700
2100 710
2095 725
2095 735
2095 745
2095 755
2095 765
2095 775
2095 785
2095 795
2095 805
2095 815
2095 825
2095 835
2090 850
2090 860
2085 870
2080 885
2080 895
2075 905
2075 915
2070 930
2065 945
2060 960
2058 973
2053 983
2048 993
2040 1000
2033 1013
2025 1020
2018 1028
2010 1035
2000 1040
1991 1045
1982 1050
1973 1055
1964 1060
1954 1060
1945 1065
1935 1065
1926 1070
1916 1070
1906 1070
1896 1070
1887 1075
1877 1075
1867 1075
1857 1075
1847 1075
1837 1075
1827 1075
1817 1075
1807 1075
1797 1075
1787 1075
1777 1075
1767 1075
1758 1070
1748 1070
1739 1065
1729 1065
1719 1065
1709 1065
1699 1065
1689 1065
1679 1065
1670 1060
1660 1057
1650 1055
1640 1055
1630 1055
1620 1055
1610 1055
1601 1050
1591 1049
1582 1044
1572 1040
1562 1039
1552 1035
1542 1035
1532 1035
1522 1035
1512 1035
1503 1030
1493 1030
1484 1025
1474 1022
1465 1017
1455 1013
1449 1005
1440 1000
1432 994
1424 987
1417 979
1407 975
1400 967
1390 963
1381 958
1371 955
1361 955
1352 950
1342 950
1332 950
1322 950
1312 950
1302 950
1292 950
1282 950
1272 950
1262 950
1252 950
1242 954
1232 955
1222 955
1212 955
1202 955
1193 960
1183 960
1174 965
1164 965
1154 967
1144 970
1134 972
1124 975
1114 977
1104 980
1095 985
1085 985
1076 990
1066 990
1057 995
1048 1000
1038 1003
1028 1005
1019 1010
1009 1012
999 1017
989 1020
980 1025
970 1025
961 1030
952 1035
943 1040
933 1043
923 1045
913 1045
904 1050
894 1050
884 1050
874 1052
864 1055
854 1055
844 1055
834 1055
824 1057
814 1060
804 1062
794 1060
784 1060
774 1060
764 1060
754 1060
744 1060
734 1060
724 1060
714 1060
704 1060
695 1055
685 1055
675 1055
665 1055
655 1052
645 1050
635 1050
625 1050
616 1045
606 1045
596 1043
586 1040
576 1038
566 1035
556 1033
546 1030
537 1025
527 1025
517 1025
508 1020
499 1015
489 1015
480 1010
470 1007
460 1005
450 1003
441 998
431 995
422 990
413 985
403 985
394 980
384 977
375 972
365 968
356 963
346 959
337 954
327 950
318 945
309 940
299 937
290 932
280 928
273 920
264 915
255 910
247 904
237 900
230 892
220 888
213 880
205 873
198 865
190 858
184 850
176 844
169 836
164 827
159 818
154 809
149 800
144 791
144 781
139 772
139 762
139 752
139 742
139 732
139 722
