239 752
239 742
244 732
244 722
249 712
254 702
259 692
267 684
275 676
283 669
290 661
298 654
302 644
310 636
318 629
327 624
335 616
345 611
353 604
362 599
370 591
380 589
389 584
399 582
409 579
418 574
427 569
437 569
446 564
456 564
465 559
475 559
484 554
494 554
504 554
513 549
523 549
533 549
543 549
552 544
562 544
572 544
581 539
591 539
601 539
611 539
621 539
631 535
641 534
651 530
661 529
671 529
680 524
690 524
700 524
710 524
720 524
729 519
739 519
749 519
758 514
768 514
778 514
788 514
798 514
808 514
818 514
827 509
837 509
847 509
855 501
859 482
859 472
859 462
864 452
869 442
877 434
885 426
893 419
900 411
910 406
918 399
928 399
937 394
946 389
956 385
966 384
976 384
985 379
995 379
1005 379
1015 379
1025 382
1035 384
1043 390
1050 398
1058 405
1067 410
1077 414
1087 409
1095 401
1105 396
1115 391
1125 389
1135 389
1145 389
1154 384
1163 379
1172 374
1182 369
1192 369
1202 364
1212 364
1222 364
1232 364
1241 369
1251 369
1261 369
1271 369
1280 374
1290 374
1299 379
1309 379
1319 381
1329 384
1339 386
1349 389
1359 389
1368 394
1378 394
1388 394
1398 394
1407 399
1417 399
1427 399
1437 399
1447 399
1456 404
1466 404
1476 404
1486 404
1495 409
1505 409
1515 409
1525 409
1535 409
1545 412
1555 414
1565 414
1575 414
1585 414
1595 414
1605 414
1615 414
1625 414
1635 414
1645 414
1655 414
1665 414
1675 414
1685 414
1695 414
1705 414
1715 414
1725 414
1735 417
1745 419
1755 419
1765 419
1775 419
1785 419
1795 419
1805 419
1815 422
1825 424
1835 424
1845 424
1855 424
1865 424
1875 424
1885 424
1895 424
1905 424
1915 427
1925 429
1935 429
1945 429
1955 429
1964 434
1974 434
1984 434
1993 439
2003 440
2013 444
2022 449
2031 454
2039 461
2045 469
2054 474
2062 480
2067 489
2070 499
2070 509
2075 518
2075 528
2080 537
2080 547
2080 557
2080 567
2080 577
2085 586
2085 596
2085 606
2085 616
2085 626
2085 636
2085 646
2085 656
2080 665
2075 680
2075 690
2075 700
2070 710
2070 720
2070 730
2065 745
2060 760
2055 775
2050 785
2045 795
2040 810
2040 820
2035 830
2035 840
2030 855
2025 870
2020 885
2015 895
2010 905
2005 915
2000 925
1995 940
1990 950
1985 960
1983 973
1975 980
1970 990
1965 1000
1958 1008
1950 1015
1942 1024
1934 1030
1925 1035
1915 1040
1905 1045
1895 1050
1885 1055
1875 1055
1865 1060
1855 1060
1846 1065
1836 1065
1826 1065
1817 1070
1808 1065
1799 1070
1789 1070
1779 1070
1769 1070
1759 1070
1749 1070
1739 1070
1729 1070
1719 1070
1709 1070
1699 1070
1689 1070
1679 1070
1669 1070
1660 1065
1651 1060
1641 1060
1631 1060
1621 1060
1611 1060
1602 1055
1592 1055
1582 1055
1572 1055
1562 1055
1553 1050
1543 1050
1533 1050
1523 1050
1513 1050
1504 1045
1494 1042
1485 1037
1477 1030
1470 1022
1462 1015
1458 1005
1450 998
1444 990
1434 990
1425 985
1415 985
1406 980
1396 980
1386 980
1376 980
1366 980
1356 980
1346 980
1337 975
1327 975
1317 975
1307 975
1297 975
1287 975
1277 979
1267 980
1257 980
1247 980
1237 980
1227 980
1218 985
1208 985
1198 985
1188 988
1178 990
1168 993
1158 995
1148 998
1138 1000
1129 1005
1119 1005
1110 1010
1100 1010
1090 1015
1080 1020
1071 1025
1062 1030
1052 1034
1042 1035
1033 1040
1023 1040
1014 1045
1005 1050
996 1055
986 1055
977 1060
967 1060
957 1064
947 1065
937 1069
927 1070
918 1075
908 1075
898 1075
888 1075
878 1075
868 1078
858 1080
848 1080
838 1080
828 1080
819 1075
809 1075
799 1075
789 1075
779 1075
769 1075
759 1077
749 1080
739 1080
731 1073
721 1070
712 1065
702 1065
693 1060
683 1060
673 1060
663 1060
654 1055
644 1055
635 1050
625 1050
615 1050
605 1047
595 1045
585 1045
576 1040
567 1035
557 1035
548 1030
538 1030
529 1025
519 1022
510 1017
500 1015
490 1012
480 1010
471 1005
461 1003
451 999
442 994
432 990
423 985
414 980
404 977
395 972
385 968
376 963
366 959
357 954
347 950
340 942
330 938
324 930
314 927
307 919
297 915
290 907
282 900
275 892
267 885
260 877
255 868
249 860
244 851
244 841
239 832
239 822
239 812
239 802
239 792
239 782
239 772
239 762
