139 832
139 822
144 807
144 797
149 782
149 772
154 757
159 747
167 739
175 731
183 724
190 716
198 709
207 704
216 699
225 694
234 689
244 687
254 682
264 679
273 674
282 669
292 664
302 659
312 654
320 646
328 639
337 634
347 629
356 624
364 617
372 609
381 604
390 599
399 592
409 587
419 582
429 579
438 574
448 574
457 569
467 569
477 564
487 564
497 559
507 559
516 554
526 554
535 549
545 549
554 544
564 544
573 539
583 539
592 534
602 534
612 529
622 529
632 524
642 524
652 524
661 519
671 519
680 514
690 514
700 511
710 509
720 506
730 504
740 501
750 499
760 499
770 499
779 494
789 494
799 494
809 494
819 494
829 494
839 494
849 494
859 494
869 494
878 489
888 489
897 484
906 479
915 474
924 469
933 464
942 459
951 454
960 449
969 444
978 439
987 434
997 434
1006 429
1014 422
1024 417
1034 412
1044 407
1054 402
1064 399
1073 394
1083 394
1092 389
1102 384
1112 384
1121 379
1130 374
1139 367
1147 359
1157 354
1165 346
1173 339
1182 334
1190 326
1195 316
1199 300
1194 291
1194 281
1189 272
1189 262
1189 252
1194 242
1194 232
1199 222
1199 212
1199 202
1199 192
1204 182
1209 167
1214 157
1222 149
1227 139
1235 131
1243 124
1252 119
1262 114
1272 109
1280 101
1290 99
1299 94
1308 89
1317 84
1327 84
1336 89
1345 94
1355 94
1365 94
1374 99
1384 101
1390 109
1399 114
1408 119
1417 124
1420 134
1428 140
1435 148
1440 157
1444 167
1449 176
1450 186
1455 195
1457 205
1462 214
1471 219
1481 219
1491 219
1499 212
1504 202
1509 192
1519 187
1529 184
1538 179
1548 179
1557 174
1567 169
1577 164
1587 159
1596 154
1605 149
1614 144
1624 142
1634 139
1644 139
1654 139
1664 139
1674 139
1684 139
1694 139
1703 144
1713 145
1723 149
1732 154
1741 159
1751 159
1760 164
1770 167
1780 169
1789 174
1799 174
1809 176
1819 179
1829 179
1839 181
1849 184
1859 184
1869 186
1879 189
1889 189
1898 194
1908 194
1917 199
1927 199
1936 204
1946 204
1955 209
1965 209
1974 214
1984 216
1994 219
2004 221
2014 224
2023 229
2033 229
2042 234
2052 234
2062 234
2072 234
2082 234
2092 234
2102 234
2112 234
2122 234
2132 234
2141 229
2151 229
2160 224
2170 224
2179 219
2189 217
2199 214
2209 214
2218 209
2228 209
2237 204
2247 204
2257 199
2267 199
2277 199
2286 204
2296 204
2305 209
2315 212
2325 214
2334 219
2342 225
2350 232
2359 237
2367 244
2374 252
2379 261
2385 269
2393 275
2397 285
2402 294
2405 304
2410 313
2415 322
2419 332
2424 341
2428 351
2433 360
2437 370
2445 377
2449 387
2454 396
2458 406
2465 414
2470 423
2475 432
2479 442
2480 452
2485 461
2490 470
2492 480
2495 490
2500 499
2500 509
2500 519
2505 528
2505 538
2510 547
2510 557
2515 566
2515 576
2515 586
2515 596
2515 606
2515 616
2515 626
2515 636
2515 646
2515 656
2515 666
2515 676
2515 686
2515 696
2515 706
2515 716
2515 726
2515 736
2510 745
2505 760
2500 775
2495 785
2490 795
2485 805
2480 815
2475 830
2475 840
2470 850
2465 860
2465 870
2460 885
2460 895
2460 905
2460 915
2455 925
2455 935
2450 945
2445 960
2445 970
2440 980
2440 990
2435 1000
2430 1010
2425 1025
2420 1035
2415 1045
2408 1058
2403 1068
2395 1075
2388 1083
2383 1093
2375 1100
2368 1108
2360 1115
2353 1123
2345 1130
2338 1138
2328 1143
2320 1150
2310 1155
2303 1163
2293 1168
2283 1173
2275 1180
2265 1180
2256 1185
2247 1190
2237 1190
2227 1194
2217 1195
2207 1199
2197 1200
2187 1204
2177 1205
2167 1209
2157 1210
2147 1210
2137 1210
2127 1210
2117 1214
2107 1215
2097 1215
2088 1220
2078 1220
2068 1220
2058 1220
2049 1215
2039 1215
2029 1215
2019 1217
2009 1220
1999 1220
1989 1220
1979 1220
1969 1220
1959 1220
1949 1220
1939 1220
1929 1220
1919 1220
1910 1215
1900 1215
1890 1215
1881 1210
1871 1210
1861 1209
1852 1204
1842 1200
1833 1195
1823 1195
1813 1195
1803 1195
1794 1190
1785 1185
1777 1179
1767 1175
1760 1167
1752 1160
1743 1155
1734 1150
1726 1143
1716 1139
1707 1134
1697 1130
1687 1130
1677 1130
1667 1130
1658 1125
1648 1125
1638 1125
1628 1125
1618 1125
1608 1125
1598 1125
1588 1125
1578 1125
1568 1125
1558 1125
1548 1125
1538 1125
1528 1128
1518 1130
1508 1130
1498 1130
1488 1130
1479 1135
1469 1135
1459 1135
1449 1135
1440 1130
1430 1130
1420 1130
1410 1130
1400 1130
1390 1130
1381 1135
1372 1140
1362 1144
1352 1145
1342 1149
1332 1150
1322 1150
1312 1154
1302 1155
1292 1159
1282 1160
1273 1165
1263 1168
1253 1173
1243 1178
1235 1185
1225 1190
1218 1198
1208 1203
1198 1208
1188 1213
1180 1220
1170 1225
1162 1234
1154 1240
1145 1245
1135 1250
1127 1259
1117 1264
1107 1269
1097 1274
1087 1279
1077 1284
1067 1289
1057 1290
1048 1295
1038 1298
1028 1300
1019 1305
1009 1305
1000 1310
990 1310
980 1310
970 1315
960 1315
950 1320
940 1320
931 1325
921 1325
911 1325
901 1325
891 1325
882 1330
872 1330
862 1330
852 1330
842 1330
832 1330
822 1330
813 1325
804 1320
795 1315
785 1315
775 1320
766 1325
756 1325
746 1325
736 1325
726 1325
716 1325
706 1325
696 1323
686 1320
676 1320
667 1315
657 1315
647 1315
637 1315
628 1310
619 1305
609 1305
599 1305
590 1300
580 1300
571 1295
561 1293
551 1290
541 1288
531 1285
522 1280
512 1279
502 1275
493 1270
483 1270
474 1265
464 1262
455 1257
445 1253
439 1245
431 1239
424 1231
416 1225
406 1223
396 1220
386 1220
376 1218
366 1215
356 1215
347 1210
338 1205
329 1200
321 1194
312 1189
304 1182
295 1177
285 1173
279 1165
269 1162
262 1154
252 1150
245 1142
237 1135
228 1130
220 1123
213 1115
204 1110
196 1104
192 1094
184 1087
180 1077
175 1068
174 1058
170 1048
169 1038
169 1028
164 1019
161 1009
159 999
154 990
152 980
149 970
144 961
144 951
139 942
139 932
139 922
139 912
139 902
139 892
139 882
139 872
139 862
139 852
139 842
