89 712
89 702
94 687
94 677
99 662
104 647
109 637
114 622
119 612
124 597
129 587
134 577
139 567
147 559
152 549
160 541
165 531
173 524
180 516
188 509
197 504
205 496
213 489
222 484
231 479
240 474
249 469
259 467
269 462
279 459
288 454
298 454
307 449
317 449
326 444
336 444
345 439
355 439
365 436
375 434
385 434
395 431
405 429
415 429
424 424
434 424
444 424
453 419
463 419
473 419
482 414
492 414
502 414
512 414
522 409
532 409
542 409
552 404
562 404
572 404
582 399
592 399
602 399
611 394
621 394
631 390
641 389
651 389
660 384
670 384
680 381
690 379
700 379
710 379
720 379
730 379
740 379
750 379
760 379
770 379
780 379
790 379
799 374
809 374
819 374
829 374
839 374
849 374
859 374
869 374
878 369
888 369
898 369
908 370
918 374
928 374
938 374
948 374
958 374
968 374
978 374
985 366
993 359
1002 354
1010 346
1015 336
1020 326
1024 307
1029 292
1034 282
1039 272
1039 262
1044 247
1044 237
1049 222
1054 212
1054 202
1054 192
1054 182
1059 167
1059 157
1059 147
1067 139
1075 145
1075 155
1075 165
1075 175
1075 185
1075 195
1070 205
1070 215
1070 225
1070 235
1072 245
1082 244
1089 232
1094 222
1102 214
1107 204
1115 196
1120 186
1128 179
1135 171
1145 166
1155 164
1165 167
1173 174
1182 179
1192 179
1202 179
1211 174
1221 170
1231 165
1241 164
1251 164
1260 159
1270 159
1280 159
1290 159
1300 159
1309 164
1319 164
1329 164
1339 164
1349 164
1359 164
1369 164
1378 169
1388 169
1398 169
1408 169
1418 169
1428 169
1438 169
1448 169
1458 169
1468 169
1478 169
1488 169
1498 169
1508 169
1518 169
1528 169
1538 169
1547 164
1556 169
1566 169
1576 169
1586 169
1596 169
1606 169
1616 169
1626 169
1636 169
1646 169
1656 169
1666 169
1676 169
1686 169
1695 174
1705 174
1714 179
1724 179
1734 179
1744 179
1754 179
1763 184
1773 185
1783 189
1793 189
1803 190
1813 194
1823 195
1833 199
1842 204
1852 204
1862 204
1871 209
1881 209
1891 209
1900 214
1908 220
1915 228
1925 232
1934 237
1944 241
1953 246
1960 254
1969 259
1978 264
1988 265
1997 270
2002 279
2005 289
2010 298
2010 308
2015 317
2019 327
2024 336
2028 346
2030 356
2035 365
2040 374
2048 380
2050 395
2050 405
2050 415
2050 425
2050 435
2050 445
2050 455
2050 465
2052 475
2055 485
2050 500
2055 509
2055 519
2055 529
2050 545
2050 555
2052 565
2055 575
2055 585
2055 595
2055 605
2060 614
2060 624
2060 634
2055 650
2055 660
2055 670
2055 680
2055 690
2055 700
2055 710
2050 720
2050 730
2045 740
2040 755
2035 765
2030 780
2025 790
2020 800
2020 810
2015 820
2010 835
2005 845
2000 860
1995 870
1990 880
1985 890
1978 903
1973 913
1968 923
1963 933
1958 943
1953 953
1945 960
1938 968
1930 975
1925 985
1917 994
1909 1000
1900 1005
1891 1010
1882 1015
1873 1020
1864 1025
1855 1030
1845 1030
1836 1035
1827 1040
1817 1040
1807 1040
1798 1045
1789 1050
1779 1050
1769 1050
1759 1050
1749 1052
1739 1055
1729 1055
1719 1055
1710 1050
1700 1050
1690 1050
1680 1050
1670 1050
1661 1045
1651 1045
1641 1045
1631 1045
1621 1045
1611 1045
1602 1040
1592 1040
1582 1040
1573 1035
1563 1035
1553 1035
1544 1030
1534 1030
1525 1025
1515 1022
1505 1020
1495 1017
1485 1015
1475 1015
1465 1015
1455 1015
1445 1015
1435 1013
1426 1008
1416 1005
1407 1000
1397 999
1387 995
1377 994
1367 990
1358 985
1349 980
1340 975
1330 975
1320 975
1315 985
1314 997
1309 1007
1299 1012
1289 1010
1279 1006
1274 997
1274 987
1269 978
1269 968
1265 958
1264 948
1258 940
1249 935
1240 930
1230 930
1220 930
1210 930
1200 930
1190 930
1180 930
1170 930
1160 930
1150 930
1140 935
1130 935
1120 935
1110 940
1100 940
1091 945
1081 945
1072 950
1062 950
1053 955
1044 960
1034 962
1024 967
1014 972
1004 977
994 980
984 980
975 985
965 990
957 999
947 1000
938 1005
928 1008
918 1010
909 1015
900 1020
890 1020
880 1025
871 1030
861 1030
852 1035
842 1035
833 1040
823 1040
813 1040
803 1040
794 1045
785 1050
775 1050
765 1050
755 1055
745 1055
735 1055
725 1055
715 1055
705 1055
695 1055
686 1060
677 1055
667 1055
657 1055
647 1055
638 1050
628 1050
618 1050
609 1055
599 1055
590 1050
580 1050
570 1050
560 1050
551 1045
541 1045
531 1043
521 1040
511 1040
502 1035
492 1034
482 1030
473 1025
464 1030
455 1025
445 1025
435 1022
425 1020
415 1017
405 1015
395 1013
386 1008
376 1005
367 1000
358 995
349 990
339 990
329 990
321 983
311 980
302 975
292 974
282 970
273 965
264 960
254 957
245 952
235 950
226 945
217 940
208 935
199 930
191 924
182 919
172 915
163 910
154 905
146 899
139 891
134 882
127 874
119 867
115 857
109 849
104 840
102 830
99 820
99 810
94 801
94 791
94 781
89 772
89 762
89 752
89 742
89 732
89 722
