104 672
104 662
109 652
109 642
109 632
114 622
114 612
119 602
119 592
124 577
129 567
134 557
142 549
150 541
160 536
168 529
177 524
185 516
190 506
194 492
199 482
207 474
215 466
223 459
232 454
242 449
252 444
262 439
272 434
282 429
292 429
301 424
311 420
321 419
330 414
340 414
349 409
359 409
369 409
379 409
388 404
398 404
408 404
418 404
428 404
438 404
447 399
457 399
466 394
476 394
486 394
496 394
506 394
515 399
525 399
534 404
544 404
554 404
564 404
574 404
584 402
594 399
603 394
613 394
622 389
632 389
642 389
652 389
662 389
672 389
682 389
691 384
701 384
711 384
721 384
731 384
741 384
750 389
760 389
770 389
780 389
790 389
800 389
810 389
819 384
829 384
838 379
847 374
857 374
867 374
876 369
886 365
891 355
894 342
902 334
911 329
920 324
930 324
939 317
947 309
957 304
967 299
977 294
986 289
995 284
1005 284
1015 284
1025 284
1035 284
1045 281
1053 274
1060 266
1070 261
1080 259
1090 262
1095 271
1105 274
1115 271
1125 266
1133 259
1142 254
1152 254
1162 249
1172 249
1181 244
1190 239
1199 232
1207 224
1216 219
1225 214
1234 209
1244 209
1253 204
1263 204
1273 204
1283 204
1293 204
1303 205
1313 209
1323 209
1333 209
1342 214
1352 214
1362 214
1371 219
1381 219
1391 219
1401 219
1410 224
1420 224
1430 224
1440 227
1450 229
1460 229
1470 229
1480 229
1490 229
1500 232
1510 234
1520 234
1530 234
1540 234
1550 234
1560 237
1570 239
1580 239
1590 239
1600 239
1610 242
1620 244
1630 244
1640 244
1649 249
1659 249
1669 249
1679 249
1689 249
1698 254
1708 254
1718 254
1727 259
1737 259
1747 259
1757 259
1767 259
1777 259
1787 259
1796 264
1806 264
1816 264
1826 264
1836 264
1846 264
1856 264
1866 264
1876 264
1886 264
1896 264
1906 264
1916 264
1925 269
1935 269
1945 272
1954 277
1964 281
1970 289
1980 292
1988 299
1997 304
2006 309
2014 316
2020 324
2028 330
2035 338
2043 345
2050 353
2058 360
2067 365
2072 374
2079 382
2087 389
2090 399
2098 405
2102 415
2105 425
2110 434
2110 444
2115 453
2120 462
2120 472
2120 482
2124 492
2125 502
2125 512
2125 522
2125 532
2129 542
2130 552
2130 562
2130 572
2130 582
2125 600
2125 610
2120 625
2120 635
2115 645
2110 660
2105 670
2105 680
2105 690
2105 700
2105 710
2105 720
2105 730
2105 740
2100 750
2100 760
2095 770
2095 780
2090 790
2090 800
2085 810
2085 820
2080 835
2075 850
2070 865
2065 880
2060 890
2053 903
2048 913
2040 920
2033 928
2025 935
2017 944
2007 949
1999 955
1990 960
1981 965
1971 965
1962 970
1953 975
1943 975
1934 980
1924 982
1914 985
1904 985
1895 990
1885 990
1875 990
1865 990
1856 995
1846 995
1836 995
1826 995
1816 995
1806 995
1796 995
1786 995
1776 995
1766 995
1756 995
1746 995
1736 995
1726 995
1716 995
1706 995
1696 995
1686 995
1676 995
1666 995
1656 993
1646 990
1636 990
1626 990
1616 988
1606 985
1596 985
1586 983
1576 980
1566 980
1556 978
1546 975
1536 973
1526 970
1517 965
1508 960
1500 953
1494 945
1489 936
1484 927
1480 917
1470 915
1460 915
1451 910
1441 910
1431 910
1422 905
1412 905
1402 905
1392 905
1382 905
1372 905
1363 900
1353 900
1343 900
1333 900
1323 900
1313 900
1303 900
1293 900
1283 900
1273 900
1263 900
1253 900
1244 905
1234 905
1224 905
1214 905
1204 905
1194 907
1184 910
1174 910
1164 910
1155 915
1145 915
1135 915
1125 915
1115 920
1105 920
1096 925
1086 925
1076 925
1067 930
1057 930
1047 934
1037 935
1028 940
1018 940
1009 945
999 947
989 950
980 955
970 955
961 960
951 960
942 965
932 969
922 970
913 975
903 975
894 980
884 980
874 982
864 985
854 985
844 987
834 990
824 990
814 990
804 990
795 985
785 985
775 985
765 985
755 985
745 990
735 990
725 990
716 995
706 995
696 995
686 995
676 995
666 995
656 995
646 995
636 993
626 990
616 990
606 990
596 988
586 985
576 985
566 985
557 980
547 980
537 979
527 975
517 975
507 975
497 975
488 970
479 965
469 965
460 960
450 960
441 955
431 953
421 950
411 948
401 945
391 943
381 940
371 940
361 940
352 935
345 927
335 923
326 918
316 914
307 909
297 905
288 900
279 895
269 892
260 887
250 883
243 875
234 870
224 867
215 862
207 855
198 850
189 845
179 845
174 836
169 827
162 819
154 812
150 802
142 795
139 785
131 778
126 769
122 759
117 750
114 740
109 731
109 721
109 711
109 701
104 692
104 682
