69 632
69 622
74 612
74 602
79 587
84 577
89 567
94 557
99 547
104 537
112 529
120 521
128 514
134 502
142 494
147 484
155 476
160 466
168 459
177 454
185 446
193 439
202 434
211 429
220 424
229 419
238 414
247 409
257 404
267 404
276 399
286 395
296 394
306 390
316 389
325 384
335 384
344 379
354 379
364 377
374 374
384 372
394 369
404 369
413 364
423 364
433 364
442 359
452 359
462 354
472 354
482 354
492 349
502 349
512 349
522 344
532 344
542 344
552 344
562 339
572 339
582 339
592 339
602 339
612 339
622 339
632 339
642 334
652 334
662 329
672 329
682 324
692 324
702 324
712 319
722 319
732 319
742 319
751 314
761 314
771 310
781 309
791 309
800 304
810 304
820 304
830 304
839 299
849 299
859 299
869 299
879 299
889 299
899 299
909 299
919 299
928 294
938 294
948 294
958 294
968 294
978 294
988 294
998 294
1007 289
1017 289
1027 289
1037 289
1047 289
1056 284
1065 279
1074 272
1084 267
1094 262
1102 254
1112 249
1121 244
1130 239
1139 234
1149 232
1157 224
1167 219
1177 214
1187 209
1197 209
1206 204
1215 199
1224 194
1234 192
1244 189
1253 184
1263 184
1272 179
1282 179
1291 184
1288 198
1278 203
1270 210
1265 220
1270 229
1270 239
1279 244
1289 244
1299 244
1308 239
1318 239
1327 234
1337 234
1347 234
1357 234
1367 234
1377 229
1387 229
1397 229
1407 229
1417 229
1426 224
1436 224
1446 220
1456 219
1465 214
1475 214
1485 214
1495 211
1505 206
1513 199
1523 199
1533 199
1543 199
1553 199
1563 199
1572 194
1582 189
1592 189
1602 184
1612 179
1622 179
1632 179
1642 179
1652 179
1662 179
1672 179
1682 179
1692 179
1702 179
1712 179
1722 179
1732 179
1742 179
1752 179
1762 179
1772 179
1782 179
1792 179
1802 179
1812 179
1822 179
1832 179
1842 179
1852 179
1862 179
1872 179
1882 179
1892 179
1902 179
1912 179
1922 179
1932 179
1942 179
1952 179
1962 179
1972 179
1982 179
1992 179
2002 179
2011 184
2021 184
2031 184
2040 189
2050 192
2059 197
2067 204
2077 204
2087 204
2096 209
2105 214
2114 219
2124 219
2133 224
2143 224
2152 229
2162 229
2171 234
2181 234
2190 239
2200 239
2210 242
2220 244
2229 249
2239 251
2249 254
2258 259
2267 264
2276 269
2285 274
2295 277
2304 282
2314 286
2320 294
2328 300
2337 305
2345 312
2350 321
2356 329
2364 336
2368 346
2373 355
2377 365
2382 374
2385 384
2390 393
2390 403
2395 412
2395 422
2399 432
2400 442
2400 452
2404 462
2405 472
2405 482
2405 492
2405 502
2410 511
2410 521
2410 531
2410 541
2410 555
2410 565
2410 575
2410 585
2410 595
2405 610
2405 620
2405 630
2400 640
2395 655
2390 670
2390 680
2385 690
2380 705
2375 715
2370 730
2370 740
2370 750
2370 760
2370 770
2365 785
2365 795
2360 810
2360 820
2355 835
2350 850
2345 865
2340 880
2335 890
2335 900
2330 910
2325 920
2320 935
2315 945
2310 955
2303 968
2295 975
2290 985
2283 993
2275 1000
2268 1008
2260 1015
2252 1024
2244 1030
2235 1035
2225 1040
2216 1045
2207 1050
2198 1055
2189 1060
2179 1062
2169 1065
2159 1067
2149 1070
2139 1070
2130 1075
2120 1075
2110 1075
2100 1075
2090 1075
2081 1080
2071 1080
2061 1080
2051 1080
2041 1080
2032 1085
2023 1080
2013 1080
2003 1080
1993 1080
1984 1075
1974 1075
1964 1075
1954 1075
1944 1075
1935 1070
1925 1070
1915 1070
1905 1070
1895 1070
1885 1067
1875 1065
1865 1065
1855 1062
1845 1060
1835 1060
1826 1055
1816 1055
1806 1055
1796 1053
1786 1050
1776 1050
1766 1048
1756 1045
1746 1045
1736 1043
1726 1040
1716 1040
1707 1035
1697 1035
1687 1034
1677 1030
1667 1030
1658 1025
1648 1025
1639 1020
1629 1020
1620 1015
1610 1013
1603 1005
1595 998
1589 990
1581 984
1577 974
1569 967
1560 962
1550 960
1541 955
1531 955
1521 955
1512 950
1502 950
1492 950
1482 950
1472 950
1463 945
1453 945
1443 945
1433 945
1423 945
1413 945
1404 940
1394 940
1384 940
1374 940
1364 940
1354 940
1344 940
1334 940
1325 945
1315 945
1305 945
1295 945
1285 945
1275 945
1265 945
1255 950
1245 950
1235 950
1225 955
1215 955
1206 960
1196 960
1186 960
1177 965
1167 965
1157 969
1147 970
1138 975
1128 978
1118 980
1109 985
1099 987
1089 990
1080 995
1070 995
1060 1000
1051 1005
1041 1005
1032 1010
1022 1014
1012 1015
1002 1015
993 1020
983 1023
973 1028
963 1033
953 1035
943 1035
933 1035
924 1040
914 1042
904 1045
894 1045
884 1047
874 1050
864 1050
854 1050
844 1050
834 1050
824 1050
814 1050
805 1055
795 1055
785 1055
775 1055
766 1050
756 1050
746 1050
736 1050
726 1050
716 1050
706 1048
696 1045
686 1045
676 1045
666 1043
656 1040
646 1040
636 1038
626 1035
616 1035
606 1035
596 1033
586 1030
577 1025
567 1024
557 1020
547 1020
537 1019
527 1015
517 1015
508 1010
498 1010
489 1005
479 1005
470 1000
460 997
450 995
441 990
431 988
421 985
412 980
402 980
393 975
384 970
374 970
365 965
355 962
345 960
336 955
327 950
318 945
308 945
299 940
290 935
281 930
272 925
262 925
253 920
245 913
239 905
229 902
220 897
210 893
203 885
194 880
186 874
177 869
169 862
162 854
152 850
145 842
137 835
130 827
124 819
119 810
111 804
107 794
99 787
94 778
89 769
87 759
82 750
79 740
79 730
74 721
74 711
69 702
69 692
69 682
69 672
69 662
69 652
69 642
