469 857
469 847
474 837
474 827
474 817
474 807
474 797
479 787
479 777
484 767
489 752
494 742
494 732
499 722
504 707
509 697
517 689
522 679
530 671
535 661
543 654
550 646
560 641
570 636
578 629
587 624
589 607
589 597
594 581
594 571
594 561
594 551
594 541
594 531
594 521
594 511
594 501
594 491
594 481
594 471
594 461
594 451
589 442
589 432
584 423
584 413
579 404
574 395
566 388
561 379
557 369
552 360
549 350
549 340
544 331
544 321
544 311
544 301
544 291
539 282
539 272
539 262
539 252
539 242
539 232
539 222
539 212
539 202
544 192
544 182
549 172
554 157
559 142
564 132
572 124
577 114
582 104
590 96
598 89
607 84
616 79
625 74
634 69
644 69
654 69
664 71
674 74
684 74
693 79
702 84
709 92
717 99
724 107
730 115
735 124
743 130
747 140
752 149
755 159
760 168
765 177
770 186
770 196
773 206
775 216
775 226
775 236
775 246
770 260
770 270
770 280
770 290
770 300
765 310
765 320
760 330
760 340
755 355
750 365
745 375
740 385
740 395
740 405
740 415
740 425
740 435
740 445
740 455
740 465
740 475
740 485
740 495
735 510
735 520
735 530
735 540
735 550
730 560
730 570
730 580
730 590
730 600
730 610
730 620
730 630
730 640
735 649
744 654
752 660
760 667
765 676
771 684
779 691
785 699
790 708
798 715
802 725
807 734
810 744
815 753
820 762
825 771
828 781
833 790
837 800
842 809
845 819
845 829
845 839
850 848
850 858
850 868
850 878
850 888
850 898
850 908
850 918
850 928
850 938
845 950
845 960
845 970
845 980
845 990
840 1000
840 1010
835 1020
835 1030
830 1045
830 1055
825 1065
820 1075
815 1085
810 1095
803 1103
798 1113
793 1123
788 1133
780 1140
773 1148
765 1155
757 1164
749 1172
741 1180
732 1185
723 1190
714 1195
705 1200
695 1205
685 1210
675 1210
666 1215
656 1215
646 1215
636 1213
626 1210
616 1209
607 1204
597 1200
588 1195
580 1188
574 1180
566 1174
559 1166
554 1157
547 1149
542 1140
535 1132
527 1125
520 1117
514 1109
509 1100
504 1091
499 1082
495 1072
490 1063
489 1053
489 1043
484 1034
484 1024
479 1015
479 1005
474 996
469 987
469 977
469 967
469 957
469 947
469 937
469 927
469 917
469 907
469 897
469 887
469 877
469 867
