54 922
54 912
59 902
67 894
75 886
83 879
90 871
100 866
108 859
117 854
126 849
135 844
144 839
153 834
162 829
172 824
182 819
190 811
200 806
208 799
217 794
226 789
234 782
242 774
251 769
260 764
269 759
278 754
285 746
295 741
305 736
315 731
323 724
332 719
340 711
348 704
357 699
367 694
377 689
385 681
395 676
403 669
410 661
418 654
427 649
436 644
444 637
452 629
461 624
469 617
477 609
487 604
495 596
505 591
513 584
522 579
531 574
540 569
549 564
558 559
567 554
577 549
587 544
595 536
603 529
610 521
620 516
630 511
640 506
648 499
655 491
663 484
670 476
678 469
684 460
679 451
679 441
674 432
674 422
674 412
674 402
674 392
674 382
679 367
679 357
684 347
684 337
689 327
694 317
699 307
707 299
714 287
722 279
729 267
737 259
745 251
753 244
760 236
768 229
775 221
785 216
793 209
802 204
811 199
820 194
829 189
838 184
847 179
857 174
867 169
877 164
887 164
897 159
907 154
917 149
927 149
937 144
947 144
956 139
965 134
975 134
984 129
994 129
1004 127
1014 124
1024 124
1034 124
1044 124
1054 124
1064 124
1074 124
1084 126
1094 129
1104 131
1113 136
1120 144
1129 149
1137 155
1145 162
1152 170
1160 177
1165 186
1170 195
1175 204
1180 213
1180 223
1180 233
1180 243
1180 253
1180 263
1180 273
1175 290
1170 300
1165 310
1165 320
1163 333
1158 343
1153 353
1148 363
1140 370
1135 380
1130 390
1125 400
1118 408
1110 415
1103 423
1095 430
1088 438
1080 445
1073 453
1065 460
1055 465
1048 473
1040 480
1032 489
1024 495
1015 500
1008 508
998 513
990 520
980 525
970 530
961 535
952 540
943 545
934 550
925 555
916 560
906 560
896 560
887 565
877 565
867 565
857 565
847 565
837 565
827 565
817 564
807 560
797 560
787 560
777 560
767 560
758 555
749 550
740 545
730 550
723 558
718 568
713 578
705 585
698 593
688 598
680 605
673 613
665 620
658 628
650 635
643 643
635 650
628 658
618 663
610 670
603 678
595 685
587 694
579 702
569 707
561 715
552 720
543 725
534 730
525 735
518 743
508 748
500 755
490 760
483 768
475 775
467 784
459 790
450 795
443 803
435 810
428 818
418 823
410 830
403 838
395 845
385 850
375 855
367 864
359 872
349 877
341 885
332 890
323 895
314 900
305 905
298 913
290 920
283 928
273 933
263 938
253 943
245 950
235 955
225 960
215 965
205 970
195 975
185 980
175 985
165 990
155 990
145 995
135 995
125 995
116 990
106 990
97 985
88 980
80 973
74 965
66 959
59 951
54 942
54 932
