99 222
99 212
104 202
109 192
114 182
122 174
130 166
138 159
145 151
155 146
163 139
172 134
181 129
191 129
200 124
210 124
220 124
230 124
240 124
250 124
260 124
270 124
279 129
289 129
299 131
309 134
319 136
328 141
338 144
347 149
357 149
366 154
375 159
385 162
395 164
405 167
414 172
424 176
433 181
443 185
452 190
462 194
471 199
480 204
488 210
495 218
505 222
512 230
520 237
527 245
535 252
542 260
550 267
554 277
562 284
565 294
573 300
580 308
585 317
589 327
594 336
595 346
598 356
600 366
600 376
605 385
605 395
605 405
605 415
605 425
600 440
600 450
595 460
600 469
608 475
615 483
623 490
630 498
638 505
647 510
657 514
666 519
674 526
680 534
688 540
695 548
705 552
714 557
724 561
733 566
743 570
752 575
762 579
769 587
777 594
786 599
794 606
803 611
810 619
819 624
827 630
835 637
843 644
852 649
861 654
869 661
875 669
883 675
892 680
900 687
908 694
917 699
926 704
935 709
943 715
952 720
960 727
968 734
977 739
986 744
995 749
1003 755
1012 760
1022 764
1031 769
1039 776
1045 784
1054 789
1063 794
1072 799
1079 807
1089 811
1095 819
1104 824
1113 829
1122 834
1131 839
1140 844
1150 847
1159 852
1169 856
1175 864
1184 869
1192 875
1200 882
1207 890
1215 897
1220 906
1225 915
1225 925
1223 943
1218 953
1210 960
1203 968
1195 975
1188 983
1178 988
1168 990
1158 993
1148 995
1138 995
1128 995
1119 990
1109 990
1100 985
1091 980
1082 975
1073 970
1064 965
1054 962
1045 957
1035 953
1029 945
1020 940
1011 935
1002 930
993 925
985 918
979 910
971 904
962 899
952 895
943 890
935 883
929 875
919 872
912 864
904 857
895 852
885 848
879 840
871 834
864 826
856 820
847 815
840 807
832 800
825 792
815 788
808 780
800 773
794 765
785 760
777 754
769 747
760 742
752 735
743 730
734 725
725 720
717 714
709 707
700 702
692 695
685 687
677 680
670 672
662 665
653 660
645 653
638 645
630 638
623 630
615 623
608 615
600 608
593 600
584 595
576 589
569 581
564 572
559 563
553 555
544 550
535 545
526 550
517 555
508 560
498 560
488 560
478 560
468 560
459 565
449 565
439 565
429 565
419 565
409 565
399 565
389 565
380 560
370 560
360 558
351 553
341 549
332 544
322 540
313 535
304 530
295 525
287 519
279 512
270 507
262 500
253 495
245 488
238 480
230 473
224 465
214 462
207 454
199 447
192 439
184 432
177 424
169 417
162 409
154 402
149 393
144 384
139 375
134 366
129 357
124 348
119 339
114 330
114 320
112 310
109 300
104 291
99 282
99 272
99 262
99 252
99 242
99 232
