135 386
135 376
140 361
140 351
145 336
150 326
150 316
155 306
163 299
168 289
173 279
180 271
190 261
195 251
203 244
213 239
218 229
223 219
230 211
240 201
245 191
253 184
260 176
268 169
278 164
288 159
295 151
305 141
313 134
320 126
330 121
340 116
348 110
357 105
366 100
376 95
386 90
396 85
406 80
416 80
426 75
436 75
446 70
456 70
466 70
476 65
486 65
496 65
506 65
516 65
526 65
536 65
545 70
555 70
565 73
575 75
584 80
593 85
599 93
609 96
615 104
623 110
629 118
635 126
644 131
650 139
655 148
663 155
666 165
676 169
684 176
688 186
693 195
696 205
701 214
710 219
718 225
721 235
725 245
726 255
731 264
735 274
740 283
745 292
745 302
750 311
755 320
755 330
760 339
765 348
765 358
765 368
765 378
770 387
775 396
775 406
775 416
775 426
775 436
775 446
775 456
775 466
770 475
765 485
760 495
755 505
750 515
743 528
738 538
730 545
725 555
718 563
708 568
700 575
695 585
687 594
679 602
671 610
662 615
653 620
644 625
635 630
625 630
615 630
605 630
595 630
585 630
575 630
565 630
555 626
545 625
535 625
525 625
515 621
505 620
495 620
485 616
475 615
465 615
455 611
445 610
435 606
425 605
416 600
406 598
396 594
389 586
381 580
373 574
365 567
358 559
350 552
343 544
335 538
330 529
325 520
320 511
320 501
315 492
310 483
306 473
301 464
298 454
293 445
290 435
285 426
285 416
285 406
285 396
285 386
285 376
290 366
290 356
295 346
300 336
308 329
315 316
320 306
328 299
335 291
343 284
350 271
358 264
368 259
375 251
383 245
392 240
400 231
410 226
418 220
427 215
436 210
446 210
456 210
466 210
476 210
486 210
496 210
506 210
516 210
526 210
535 215
545 218
555 220
565 223
574 228
582 235
591 240
599 246
605 254
613 260
619 268
624 277
629 286
635 294
640 303
644 313
645 323
645 333
645 343
645 353
643 368
638 378
630 385
623 393
615 400
606 405
597 410
592 419
584 427
574 432
564 437
554 442
544 445
534 447
524 452
514 455
505 460
495 460
485 460
475 456
465 453
459 445
454 436
450 426
450 416
455 406
463 399
473 394
483 390
493 389
503 385
513 385
523 384
533 379
543 374
553 369
558 359
565 351
575 348
575 338
575 328
568 320
564 310
556 304
550 296
542 290
532 289
522 285
513 280
503 280
493 280
483 280
473 280
463 280
453 280
444 285
435 290
428 298
418 303
410 310
403 318
395 325
390 335
383 343
375 350
368 363
360 370
360 380
355 390
355 400
355 410
360 419
360 429
365 438
369 448
374 457
379 466
380 476
383 486
390 494
398 500
401 510
406 519
415 524
425 528
434 533
444 535
453 540
463 540
472 545
482 545
492 545
501 550
511 550
521 550
530 555
540 555
550 555
560 555
569 560
579 560
589 560
599 560
609 560
619 560
628 555
637 550
641 540
649 533
656 525
664 518
671 510
679 503
685 491
693 484
698 474
703 464
705 454
705 444
705 434
705 424
705 414
705 404
705 394
700 385
695 376
695 366
695 356
694 346
690 336
685 327
685 317
680 308
675 299
670 290
665 281
665 271
660 262
653 254
645 248
640 239
635 230
630 221
625 212
618 204
610 198
604 190
599 181
595 171
585 168
579 160
571 153
561 149
552 144
542 140
532 139
522 135
512 135
502 135
492 135
482 139
472 140
462 140
452 144
442 145
432 149
422 150
412 154
402 159
392 164
382 169
373 175
364 180
355 185
345 190
338 203
330 210
320 215
313 223
305 230
298 238
290 245
280 250
275 260
267 274
259 280
253 288
248 298
240 305
230 310
225 320
220 330
215 345
210 360
210 370
205 385
205 395
205 405
205 415
205 425
205 435
205 445
205 455
205 465
205 475
205 485
205 495
205 505
205 515
210 524
215 533
215 543
220 552
225 561
230 570
235 579
243 585
252 590
259 598
267 605
276 610
284 616
290 624
300 628
310 630
320 633
329 638
337 645
341 655
351 659
360 664
370 668
380 670
390 670
400 673
409 678
419 680
429 680
439 680
448 685
458 685
468 685
477 690
486 695
496 695
506 695
515 700
524 705
534 705
544 705
554 706
563 711
573 715
583 715
593 715
602 720
611 725
621 725
631 729
640 734
648 740
657 735
667 735
676 740
685 745
695 745
704 750
714 750
720 736
725 726
733 719
743 714
753 710
763 709
773 705
783 705
793 704
803 700
813 700
823 700
833 699
843 695
853 694
863 690
873 689
883 685
892 680
901 675
911 675
921 675
931 675
940 680
950 680
959 675
969 675
978 680
988 680
997 675
1007 675
1016 680
1025 675
1035 675
1044 670
1054 670
1064 670
1074 670
1084 670
1093 675
1103 675
1113 675
1123 675
1132 680
1142 680
1152 680
1161 685
1170 690
1179 695
1189 695
1198 700
1207 705
1214 713
1224 715
1234 715
1244 715
1254 716
1263 721
1273 725
1283 725
1292 730
1301 735
1310 740
1318 746
1325 754
1335 758
1344 763
1352 770
1359 778
1367 785
1376 790
1384 796
1390 804
1398 810
1404 818
1412 825
1421 830
1430 835
1439 840
1449 840
1458 845
1468 845
1477 850
1486 855
1496 855
1506 855
1516 855
1526 855
1536 855
1546 855
1556 855
1566 855
1576 855
1586 855
1596 855
1606 855
1616 855
1626 855
1636 855
1646 855
1656 855
1666 855
1676 855
1686 855
1696 850
1706 845
1716 845
1726 849
1736 850
1746 845
1756 845
1766 845
1776 845
1786 845
1795 840
1804 835
1814 835
1824 835
1834 835
1844 835
1853 840
1863 840
1872 835
1882 835
1891 830
1901 825
1911 825
1921 825
1931 825
1941 825
1950 820
1959 815
1969 815
1979 815
1989 816
1999 820
2009 818
2019 815
2029 813
2039 808
2049 805
2059 803
2069 798
2079 795
2089 796
2099 800
2109 798
2119 795
2129 793
2139 788
2149 785
2159 783
2169 778
2179 775
2189 776
2199 780
2209 778
2219 775
2229 773
2239 768
2249 765
2259 765
2269 763
2279 758
2289 755
2299 755
2309 755
2319 755
2329 755
2339 755
2349 755
2359 755
2369 755
2379 755
2389 755
2399 755
2409 755
2419 755
2429 755
2439 755
2448 760
2457 765
2467 765
2477 765
2487 765
2496 770
2505 775
2515 775
2524 780
2533 785
2543 785
2553 785
2563 785
2572 790
2581 795
2590 800
2599 805
2608 810
2614 818
2622 825
2631 830
2640 835
2648 841
2655 849
2663 855
2672 860
2679 868
2685 876
2691 884
2695 894
2705 898
2713 905
2716 915
2721 924
2725 934
2730 943
2730 953
2734 963
2739 972
2740 982
2740 992
2744 1002
2745 1012
2745 1022
2745 1032
2745 1042
2745 1052
2745 1062
2745 1072
2745 1082
2740 1095
2740 1105
2740 1115
2740 1125
2735 1140
2735 1150
2730 1165
2725 1180
2720 1195
2715 1210
2710 1220
2710 1230
2705 1245
2705 1255
2700 1265
2700 1275
2695 1285
2690 1300
2690 1310
2685 1320
2680 1335
2675 1350
2670 1360
2665 1370
2663 1383
2658 1393
2653 1403
2648 1413
2643 1423
2638 1433
2630 1440
2623 1453
2615 1460
2608 1473
2600 1480
2593 1488
2585 1495
2578 1503
2570 1510
2563 1518
2555 1525
2545 1530
2538 1538
2530 1545
2523 1553
2513 1558
2505 1565
2495 1570
2486 1575
2477 1580
2467 1584
2457 1589
2447 1590
2438 1595
2429 1600
2420 1605
2410 1605
2401 1610
2391 1610
2382 1615
2372 1615
2362 1615
2352 1619
2342 1620
2332 1620
2322 1620
2313 1625
2303 1625
2293 1625
2283 1625
2273 1625
2263 1625
2254 1620
2245 1615
2236 1610
2226 1610
2216 1609
2207 1604
2198 1599
2188 1595
2178 1594
2168 1590
2158 1590
2149 1585
2140 1580
2131 1575
2121 1573
2111 1569
2105 1561
2095 1558
2088 1550
2079 1545
2071 1539
2065 1531
2055 1528
2049 1520
2044 1511
2040 1501
2030 1498
2023 1490
2014 1485
2006 1478
2000 1470
1995 1461
1994 1451
1990 1441
1989 1431
1985 1421
1985 1411
1985 1401
1985 1391
1985 1381
1985 1371
1985 1361
1985 1351
1985 1341
1985 1331
1985 1321
1990 1311
1995 1301
2000 1291
2005 1281
2010 1271
2015 1261
2015 1251
2020 1241
2025 1231
2030 1221
2035 1211
2043 1204
2048 1194
2055 1181
2063 1174
2068 1164
2073 1154
2080 1146
2088 1140
2095 1131
2100 1121
2108 1114
2113 1104
2120 1096
2130 1091
2138 1084
2148 1079
2158 1075
2167 1070
2176 1065
2186 1060
2196 1055
2206 1050
2216 1050
2226 1045
2236 1040
2246 1040
2256 1035
2266 1035
2276 1035
2285 1030
2295 1026
2305 1025
2315 1025
2325 1025
2335 1028
2345 1030
2354 1035
2363 1040
2373 1040
2382 1045
2389 1053
2399 1056
2408 1061
2415 1069
2420 1078
2428 1085
2437 1090
2446 1095
2454 1101
2459 1110
2468 1115
2474 1123
2482 1130
2491 1135
2499 1141
2505 1149
2510 1158
2518 1165
2524 1173
2530 1181
2535 1190
2540 1199
2540 1209
2545 1218
2549 1228
2554 1237
2559 1246
2560 1256
2563 1266
2568 1275
2570 1285
2570 1295
2570 1305
2570 1315
2570 1325
2563 1338
2558 1348
2550 1355
2545 1365
2538 1378
2533 1388
2525 1395
2518 1403
2510 1410
2503 1418
2495 1425
2487 1434
2479 1440
2470 1445
2463 1453
2455 1460
2445 1465
2437 1474
2427 1479
2417 1480
2408 1485
2398 1488
2388 1490
2378 1490
2368 1490
2359 1495
2349 1495
2339 1495
2329 1491
2320 1486
2310 1483
2303 1475
2293 1474
2283 1470
2274 1465
2264 1461
2255 1456
2245 1452
2238 1444
2230 1438
2224 1430
2216 1423
2211 1414
2210 1404
2205 1395
2200 1386
2200 1376
2200 1366
2200 1356
2200 1346
2200 1336
2200 1326
2205 1316
2210 1306
2215 1296
2223 1289
2230 1281
2238 1274
2245 1266
2255 1261
2265 1260
2274 1255
2284 1253
2294 1250
2304 1250
2314 1250
2323 1255
2332 1260
2339 1268
2344 1277
2340 1295
2332 1309
2323 1315
2314 1320
2304 1320
2295 1325
2285 1325
2275 1330
2270 1340
2270 1350
2270 1360
2270 1370
2275 1379
2280 1388
2288 1395
2297 1400
2306 1405
2316 1409
2325 1414
2335 1418
2344 1423
2354 1420
2364 1420
2374 1420
2384 1420
2393 1415
2403 1414
2413 1410
2423 1410
2432 1405
2441 1400
2451 1395
2459 1388
2464 1378
2471 1370
2480 1361
2485 1351
2490 1341
2495 1326
2500 1309
2500 1299
2500 1289
2500 1279
2495 1270
2490 1261
2485 1252
2480 1243
2480 1233
2476 1223
2471 1214
2466 1205
2458 1199
2450 1193
2444 1185
2436 1179
2431 1170
2423 1164
2415 1158
2409 1150
2401 1144
2394 1136
2385 1131
2375 1128
2369 1120
2361 1113
2351 1110
2342 1105
2333 1100
2324 1095
2314 1095
2305 1100
2295 1100
2286 1105
2276 1105
2266 1105
2257 1110
2247 1110
2238 1115
2229 1120
2219 1120
2210 1125
2201 1130
2192 1135
2183 1140
2174 1145
2165 1150
2158 1158
2153 1168
2145 1175
2135 1180
2128 1193
2123 1203
2118 1213
2110 1220
2103 1233
2098 1243
2090 1250
2085 1260
2080 1270
2075 1280
2075 1290
2070 1300
2065 1310
2060 1320
2055 1330
2055 1340
2055 1350
2055 1360
2055 1370
2055 1380
2055 1390
2055 1400
2055 1410
2060 1419
2060 1429
2065 1438
2073 1445
2079 1453
2087 1460
2094 1468
2102 1475
2109 1483
2117 1490
2126 1495
2134 1501
2143 1506
2153 1510
2162 1515
2171 1520
2181 1520
2190 1525
2199 1530
2208 1535
2218 1535
2227 1540
2237 1540
2246 1545
2256 1545
2266 1549
2276 1550
2286 1554
2296 1555
2305 1550
2315 1550
2325 1550
2335 1550
2344 1545
2354 1545
2364 1545
2374 1543
2384 1540
2393 1535
2403 1535
2412 1530
2421 1525
2431 1520
2441 1520
2450 1515
2459 1510
2468 1504
2478 1499
2485 1491
2493 1485
2502 1480
2510 1471
2518 1464
2525 1456
2535 1451
2543 1444
2548 1434
2555 1426
2560 1416
2568 1409
2575 1396
2580 1386
2585 1376
2590 1366
2595 1356
2600 1346
2605 1331
2610 1321
2615 1306
2620 1296
2620 1286
2625 1271
2630 1261
2630 1251
2635 1236
2635 1226
2640 1211
2640 1201
2645 1191
2650 1181
2655 1171
2655 1161
2660 1146
2665 1131
2665 1121
2670 1106
2670 1096
2670 1086
2670 1076
2675 1058
2675 1048
2675 1038
2675 1028
2675 1018
2670 1009
2670 999
2670 989
2670 979
2665 970
2660 961
2660 951
2655 942
2648 934
2640 927
2633 919
2625 912
2618 904
2613 895
2604 890
2594 886
2585 881
2577 874
2572 865
2563 860
2554 855
2544 855
2534 855
2525 850
2516 845
2506 845
2497 840
2488 835
2478 835
2468 835
2458 835
2449 830
2440 825
2430 825
2420 825
2410 825
2400 825
2390 825
2380 825
2370 825
2360 825
2350 825
2340 825
2330 825
2320 825
2310 825
2300 825
2290 825
2280 825
2270 830
2260 835
2250 835
2240 835
2230 840
2220 845
2210 841
2200 840
2190 840
2180 845
2170 845
2160 850
2150 855
2140 855
2130 860
2121 865
2111 863
2101 860
2091 860
2082 865
2072 865
2063 870
2054 875
2044 875
2035 880
2026 885
2016 885
2007 880
1997 880
1987 884
1977 885
1967 885
1957 884
1947 884
1939 890
1930 895
1920 895
1910 895
1900 895
1890 900
1881 905
1871 903
1861 900
1851 900
1842 905
1832 905
1822 905
1812 905
1802 904
1792 904
1784 910
1775 915
1765 915
1755 915
1745 911
1735 910
1725 910
1716 915
1706 915
1697 920
1688 925
1678 925
1668 925
1658 925
1648 925
1638 925
1628 925
1618 925
1608 925
1598 925
1588 925
1578 925
1568 925
1558 925
1548 925
1538 925
1528 925
1518 925
1508 925
1498 925
1488 925
1478 925
1468 925
1458 925
1449 920
1439 920
1429 922
1419 925
1409 925
1399 925
1390 920
1382 929
1373 935
1364 940
1355 945
1345 945
1335 945
1326 950
1316 950
1306 950
1297 955
1287 955
1277 955
1267 955
1257 955
1247 955
1238 950
1228 953
1218 955
1208 955
1198 955
1188 955
1178 955
1168 955
1158 955
1148 955
1138 958
1128 960
1118 963
1108 965
1098 965
1088 965
1078 965
1068 965
1058 965
1048 965
1039 960
1029 960
1020 955
1010 953
1001 948
991 944
982 939
973 934
965 927
958 919
950 912
943 904
935 897
928 889
920 882
913 874
905 867
898 859
890 853
883 845
873 844
863 840
853 840
844 845
834 845
825 840
817 834
807 834
797 835
788 830
779 825
770 820
760 825
750 823
741 818
731 815
721 813
711 810
701 810
692 815
682 814
673 809
663 805
653 805
644 800
636 793
626 795
616 795
607 790
598 785
588 785
578 785
568 785
559 780
550 775
540 775
530 775
520 773
511 768
501 765
491 765
481 764
472 759
462 755
452 755
442 755
433 750
423 750
413 750
404 745
395 740
385 740
375 740
366 735
357 730
347 730
338 725
329 720
319 716
310 711
302 704
297 695
288 690
278 690
269 685
259 681
250 676
240 673
234 665
226 659
219 651
211 645
203 639
195 632
188 624
180 618
175 609
169 601
165 591
160 582
155 573
150 564
145 555
144 545
139 536
135 526
135 516
135 506
135 496
135 486
135 476
135 466
135 456
135 446
135 436
135 426
135 416
135 406
135 396
