30 511
30 501
35 491
35 481
40 466
45 456
53 449
60 436
68 430
77 425
85 416
95 411
103 404
113 399
123 395
133 395
142 390
152 390
161 385
171 385
180 380
190 380
200 380
210 380
220 380
230 380
240 380
250 380
260 380
270 383
280 385
290 388
300 390
310 390
320 390
329 395
339 396
349 400
359 400
369 400
378 405
388 405
397 410
407 410
417 410
427 410
436 415
446 415
456 415
465 420
475 420
485 420
495 420
505 420
514 425
524 425
534 425
544 425
554 426
564 430
574 430
584 430
594 430
604 430
614 430
624 430
634 430
644 430
654 430
663 425
673 424
683 420
692 415
701 410
709 403
716 395
724 388
731 380
741 375
750 370
759 365
769 363
779 360
789 360
798 354
808 350
817 345
826 340
836 340
846 340
856 340
865 335
875 335
885 338
895 340
905 340
915 340
925 340
935 340
945 340
955 340
964 345
974 346
984 350
994 350
1004 351
1014 355
1024 355
1033 360
1040 368
1048 375
1058 375
1067 370
1077 370
1086 365
1096 365
1105 360
1115 360
1124 355
1134 355
1144 353
1154 350
1164 348
1174 345
1183 340
1193 340
1203 339
1213 335
1223 334
1233 329
1238 320
1247 315
1257 315
1265 306
1273 299
1283 294
1290 281
1295 266
1300 253
1300 243
1300 233
1300 223
1300 213
1300 203
1300 193
1300 183
1295 174
1291 164
1286 155
1280 147
1273 139
1265 132
1258 124
1250 117
1243 109
1235 103
1228 95
1219 90
1210 85
1201 80
1192 75
1182 75
1173 70
1163 70
1153 70
1143 70
1133 70
1124 75
1115 80
1105 85
1098 98
1090 105
1085 115
1078 128
1070 135
1065 150
1060 160
1055 175
1055 185
1050 195
1050 205
1050 215
1050 225
1051 235
1056 244
1064 251
1070 259
1078 265
1084 273
1092 280
1102 280
1112 280
1122 280
1132 280
1141 275
1151 275
1161 275
1171 270
1181 270
1190 265
1198 259
1205 251
1213 244
1215 231
1220 221
1225 212
1225 202
1225 192
1220 183
1214 175
1206 168
1201 159
1194 151
1185 146
1177 140
1167 140
1157 140
1147 140
1138 145
1128 148
1120 155
1115 165
1116 175
1124 181
1130 189
1140 193
1150 195
1160 195
1169 200
1175 208
1175 220
1167 229
1157 230
1147 230
1138 225
1128 225
1119 220
1111 214
1105 206
1095 203
1089 195
1084 186
1080 176
1080 166
1080 156
1085 146
1093 139
1098 129
1105 121
1115 116
1123 110
1133 110
1142 105
1152 105
1162 105
1172 105
1182 105
1191 110
1200 115
1208 121
1215 129
1225 133
1230 142
1236 150
1244 156
1248 166
1255 174
1260 183
1260 193
1260 203
1260 213
1255 225
1250 235
1245 245
1243 258
1238 268
1230 275
1220 280
1210 290
1202 299
1192 304
1182 305
1172 309
1162 310
1152 310
1142 314
1132 315
1122 315
1112 315
1102 315
1092 315
1082 314
1073 309
1065 302
1058 294
1050 287
1043 279
1035 272
1030 263
1025 254
1020 245
1015 236
1015 226
1015 216
1015 206
1015 196
1020 186
1020 176
1025 161
1030 146
1035 136
1040 121
1045 111
1055 101
1060 91
1068 84
1075 71
1083 64
1090 56
1098 50
1107 45
1116 40
1125 35
1135 35
1145 35
1155 35
1165 35
1175 35
1184 40
1194 40
1203 45
1212 50
1221 55
1231 59
1240 64
1248 70
1254 78
1264 81
1270 89
1278 95
1284 103
1292 110
1296 120
1304 126
1310 134
1318 140
1321 150
1326 159
1330 169
1335 178
1335 188
1335 198
1335 208
1335 218
1335 228
1335 238
1335 248
1335 258
1333 273
1328 283
1323 293
1318 303
1310 310
1303 318
1295 325
1287 334
1279 340
1270 345
1260 345
1252 354
1244 360
1235 365
1225 365
1215 370
1205 370
1196 375
1186 375
1177 380
1167 380
1158 385
1148 385
1139 390
1129 390
1119 392
1109 395
1099 397
1089 395
1080 400
1070 405
1061 410
1052 405
1042 409
1032 410
1022 414
1012 414
1004 420
994 417
987 425
978 420
968 423
958 428
950 435
943 443
935 450
928 458
920 465
910 470
900 475
890 480
880 480
871 485
861 485
851 485
842 480
832 480
822 480
812 480
802 480
792 479
782 479
772 480
762 480
752 479
742 475
732 475
723 470
714 465
705 460
696 465
687 460
677 464
667 465
657 465
647 465
637 465
627 465
617 465
607 465
597 465
587 465
577 465
567 465
557 464
547 460
538 455
528 458
518 459
508 455
498 455
488 455
479 450
469 452
459 450
449 450
439 450
431 443
421 445
411 443
401 440
391 443
381 440
372 435
362 434
352 430
342 434
332 430
323 425
313 424
303 420
293 424
283 420
273 419
263 415
253 415
243 415
233 415
223 415
213 415
203 415
193 415
183 415
173 418
163 420
153 423
143 425
134 430
124 430
115 435
108 443
98 448
90 455
83 463
75 470
70 485
70 495
65 510
65 520
65 530
66 540
70 550
70 560
70 570
75 579
75 589
80 598
85 607
85 617
89 627
90 637
94 647
95 657
100 666
103 676
108 685
111 695
116 704
124 711
130 719
135 728
144 733
152 740
159 748
169 751
175 759
185 760
194 765
203 770
213 770
222 775
232 775
242 775
252 775
262 775
272 775
281 770
291 770
301 765
311 760
321 760
330 755
339 750
348 744
355 736
363 729
370 721
375 711
375 701
375 691
375 681
375 671
374 661
370 651
365 642
360 633
356 623
350 615
345 606
340 597
333 589
325 583
319 575
310 570
301 565
292 560
282 559
272 555
262 554
252 550
242 550
232 554
222 559
214 565
205 570
195 575
185 585
180 595
173 603
165 610
160 625
155 635
155 645
155 655
155 665
160 674
165 683
173 690
176 700
186 704
196 705
205 710
215 710
225 710
235 710
244 705
254 703
261 695
269 688
269 670
260 665
251 660
241 659
234 651
230 641
235 631
245 626
255 625
264 630
274 631
283 636
290 644
295 653
300 662
305 671
305 681
300 695
300 705
293 713
285 720
278 728
268 733
258 738
248 743
238 748
228 750
219 745
209 745
199 745
190 740
181 735
173 729
165 722
158 714
150 707
143 699
135 693
130 684
125 675
120 666
120 656
120 646
120 636
125 621
130 611
135 596
140 586
150 576
158 569
165 561
173 554
180 546
190 541
198 534
208 529
215 521
225 520
234 515
244 515
254 515
264 516
274 520
284 521
294 525
303 530
312 535
321 540
331 540
339 546
345 554
353 560
356 570
364 576
370 584
375 593
380 602
386 610
391 619
395 629
400 638
404 648
409 657
410 667
410 677
410 687
410 697
410 707
405 725
405 735
398 743
388 748
380 755
374 765
365 770
357 779
347 784
338 790
328 793
318 795
309 800
299 802
289 805
280 810
271 815
261 815
251 815
242 810
232 810
222 810
212 809
202 805
192 804
183 799
173 795
164 790
154 786
146 780
138 774
130 767
123 759
115 752
108 744
100 738
93 730
89 720
81 714
78 704
73 695
70 685
65 676
60 667
60 657
55 648
55 638
50 629
50 619
48 609
43 600
40 590
35 581
35 571
35 561
34 551
30 541
30 531
30 521
