130 326
130 316
135 301
140 291
145 276
150 266
155 256
160 246
168 239
173 229
180 216
185 206
193 199
200 191
208 184
215 171
223 164
230 156
235 146
243 139
250 131
258 124
265 116
275 111
285 106
293 100
302 95
310 86
320 81
330 76
340 71
350 70
360 70
370 70
379 65
389 65
398 60
408 60
418 60
428 60
438 60
448 60
458 60
468 60
478 60
488 60
498 60
507 65
516 70
525 75
534 80
543 85
552 90
559 98
569 101
575 109
583 115
589 123
597 130
604 138
609 147
615 155
620 164
620 174
625 183
625 193
630 202
630 212
630 222
634 232
635 242
635 252
635 262
635 272
635 282
635 292
635 302
630 320
630 330
625 340
620 355
613 368
605 375
598 383
590 390
583 398
575 405
565 410
555 415
547 424
537 429
527 434
517 435
508 440
498 440
488 440
478 440
468 440
458 440
448 439
438 435
428 435
419 430
410 425
402 419
393 414
385 407
378 399
370 393
363 385
359 375
354 366
350 356
349 346
345 336
345 326
345 316
345 306
345 296
345 286
345 276
345 266
345 256
350 246
355 236
363 229
368 219
375 211
383 204
390 196
400 191
410 186
420 185
430 185
440 185
450 188
460 190
470 193
480 195
490 198
499 203
507 210
514 218
519 227
524 236
525 246
525 256
525 266
520 280
512 294
504 300
495 305
485 305
476 300
468 294
460 287
455 278
455 268
448 260
438 259
428 258
420 265
415 275
415 285
415 295
415 305
415 315
415 325
420 334
420 344
428 350
434 358
442 365
452 365
461 370
471 370
481 370
491 370
501 365
511 365
520 360
528 354
538 349
545 341
553 334
560 321
560 311
565 300
565 290
565 280
565 270
565 260
565 250
560 241
560 231
560 221
559 211
555 201
555 191
550 182
545 173
538 165
529 160
521 153
511 149
504 141
495 136
485 135
476 130
466 130
456 130
446 130
436 130
426 130
416 130
407 135
397 139
387 144
377 149
369 155
360 160
353 168
343 173
333 178
323 183
315 190
308 198
300 205
300 215
300 225
300 235
295 250
295 260
295 270
295 280
295 290
295 300
296 310
300 320
301 330
306 339
310 349
310 359
315 368
320 377
325 386
330 395
335 404
340 413
348 420
351 430
356 439
364 446
370 454
375 463
383 470
389 478
394 487
401 495
409 501
415 509
420 518
425 527
434 532
441 540
449 546
455 554
460 563
468 570
474 578
480 586
489 591
495 599
503 605
509 613
515 621
524 626
530 634
538 640
547 645
554 653
562 660
569 668
577 675
584 683
592 690
599 698
607 705
616 710
625 715
635 718
643 725
652 730
661 725
671 725
680 730
689 735
699 735
709 735
719 735
729 735
739 735
749 736
758 741
768 745
777 750
784 758
792 765
801 770
809 776
818 781
825 789
833 795
839 803
845 811
851 819
855 829
860 838
865 847
865 857
860 875
865 884
873 890
882 895
891 900
899 906
905 914
913 920
919 928
924 937
930 945
935 954
943 960
949 968
954 977
960 985
965 994
970 1003
975 1012
980 1021
985 1030
990 1039
995 1048
1004 1053
1012 1060
1019 1068
1025 1076
1031 1084
1039 1091
1043 1101
1045 1111
1050 1120
1058 1126
1065 1134
1073 1140
1076 1150
1084 1156
1088 1166
1093 1175
1096 1185
1101 1194
1105 1204
1110 1213
1110 1223
1110 1233
1115 1242
1120 1251
1123 1261
1125 1271
1130 1280
1131 1290
1135 1300
1140 1309
1140 1319
1140 1329
1140 1339
1145 1348
1145 1358
1145 1368
1145 1378
1145 1388
1145 1398
1140 1415
1135 1425
1130 1435
1125 1445
1120 1455
1115 1465
1110 1475
1103 1488
1098 1498
1090 1505
1085 1515
1080 1525
1075 1535
1070 1545
1065 1555
1060 1565
1053 1578
1048 1588
1040 1595
1035 1605
1030 1615
1023 1623
1015 1630
1010 1640
1002 1649
997 1659
989 1667
979 1672
969 1677
959 1680
950 1685
941 1690
932 1695
923 1700
913 1700
904 1695
894 1697
884 1702
874 1707
864 1710
855 1715
845 1715
836 1720
826 1720
816 1720
806 1720
796 1720
786 1720
776 1720
766 1720
756 1720
746 1720
736 1719
727 1714
718 1709
708 1705
699 1700
691 1693
681 1689
675 1681
665 1678
658 1670
649 1665
641 1659
634 1651
626 1645
618 1639
610 1632
603 1624
595 1617
590 1608
585 1599
580 1590
575 1581
575 1571
575 1561
575 1551
575 1541
575 1531
575 1521
575 1511
574 1501
570 1491
570 1481
570 1471
570 1461
570 1451
570 1441
570 1431
570 1421
575 1406
580 1391
585 1376
590 1366
595 1351
600 1341
608 1334
613 1324
620 1316
625 1306
633 1299
643 1294
650 1286
660 1281
668 1275
677 1270
686 1265
696 1260
706 1255
716 1255
725 1250
735 1250
745 1250
755 1250
765 1250
775 1250
785 1250
795 1253
805 1255
815 1258
824 1263
834 1266
843 1271
850 1279
858 1285
867 1290
874 1298
882 1305
886 1315
894 1321
898 1331
903 1340
906 1350
911 1359
915 1369
920 1378
920 1388
925 1397
925 1407
925 1417
925 1427
925 1437
925 1447
920 1460
920 1470
915 1480
910 1495
905 1505
900 1520
893 1533
885 1540
877 1554
872 1564
864 1572
854 1577
846 1585
837 1590
828 1595
818 1598
808 1600
798 1600
788 1600
778 1600
768 1600
759 1595
751 1588
741 1584
735 1576
725 1572
718 1564
710 1558
706 1548
701 1539
698 1529
693 1520
690 1510
685 1501
685 1491
685 1481
685 1471
685 1461
685 1451
685 1441
690 1426
695 1416
703 1409
710 1401
718 1394
728 1389
738 1385
748 1385
757 1380
767 1380
777 1380
786 1385
794 1391
800 1399
805 1408
800 1425
793 1438
785 1445
775 1450
765 1455
755 1455
755 1465
755 1475
755 1485
760 1494
760 1504
768 1510
771 1520
780 1525
789 1530
799 1530
808 1524
818 1519
825 1506
830 1496
838 1489
843 1479
848 1469
850 1456
850 1446
855 1434
855 1424
855 1414
851 1404
850 1394
845 1385
843 1375
839 1365
831 1358
826 1349
819 1341
811 1335
803 1329
793 1325
783 1325
774 1320
764 1320
754 1320
744 1320
735 1325
725 1325
716 1330
707 1335
698 1340
689 1345
680 1350
673 1358
665 1365
660 1375
655 1385
650 1400
645 1415
640 1430
640 1440
640 1450
640 1460
640 1470
640 1480
645 1489
645 1499
645 1509
645 1519
645 1529
645 1539
645 1549
645 1559
650 1568
654 1578
664 1581
670 1589
678 1595
684 1603
692 1610
701 1615
709 1621
718 1626
728 1630
734 1638
742 1645
752 1645
761 1650
771 1650
781 1650
791 1650
801 1650
811 1650
821 1650
830 1645
840 1645
849 1640
858 1635
867 1630
876 1625
884 1618
891 1610
899 1603
906 1595
914 1588
920 1576
925 1566
933 1559
940 1551
945 1541
953 1534
958 1524
965 1516
965 1506
965 1496
970 1486
970 1476
975 1466
975 1456
980 1441
980 1431
985 1416
985 1406
985 1396
990 1385
989 1375
981 1368
976 1359
975 1349
975 1339
970 1330
965 1321
960 1312
955 1303
955 1293
951 1283
946 1274
943 1264
935 1258
930 1249
925 1240
920 1231
915 1222
908 1214
900 1208
894 1200
886 1194
880 1186
875 1177
868 1169
860 1163
854 1155
846 1149
840 1141
835 1132
828 1124
820 1118
813 1110
809 1100
801 1094
795 1086
787 1080
778 1075
769 1070
761 1063
751 1059
744 1051
735 1046
725 1045
715 1050
706 1055
696 1055
686 1055
676 1055
666 1055
656 1055
646 1055
636 1055
627 1050
618 1055
609 1050
599 1046
590 1041
582 1034
573 1029
565 1022
558 1014
550 1008
546 998
540 990
535 981
535 971
535 961
535 951
535 941
535 931
535 921
535 911
529 900
519 896
515 886
505 882
498 874
493 865
484 860
476 854
473 844
468 835
459 830
451 823
446 814
443 804
435 797
428 789
420 782
413 774
405 767
398 759
390 752
383 744
375 737
370 728
364 720
356 713
350 705
345 696
340 687
335 678
330 669
324 661
320 651
310 647
303 639
295 633
288 625
284 615
276 609
269 601
261 595
253 589
245 583
238 575
234 565
226 559
220 551
215 542
208 534
200 527
195 518
189 510
184 501
180 491
175 482
168 474
160 467
153 459
145 453
141 443
135 435
130 426
130 416
130 406
130 396
130 386
130 376
130 366
130 356
130 346
130 336
