1149 866
1144 857
1152 849
1162 849
1172 849
1182 849
1192 849
1202 849
1204 837
1209 822
1209 812
1214 802
1214 792
1219 777
1224 767
1229 757
1234 747
1234 737
1239 727
1244 717
1249 707
1254 697
1262 689
1272 684
1282 679
1292 674
1302 674
1311 669
1321 665
1331 664
1340 659
1335 642
1327 635
1318 630
1310 623
1303 615
1295 608
1288 600
1279 595
1269 592
1260 587
1252 580
1249 570
1247 560
1237 560
1227 560
1218 555
1210 548
1204 540
1199 531
1194 522
1194 512
1194 502
1199 492
1207 484
1216 479
1225 474
1235 474
1245 477
1254 482
1259 491
1265 499
1273 505
1283 509
1293 509
1303 509
1313 510
1323 514
1332 519
1339 527
1347 534
1356 539
1360 549
1370 552
1377 560
1387 564
1394 572
1402 579
1411 584
1415 594
1423 600
1430 608
1435 617
1442 625
1447 634
1454 642
1459 651
1465 659
1473 665
1480 673
1488 679
1497 684
1506 689
1514 696
1520 704
1525 713
1533 720
1540 728
1548 734
1557 739
1566 744
1576 744
1585 749
1594 754
1604 756
1614 759
1623 764
1633 765
1642 770
1652 774
1661 779
1670 784
1679 789
1689 789
1699 789
1709 789
1719 789
1728 794
1735 802
1740 811
1745 820
1745 830
1745 840
1745 850
1745 860
1739 877
1729 878
1722 870
1715 862
1707 855
1703 845
1695 838
1686 833
1676 830
1666 828
1656 825
1646 825
1636 825
1627 820
1617 819
1607 815
1597 815
1588 810
1579 805
1569 802
1560 797
1550 795
1540 792
1530 790
1521 785
1511 783
1501 779
1494 771
1486 765
1477 760
1470 752
1462 745
1455 737
1447 730
1440 722
1432 715
1423 710
1413 710
1403 710
1393 710
1383 710
1373 710
1364 715
1354 715
1344 715
1335 720
1325 720
1315 720
1305 720
1295 720
1285 725
1275 730
1270 740
1270 750
1265 765
1263 783
1258 793
1250 800
1245 810
1240 820
1235 835
1235 845
1235 855
1235 865
1235 875
1235 885
1235 895
1227 904
1218 910
1209 905
1199 901
1191 895
1182 890
1173 885
1165 878
1159 870
