1179 517
1179 507
1184 497
1189 487
1197 479
1206 474
1215 469
1225 469
1235 469
1245 472
1254 477
1260 485
1265 494
1265 504
1274 509
1284 509
1293 514
1302 519
1312 519
1321 524
1330 529
1338 535
1345 543
1355 547
1364 552
1372 559
1381 564
1389 571
1395 579
1403 585
1410 593
1415 602
1420 611
1425 620
1430 629
1438 635
1442 645
1450 652
1457 660
1462 669
1465 679
1470 688
1475 697
1475 707
1475 717
1475 727
1475 737
1475 747
1482 755
1490 762
1499 767
1507 774
1516 779
1525 784
1535 787
1543 794
1552 799
1559 807
1567 814
1576 819
1584 826
1590 834
1599 839
1608 844
1617 849
1627 849
1637 849
1646 854
1655 859
1660 868
1655 885
1650 895
1645 905
1640 915
1635 925
1629 935
1620 940
1610 942
1602 935
1599 925
1599 915
1599 905
1599 895
1597 885
1594 875
1590 865
1581 860
1572 855
1563 850
1554 845
1544 842
1535 837
1525 835
1516 830
1506 829
1497 824
1487 820
1478 815
1470 808
1464 800
1454 797
1445 792
1439 784
1434 775
1429 766
1424 757
1419 748
1414 739
1414 729
1409 720
1409 710
1405 700
1395 705
1385 710
1376 715
1366 715
1357 720
1348 725
1338 725
1329 730
1320 735
1310 735
1315 744
1324 749
1332 755
1340 762
1345 771
1350 780
1352 790
1355 800
1360 809
1365 818
1370 827
1370 837
1375 846
1381 854
1389 861
1390 871
1382 879
1374 887
1364 892
1354 895
1345 900
1335 900
1325 905
1315 905
1305 905
1299 897
1299 887
1304 877
1312 869
1322 864
1329 852
1329 842
1322 834
1317 825
1314 815
1306 809
1299 801
1294 792
1294 782
1287 774
1277 770
1268 765
1259 760
1251 754
1244 746
1239 737
1239 727
1239 717
1244 707
1252 699
1259 687
1264 677
1272 669
1282 664
1290 656
1300 651
1310 649
1319 644
1329 642
1335 633
1328 625
1320 618
1314 610
1306 604
1299 596
1291 590
1282 585
1273 580
1263 580
1254 575
1246 569
1239 561
1239 551
1231 545
1222 540
1212 540
1203 535
1194 530
1184 526
