29 66
24 57
34 56
40 64
50 67
57 75
65 82
72 90
80 97
89 102
97 109
104 117
114 121
120 129
130 132
138 139
147 144
156 149
165 154
175 154
183 160
193 164
202 169
211 174
220 179
230 179
240 179
249 184
259 184
269 184
279 186
289 189
299 191
309 194
317 200
313 210
303 210
294 215
285 220
287 230
292 239
299 247
304 256
310 264
318 270
325 278
333 285
340 293
345 302
352 310
360 317
364 327
372 334
379 342
387 349
396 354
404 361
408 371
415 379
420 388
428 394
437 399
447 399
457 399
467 399
477 399
486 404
496 404
505 409
515 409
525 409
534 414
535 425
525 425
515 425
505 425
495 425
485 425
475 425
465 430
458 438
450 445
445 455
445 465
445 475
445 485
445 495
440 505
432 499
427 490
424 480
422 470
419 460
419 450
419 440
419 430
417 420
414 410
406 404
397 399
387 395
378 390
370 383
361 378
355 370
346 365
337 360
327 360
319 367
311 375
301 374
297 364
292 355
289 345
287 335
280 327
272 320
263 315
255 308
249 300
241 294
234 286
226 280
217 275
210 267
202 260
195 252
185 250
182 264
174 270
166 263
161 254
159 244
159 234
159 224
157 214
152 205
145 197
137 190
134 180
126 174
119 166
114 157
109 148
103 140
95 133
88 125
80 118
73 110
65 103
58 95
50 88
44 80
36 74
