56 202
56 192
61 183
67 175
75 167
83 161
90 147
86 137
81 128
77 118
76 108
76 98
76 88
80 70
76 60
74 50
74 40
79 31
87 25
97 22
107 20
117 22
126 27
135 32
145 34
155 34
165 32
174 26
184 22
194 20
204 22
214 26
222 33
227 42
227 52
225 62
221 76
226 85
231 94
235 104
238 114
239 124
235 134
230 143
224 151
234 154
244 158
250 166
260 170
270 170
280 172
290 174
300 176
310 179
317 187
321 197
320 215
315 224
308 233
299 238
289 243
279 246
269 249
259 252
249 254
251 264
252 274
262 276
272 280
282 278
292 276
302 276
312 276
322 277
330 283
337 291
339 301
341 311
341 330
341 340
336 353
328 361
319 367
309 369
299 371
289 371
279 371
269 369
259 365
249 363
239 361
229 363
219 363
209 363
199 365
189 367
179 367
169 370
159 371
149 371
139 371
129 371
119 369
109 365
100 360
97 350
94 340
92 330
92 320
90 310
90 300
86 290
86 280
88 268
87 250
79 244
71 238
65 230
59 222
56 212
