50 206
48 196
52 186
57 177
65 169
73 162
83 157
93 154
94 140
90 130
87 120
86 110
86 100
86 90
83 77
78 68
75 58
74 48
74 38
80 30
89 25
99 22
109 20
119 22
129 26
138 31
148 34
158 34
168 34
178 34
188 32
196 26
206 22
216 20
226 22
236 25
244 31
251 39
251 49
247 66
243 78
243 88
245 98
247 108
247 126
241 140
236 149
245 154
255 156
265 158
273 164
281 170
291 170
301 172
311 174
321 176
331 180
337 188
339 198
341 208
335 220
330 229
322 235
313 240
304 245
294 247
284 251
274 253
264 251
255 256
256 266
264 272
274 275
284 279
294 276
304 276
314 276
324 276
334 280
342 287
347 296
350 306
352 316
353 326
351 338
349 350
341 358
333 365
323 369
313 371
303 371
293 371
283 371
273 367
263 363
253 361
243 363
233 363
223 364
213 365
203 367
193 369
183 369
173 371
163 371
153 371
143 371
133 371
123 371
113 371
103 371
93 368
85 362
82 352
82 342
80 332
80 322
84 308
88 294
94 284
98 267
96 257
86 253
78 247
69 242
63 234
56 226
52 216
