52 320
52 310
54 300
58 288
66 282
74 276
84 276
94 276
104 276
114 278
124 278
134 276
144 272
148 261
144 251
134 253
124 249
114 247
104 243
94 239
85 234
78 226
72 218
70 208
70 198
74 188
80 180
90 176
100 174
110 172
120 170
130 170
140 166
146 158
156 156
166 154
166 144
160 136
157 126
156 116
158 106
163 97
167 87
169 76
166 66
163 56
162 46
166 36
172 28
182 24
192 20
202 22
212 24
220 30
230 34
240 34
250 34
260 34
268 28
278 24
288 22
298 20
308 23
317 28
323 36
325 46
321 64
317 74
317 84
320 94
319 112
317 122
311 132
305 146
310 155
319 160
326 168
334 174
339 183
344 192
345 204
343 220
337 228
331 236
323 244
313 249
305 256
307 266
308 276
311 286
305 296
305 306
306 316
305 326
303 338
301 348
296 361
288 367
278 371
268 371
258 371
248 371
238 371
228 369
218 369
208 367
198 365
188 365
178 363
168 363
158 361
148 363
138 363
128 367
118 371
108 371
98 371
88 370
78 369
69 364
61 358
54 350
52 340
52 330
