48 326
48 316
50 306
54 290
62 284
70 278
80 276
90 276
100 276
110 277
120 278
130 274
140 272
146 261
142 251
132 251
122 252
112 249
102 246
92 242
83 237
74 232
68 224
62 216
60 206
62 194
66 184
74 178
84 176
94 172
104 172
114 170
124 168
130 160
140 156
150 154
160 154
157 136
153 126
152 116
154 102
156 92
157 78
154 68
150 58
150 48
150 38
158 30
166 24
176 22
186 20
196 22
205 27
214 32
224 34
234 34
244 34
254 34
264 30
274 26
284 22
294 20
304 22
314 26
322 33
327 42
327 52
323 64
318 77
314 87
315 97
315 107
313 120
310 133
306 143
300 151
310 154
320 158
329 163
337 170
344 178
349 187
351 200
349 216
344 227
336 235
328 243
320 249
311 254
301 256
303 266
304 276
307 286
313 294
315 304
317 314
321 324
319 340
318 359
310 365
302 371
292 371
282 371
272 371
262 371
252 371
242 371
232 371
222 370
212 369
202 367
192 367
182 365
172 363
162 363
152 361
142 363
132 365
122 369
112 371
102 371
92 371
82 370
72 367
63 362
56 354
50 346
49 336
