96 316
96 306
98 296
98 286
104 278
114 276
124 276
134 268
132 258
132 248
134 236
133 226
130 216
126 206
126 196
131 187
139 180
149 176
159 171
165 163
159 151
149 147
139 144
133 136
132 126
129 116
126 106
131 97
140 92
149 87
159 86
169 82
177 75
182 66
187 57
195 49
203 41
212 36
218 28
226 22
236 21
246 20
256 22
263 30
263 40
273 44
282 49
289 57
295 65
299 75
303 85
303 95
305 105
304 123
299 132
293 142
287 150
282 161
283 176
283 186
283 196
283 206
285 216
285 226
285 236
287 246
287 256
287 266
287 276
287 286
281 300
281 310
281 320
282 331
280 341
278 351
276 361
266 365
256 369
246 371
236 369
226 369
216 367
206 367
196 365
186 364
176 365
166 369
156 371
146 371
136 371
126 371
116 370
107 365
102 356
100 346
98 336
98 326
