96 106
96 96
98 84
102 74
106 64
112 56
120 48
130 44
138 38
138 28
146 22
156 20
166 20
176 22
183 30
191 36
199 42
206 50
214 57
219 66
224 75
232 82
242 86
252 87
261 92
270 97
275 106
269 118
268 135
262 143
252 147
242 151
234 159
239 168
247 174
257 178
267 182
273 190
275 200
271 214
267 226
267 236
267 246
269 256
267 266
268 276
278 276
288 276
298 278
303 287
303 297
305 307
303 324
303 334
301 344
297 360
289 369
279 371
269 371
259 371
249 371
239 371
229 368
220 363
210 365
200 365
190 367
180 367
170 369
160 369
150 371
140 368
130 364
124 356
122 346
120 336
118 326
120 310
120 300
114 292
114 282
114 272
114 262
114 252
114 242
116 230
116 220
116 210
118 196
118 186
117 176
116 166
114 152
109 143
103 135
98 126
96 116
