41 210
40 200
44 190
52 180
62 176
70 170
76 162
86 158
96 154
106 154
110 141
106 131
104 121
104 111
104 101
102 91
100 81
95 72
91 62
90 52
88 42
94 34
102 26
112 22
122 20
132 22
142 24
152 28
161 33
171 34
181 34
191 32
201 34
211 34
221 29
230 24
240 22
250 20
260 22
270 25
278 31
283 40
283 50
281 60
277 70
273 80
273 90
273 100
273 118
272 131
267 140
262 149
271 154
281 154
291 158
301 162
308 170
318 172
328 174
338 177
348 180
354 188
357 198
355 212
352 223
344 231
336 237
327 242
317 246
307 250
297 253
287 252
277 255
267 254
269 264
275 272
285 272
295 276
305 276
315 276
325 276
335 280
343 286
348 295
351 305
353 315
355 325
353 340
352 353
344 359
336 365
327 370
317 371
307 371
297 371
287 371
277 367
267 363
257 363
247 365
237 367
227 368
217 369
207 371
197 371
187 371
177 371
167 371
157 369
147 369
137 367
127 369
117 371
107 371
97 371
87 371
77 370
69 364
61 358
59 348
58 338
58 328
58 318
62 304
66 290
74 284
82 278
92 276
102 276
111 271
115 253
105 255
95 253
85 251
76 246
67 241
59 235
51 228
45 220
