50 326
50 316
52 306
56 290
64 284
72 278
82 276
92 276
102 276
112 277
122 278
132 276
142 272
148 260
142 251
132 253
122 250
112 247
102 245
93 240
84 235
76 228
70 220
66 210
66 200
70 188
76 180
86 176
96 174
106 172
116 170
126 170
135 165
143 158
153 155
163 154
165 144
159 136
156 126
156 116
158 102
162 92
165 78
161 68
158 58
158 48
158 38
166 30
174 24
184 22
194 20
204 23
213 28
222 33
232 32
242 34
252 34
262 32
271 27
281 23
291 21
301 20
311 24
321 28
326 37
327 48
325 60
321 70
317 80
318 90
319 100
317 118
313 130
309 140
303 150
313 154
322 159
330 165
337 173
343 181
348 190
349 208
344 225
338 233
330 241
322 247
313 252
305 258
305 268
307 278
307 296
309 306
311 316
313 326
311 338
311 348
310 359
302 365
294 371
284 371
274 371
264 371
254 371
244 371
234 371
224 369
214 369
204 367
194 365
184 364
174 363
164 363
154 361
144 363
134 365
124 369
114 371
104 371
94 371
84 369
74 367
65 362
58 354
52 346
52 336
