444 852
444 842
449 832
454 822
462 814
471 809
480 804
490 801
500 796
510 794
520 794
530 797
539 802
545 810
550 819
558 825
565 833
573 840
577 850
585 857
592 865
600 872
607 880
615 887
622 895
632 899
639 907
647 914
656 919
664 926
670 934
678 940
683 949
684 932
689 917
694 903
694 893
694 883
694 873
694 863
694 853
689 844
684 835
676 828
671 819
667 809
662 800
659 790
659 780
659 770
654 761
649 752
644 743
637 735
628 730
619 725
609 722
600 717
592 710
582 710
573 705
564 700
554 700
544 700
535 695
525 695
515 693
506 688
496 684
489 676
484 667
479 658
474 649
469 640
464 631
464 621
459 612
459 602
459 592
459 582
459 572
459 562
459 552
459 542
459 532
464 522
464 512
469 502
477 494
485 486
495 481
505 476
515 474
524 469
533 464
543 464
553 464
562 459
572 459
581 464
589 471
595 479
603 485
607 495
615 502
620 511
625 520
627 530
630 540
638 546
648 549
658 549
668 549
678 549
688 549
698 549
708 549
718 549
727 544
737 539
747 539
757 534
759 523
759 513
759 503
759 493
755 483
749 475
744 466
739 457
734 448
730 438
723 430
714 425
704 425
695 420
686 415
677 410
667 410
657 409
647 405
644 395
639 386
639 376
634 367
634 357
634 347
634 337
634 327
634 317
634 307
634 297
634 287
639 277
644 267
649 257
657 249
665 241
675 236
685 234
695 234
705 234
715 234
725 234
735 234
745 234
755 237
765 239
775 239
784 225
784 215
784 205
783 195
775 188
768 180
760 173
754 165
749 156
744 147
744 137
749 127
757 119
767 114
777 109
787 109
796 104
805 99
814 94
824 96
834 99
844 99
854 99
862 105
867 114
874 122
884 126
890 134
898 140
908 139
918 139
928 139
938 140
948 144
958 144
968 144
978 144
988 144
998 144
1008 144
1018 144
1027 139
1037 134
1047 134
1056 129
1065 124
1074 119
1083 114
1092 109
1102 104
1112 104
1121 99
1130 104
1135 113
1140 122
1145 131
1150 140
1155 149
1155 159
1155 169
1160 178
1165 187
1170 196
1175 205
1175 215
1175 225
1183 231
1193 234
1202 239
1212 239
1221 244
1230 249
1235 258
1233 268
1225 275
1225 285
1225 295
1225 305
1225 315
1227 325
1230 335
1232 345
1235 355
1235 365
1230 380
1223 393
1213 398
1205 405
1196 410
1187 415
1178 420
1169 425
1160 430
1150 430
1140 435
1130 435
1125 450
1120 460
1115 470
1115 480
1123 486
1130 494
1135 503
1140 512
1147 520
1157 524
1167 524
1177 524
1187 524
1197 524
1207 524
1217 524
1227 524
1236 529
1245 534
1245 544
1250 553
1255 562
1259 572
1264 581
1268 591
1275 599
1280 608
1288 615
1292 625
1300 632
1307 640
1315 647
1322 655
1330 662
1337 670
1345 677
1352 685
1360 692
1367 700
1375 707
1382 715
1387 724
1390 734
1395 743
1400 752
1400 762
1400 772
1400 782
1395 800
1388 813
1380 820
1372 829
1363 835
1354 840
1345 845
1350 854
1358 860
1365 868
1373 875
1380 883
1385 892
1389 902
1395 910
1400 919
1405 928
1405 938
1400 955
1398 968
1393 978
1388 988
1383 998
1375 1005
1368 1013
1363 1023
1355 1030
1353 1043
1348 1053
1340 1060
1335 1075
1335 1085
1330 1095
1323 1108
1318 1118
1313 1128
1308 1138
1298 1143
1290 1150
1280 1155
1270 1160
1260 1165
1251 1170
1242 1175
1232 1175
1223 1180
1213 1180
1203 1180
1193 1180
1184 1175
1174 1172
1165 1167
1155 1163
1149 1155
1139 1152
1132 1144
1122 1140
1119 1130
1111 1124
1102 1119
1094 1112
1087 1104
1077 1100
1070 1092
1060 1088
1054 1080
1045 1065
1045 1075
1040 1085
1032 1095
1023 1100
1013 1103
1003 1105
993 1105
983 1108
973 1110
963 1110
953 1110
943 1110
933 1110
923 1110
913 1110
903 1110
893 1110
884 1105
874 1105
865 1100
855 1100
845 1098
836 1093
831 1084
827 1074
822 1065
812 1065
807 1074
802 1084
797 1094
788 1100
779 1105
770 1110
760 1110
750 1115
740 1120
731 1125
722 1130
712 1130
702 1134
692 1135
682 1139
672 1140
662 1140
652 1144
642 1145
632 1145
622 1145
612 1149
602 1150
592 1150
582 1150
572 1150
563 1145
555 1138
549 1130
541 1124
537 1114
529 1107
524 1098
519 1089
514 1080
512 1070
509 1060
509 1050
509 1040
507 1030
504 1020
504 1010
502 1000
495 992
487 985
480 977
475 968
471 958
466 949
462 939
457 930
454 920
449 911
444 902
444 892
444 882
444 872
444 862
