82 292
82 302
80 318
82 328
82 338
84 348
88 358
96 364
106 368
116 371
126 371
136 369
146 365
156 363
166 364
174 371
184 371
194 371
204 371
214 369
224 367
234 369
244 369
254 371
264 371
274 369
284 365
292 359
294 349
297 332
299 320
299 310
299 300
303 286
303 276
303 266
303 256
303 246
303 236
303 226
305 212
309 198
307 188
305 178
302 168
299 158
303 148
309 138
314 129
317 118
319 107
319 97
317 87
313 77
309 67
304 58
296 52
295 42
295 32
289 24
279 22
269 21
259 25
250 31
242 24
232 21
222 22
212 26
206 34
202 44
198 60
192 68
186 76
178 84
168 86
158 90
150 96
144 104
145 114
148 124
150 134
155 143
165 147
173 153
174 166
164 170
154 172
144 172
134 176
124 178
116 184
110 192
110 202
112 212
114 222
120 230
128 236
137 241
144 249
142 268
135 280
125 276
115 276
105 276
95 277
87 283
