66 314
66 304
68 292
74 284
82 278
92 276
102 276
112 276
122 279
132 280
142 278
146 264
143 249
133 247
123 243
113 239
104 234
98 226
92 218
92 208
90 198
92 188
100 180
110 176
120 174
130 172
140 172
150 170
160 166
166 158
174 148
166 141
161 132
158 122
156 112
158 100
166 94
174 88
182 80
187 68
186 58
186 48
186 38
194 28
204 24
214 20
224 22
234 25
241 33
251 34
261 33
269 27
278 22
288 20
298 22
308 25
315 33
317 43
315 58
316 68
320 78
323 88
325 98
323 112
319 126
314 137
309 146
306 159
313 167
321 174
328 182
331 192
331 208
326 223
320 231
314 239
309 248
309 258
309 268
311 278
313 288
307 296
307 306
307 316
305 334
301 350
295 362
285 366
276 371
266 371
256 371
246 371
236 371
226 371
216 371
206 368
196 365
186 363
176 363
166 361
156 363
146 363
136 367
126 371
116 371
106 371
96 369
86 366
77 361
71 353
66 344
66 334
66 324
