62 326
62 316
64 302
66 290
74 282
82 276
92 276
102 276
112 276
122 279
132 280
142 276
150 270
150 260
145 251
135 249
125 245
115 242
106 237
97 232
91 224
87 214
86 204
86 194
91 185
99 178
109 176
119 173
129 172
139 170
149 169
158 160
168 156
174 146
168 138
164 128
162 118
162 108
166 98
174 90
180 82
182 64
180 54
180 44
184 34
192 26
202 22
212 20
222 22
232 26
240 32
250 34
260 34
270 30
278 24
288 22
298 20
308 23
317 28
322 37
323 47
319 64
321 74
324 84
325 94
325 108
323 120
318 133
313 142
309 154
315 162
323 168
330 176
336 184
339 194
339 204
337 218
331 228
325 236
317 244
311 252
311 262
313 272
315 282
311 296
309 310
309 320
307 336
303 352
296 363
286 367
276 371
266 371
256 371
246 371
236 371
226 371
216 367
206 365
196 364
186 363
176 363
166 361
156 363
146 363
136 367
126 371
116 371
106 371
96 369
86 367
76 363
69 355
64 346
64 336
