72 322
72 312
74 302
74 292
80 284
88 278
98 276
108 276
118 276
128 279
138 280
146 272
148 258
144 247
134 245
124 241
116 235
108 228
102 220
100 210
100 200
100 190
108 182
117 177
127 174
137 172
147 172
157 170
167 167
173 159
172 145
163 140
159 130
157 120
156 110
156 100
164 94
172 88
182 84
188 76
194 60
194 50
194 40
200 32
208 24
218 20
228 22
238 24
246 30
256 34
265 29
274 24
284 20
294 22
304 25
311 33
313 43
312 59
317 68
321 78
324 88
325 98
325 108
321 124
316 137
311 146
307 156
310 166
316 174
323 182
326 192
326 211
322 221
316 229
311 238
309 248
309 258
309 268
310 278
311 288
307 298
307 308
307 318
307 328
303 342
299 360
289 365
279 369
269 371
259 371
249 369
239 371
229 371
219 371
209 371
199 369
191 363
181 363
171 363
161 362
151 363
141 367
131 371
121 371
111 371
101 369
91 365
82 360
76 352
74 342
73 332
