74 210
72 200
76 184
82 176
90 166
91 149
86 140
82 130
78 120
76 110
76 100
76 90
80 76
84 66
88 54
88 44
88 34
96 26
106 22
116 20
126 23
135 28
143 34
153 33
159 25
169 22
179 20
189 22
198 27
204 35
207 45
207 55
207 65
211 75
217 83
226 88
235 93
243 99
245 110
243 120
239 136
231 145
223 152
229 160
235 168
245 170
255 172
265 172
275 174
285 176
294 181
300 189
301 199
301 209
296 225
288 233
280 239
270 243
260 247
250 249
253 259
253 269
257 279
267 280
277 278
287 276
297 276
307 276
317 280
324 288
327 298
327 308
329 318
327 334
324 353
318 361
308 365
298 369
288 371
278 371
268 369
258 367
248 363
238 361
228 363
218 363
208 365
200 371
190 371
180 371
170 371
160 371
150 371
140 371
130 371
120 368
110 365
101 360
99 350
96 340
94 330
94 320
94 310
94 300
90 290
90 280
92 267
92 257
92 247
89 237
84 228
78 220
