46 326
46 316
50 300
54 290
62 284
70 278
80 276
90 276
100 276
110 278
120 276
130 272
140 270
144 258
136 252
126 251
116 252
106 249
96 245
86 243
78 237
68 233
62 225
57 216
56 206
56 196
60 186
68 178
78 176
88 172
98 172
108 170
118 168
124 160
134 156
144 154
154 154
152 136
149 126
148 116
148 106
148 96
150 78
146 68
142 58
142 48
142 38
150 30
158 24
168 22
178 20
188 22
198 26
206 32
216 34
226 32
236 34
246 34
256 32
266 28
276 24
286 20
296 20
306 24
315 29
323 36
325 46
321 64
316 77
311 86
309 102
309 120
307 132
303 142
296 151
306 154
316 156
326 160
334 167
341 175
347 183
351 193
353 203
352 213
348 223
342 231
334 239
326 245
317 250
309 256
299 256
300 266
301 276
308 284
316 290
320 300
323 310
326 320
327 330
327 340
325 356
317 365
309 371
299 371
289 371
279 371
269 371
259 371
249 371
239 371
229 371
219 371
209 369
199 369
189 367
179 365
169 363
159 363
149 361
139 363
129 366
119 370
109 371
99 371
89 371
79 369
69 367
61 361
53 355
48 346
48 336
