50 202
50 192
55 183
61 175
69 167
77 160
87 155
94 147
89 138
86 128
82 118
82 108
82 98
82 88
78 70
74 60
73 50
72 40
78 30
87 25
97 22
107 20
117 22
127 26
136 31
146 34
156 34
166 32
176 34
185 29
194 24
204 22
214 20
224 24
233 29
241 36
243 46
243 56
239 66
235 78
235 88
240 97
243 107
243 117
243 128
237 140
232 149
241 154
251 156
261 160
267 168
277 170
287 172
297 172
307 174
317 178
327 180
331 190
333 200
333 214
327 224
319 234
310 239
300 243
290 247
280 249
270 253
260 251
250 251
251 261
253 271
263 274
273 276
283 279
293 276
303 276
313 276
323 276
333 280
340 288
345 297
347 307
349 317
349 327
349 337
347 350
339 358
331 365
321 369
311 371
301 371
291 371
281 371
271 367
261 363
251 361
241 362
231 363
221 363
211 365
201 367
191 368
181 369
171 371
161 371
151 371
141 371
131 371
121 371
111 371
101 368
93 362
90 352
88 342
88 332
88 322
90 310
93 296
90 286
94 276
94 266
93 255
84 250
75 245
67 238
60 230
53 222
51 212
