484 847
484 837
492 829
500 821
508 814
517 809
527 804
537 804
547 804
557 804
566 809
574 816
578 826
585 834
593 840
600 848
608 855
615 863
625 867
634 872
642 879
651 884
660 889
668 895
675 903
685 907
689 889
689 879
689 869
689 859
684 850
684 840
684 830
684 820
684 810
682 800
679 790
679 780
679 770
677 760
667 760
657 760
647 760
637 760
628 755
619 750
609 747
600 742
592 735
583 730
575 723
569 715
561 709
554 701
549 692
542 684
534 677
530 667
524 659
519 650
514 641
509 632
509 622
509 612
509 602
509 592
509 582
509 572
514 557
514 547
519 532
524 522
529 512
534 502
542 494
547 484
555 476
565 471
575 466
585 464
594 459
604 459
614 459
622 465
630 472
638 479
645 487
650 496
650 506
650 516
650 526
653 536
659 544
669 544
679 544
689 544
699 544
709 544
719 544
729 542
739 539
748 534
758 534
768 534
769 518
769 508
769 498
769 488
769 478
769 468
769 458
765 448
759 440
750 435
741 430
731 430
721 428
711 424
702 419
694 412
685 407
677 400
670 392
665 383
659 375
654 366
654 356
649 347
649 337
649 327
649 317
649 307
654 297
662 289
667 279
672 269
682 264
692 264
702 264
712 259
722 259
731 254
740 249
750 246
758 239
759 227
759 217
759 207
759 197
759 187
764 177
764 167
764 157
764 147
769 137
774 127
782 119
792 114
801 109
810 104
820 104
830 104
840 107
850 109
859 114
868 119
878 120
887 125
897 129
907 129
916 134
925 139
935 139
945 139
955 139
965 139
974 144
984 144
994 144
1004 144
1014 144
1023 139
1033 139
1043 139
1053 139
1063 139
1072 134
1080 126
1088 119
1097 114
1106 119
1110 129
1115 138
1123 145
1130 153
1138 160
1145 168
1153 175
1160 183
1165 192
1172 200
1180 207
1187 215
1195 222
1202 230
1212 234
1219 242
1229 246
1233 256
1238 265
1230 280
1220 285
1225 294
1230 303
1238 310
1242 320
1250 327
1254 337
1258 348
1253 358
1245 365
1238 373
1233 383
1225 390
1218 398
1213 408
1205 415
1195 420
1188 428
1178 433
1168 438
1158 440
1149 445
1139 445
1129 447
1119 450
1110 455
1110 465
1110 475
1118 481
1123 490
1127 500
1130 510
1140 514
1150 514
1160 514
1170 514
1180 514
1190 514
1200 514
1210 514
1219 519
1228 524
1237 529
1244 537
1252 544
1259 552
1264 561
1270 569
1275 578
1280 587
1287 595
1295 602
1300 611
1306 619
1314 626
1320 634
1325 643
1330 652
1337 660
1345 667
1353 674
1362 679
1369 687
1379 691
1385 699
1393 705
1400 713
1410 717
1414 727
1419 736
1423 746
1428 755
1430 765
1425 775
1418 788
1410 795
1403 803
1395 810
1395 820
1395 830
1400 839
1405 848
1410 857
1410 867
1414 877
1415 887
1415 897
1415 907
1415 917
1415 927
1415 937
1415 947
1415 957
1415 967
1410 980
1405 990
1400 1000
1395 1010
1390 1020
1385 1030
1378 1043
1370 1050
1363 1063
1355 1070
1350 1080
1345 1090
1340 1100
1333 1108
1328 1118
1320 1125
1310 1130
1302 1139
1294 1145
1285 1150
1275 1155
1267 1164
1259 1170
1250 1175
1241 1180
1232 1175
1222 1174
1212 1170
1205 1162
1197 1155
1188 1150
1179 1145
1170 1140
1162 1134
1152 1130
1142 1129
1132 1125
1123 1120
1114 1115
1106 1109
1102 1099
1092 1095
1085 1087
1077 1080
1070 1072
1060 1070
1050 1070
1043 1078
1035 1085
1025 1095
1015 1100
1006 1105
996 1105
986 1105
976 1105
966 1105
956 1105
946 1105
936 1105
926 1105
916 1105
906 1105
896 1103
886 1100
877 1095
867 1095
858 1090
849 1085
840 1080
830 1080
830 1090
824 1100
815 1105
808 1113
800 1120
790 1125
780 1130
772 1139
762 1144
752 1149
742 1154
732 1159
722 1160
712 1160
702 1160
693 1165
683 1168
673 1170
663 1170
653 1170
643 1170
634 1165
624 1165
615 1160
606 1155
597 1150
588 1145
580 1138
574 1130
566 1123
561 1114
557 1104
552 1095
549 1085
544 1076
539 1067
534 1058
529 1049
529 1039
527 1029
522 1020
519 1010
514 1001
509 992
504 983
499 974
494 965
489 956
489 946
489 936
484 927
484 917
484 907
484 897
484 887
484 877
484 867
484 857
