64 260
64 250
74 248
84 248
94 248
104 248
114 248
124 248
134 248
144 248
154 248
158 235
151 227
141 227
131 227
121 227
111 227
101 227
96 218
106 218
116 218
126 218
136 218
146 218
156 218
158 205
154 195
144 195
134 195
124 195
114 195
104 195
96 188
109 186
119 186
129 186
139 186
149 186
158 172
158 162
153 153
143 153
133 153
123 153
113 153
108 144
108 134
108 124
108 114
108 104
108 94
108 84
108 74
108 64
108 54
108 44
108 34
108 24
118 20
128 20
138 20
148 20
158 20
168 20
178 20
188 20
198 20
208 20
218 20
228 20
238 20
248 20
258 20
268 20
278 20
283 29
283 39
283 49
283 59
283 69
283 79
283 89
283 99
283 109
283 119
283 129
283 139
281 152
271 153
261 153
251 153
241 153
231 153
221 153
211 154
211 164
211 174
211 184
221 186
231 186
241 186
251 186
261 186
271 186
281 186
291 186
301 186
311 186
321 186
316 195
306 195
296 195
286 195
276 195
266 195
256 195
246 195
236 195
226 195
211 196
211 206
211 216
221 218
231 218
241 218
251 218
261 218
271 218
281 218
291 218
301 218
311 218
321 218
316 227
306 227
296 227
286 227
276 227
266 227
256 227
246 227
236 227
226 227
211 228
211 238
212 248
222 248
232 248
242 248
252 248
262 248
272 248
282 248
292 248
302 248
312 248
322 248
332 248
335 258
329 269
319 273
309 269
299 269
289 269
279 269
269 269
259 269
249 269
239 269
229 269
219 269
209 269
199 269
189 269
179 269
169 269
159 269
149 269
139 269
129 273
119 269
109 269
99 269
89 269
79 272
69 269
