48 260
48 250
58 248
68 248
78 248
88 248
98 248
108 248
118 248
128 248
138 248
148 248
158 248
168 248
176 235
170 227
160 227
150 227
140 227
130 227
120 227
110 227
100 227
90 227
80 227
70 227
62 220
75 218
85 218
95 218
105 218
115 218
125 218
135 218
145 218
155 218
165 218
175 217
176 204
171 195
161 195
151 195
141 195
131 195
121 195
111 195
101 195
91 195
81 195
71 195
62 190
76 186
86 186
96 186
106 186
116 186
126 186
136 186
146 186
156 186
166 186
176 183
176 173
176 163
175 153
165 153
155 153
145 153
135 153
125 153
115 153
105 153
95 153
85 152
84 142
84 132
84 122
84 112
84 102
84 92
84 82
84 72
84 62
84 52
84 42
84 32
84 22
94 20
104 20
114 20
124 20
134 20
144 20
154 20
164 20
174 20
184 20
194 20
204 20
214 20
224 20
234 20
244 20
254 20
264 20
274 20
284 20
294 20
304 20
314 21
317 31
317 41
317 51
317 61
317 71
317 81
317 91
317 101
317 111
317 121
317 131
317 141
317 151
307 153
297 153
287 153
277 153
267 153
257 153
247 153
237 154
237 164
237 174
237 184
247 186
257 186
267 186
277 186
287 186
297 186
307 186
317 186
327 186
322 195
312 195
302 195
292 195
282 195
272 195
262 195
252 195
237 196
237 206
237 216
247 218
257 218
267 218
277 218
287 218
297 218
307 218
317 218
327 218
322 227
312 227
302 227
292 227
282 227
272 227
262 227
252 227
237 228
237 238
238 248
248 248
258 248
268 248
278 248
288 248
298 248
308 248
318 248
328 248
338 248
348 248
353 257
353 267
343 269
333 269
323 273
313 269
303 269
293 269
283 269
273 269
263 269
253 269
243 269
233 269
223 269
213 269
203 269
193 269
183 269
173 269
163 269
153 269
143 269
133 269
123 269
113 269
103 269
93 269
83 272
73 269
63 272
53 269
