54 260
54 250
64 248
74 248
84 248
94 248
104 248
114 248
124 248
134 248
144 248
154 248
164 248
174 248
184 238
184 228
174 227
164 227
154 227
144 227
134 227
124 227
114 227
104 227
94 227
84 227
74 227
66 220
79 218
89 218
99 218
109 218
119 218
129 218
139 218
149 218
159 218
169 218
179 218
184 200
175 195
165 195
155 195
145 195
135 195
125 195
115 195
105 195
95 195
85 195
75 195
66 190
80 186
90 186
100 186
110 186
120 186
130 186
140 186
150 186
160 186
170 186
180 186
184 173
184 163
183 153
173 153
163 153
153 153
143 153
133 153
123 153
113 153
103 152
102 142
102 132
102 122
102 112
102 102
102 92
102 82
102 72
102 62
102 52
102 42
102 32
102 22
112 20
122 20
132 20
142 20
152 20
162 20
172 20
182 20
192 20
202 20
212 20
222 20
232 20
242 20
252 20
262 20
272 20
282 20
292 20
302 23
303 33
303 43
303 53
303 63
303 73
303 83
303 93
303 103
303 113
303 123
301 140
301 150
291 153
281 153
271 153
261 153
251 153
241 154
241 164
241 174
241 184
251 186
261 186
271 186
281 186
291 186
301 186
311 186
306 195
296 195
286 195
276 195
266 195
256 195
241 196
241 206
241 216
251 218
261 218
271 218
281 218
291 218
301 218
311 218
306 227
296 227
286 227
276 227
266 227
256 227
241 228
241 238
242 248
252 248
262 248
272 248
282 248
292 248
302 248
312 248
322 248
332 248
342 248
347 257
339 269
329 269
319 269
309 269
299 269
289 273
279 269
269 269
259 269
249 269
239 269
229 269
219 269
209 269
199 269
189 269
179 269
169 269
159 269
149 269
139 269
129 269
119 270
109 271
99 269
89 269
79 269
69 273
59 269
