70 260
70 250
80 248
90 248
100 248
110 248
120 248
130 248
140 248
150 248
156 235
150 227
140 227
130 227
120 227
110 227
102 220
115 218
125 218
135 218
145 218
155 217
156 204
151 195
141 195
131 195
121 195
111 195
102 190
116 186
126 186
136 186
146 186
156 178
156 168
156 158
147 153
137 153
127 153
117 152
116 142
116 132
116 122
116 112
116 102
116 92
116 82
116 72
116 62
116 52
116 42
116 32
116 22
126 20
136 20
146 20
156 20
166 20
176 20
186 20
196 20
206 20
216 20
226 20
236 20
246 20
256 20
266 20
275 25
275 35
275 45
275 55
275 65
275 75
275 85
275 95
275 105
275 115
275 125
275 135
275 145
267 153
257 153
247 153
237 153
227 153
217 153
207 154
207 164
207 174
207 184
217 186
227 186
237 186
247 186
257 186
267 186
277 186
287 186
297 186
307 186
317 186
312 195
302 195
292 195
282 195
272 195
262 195
252 195
242 195
232 195
222 195
207 196
207 206
207 216
217 218
227 218
237 218
247 218
257 218
267 218
277 218
287 218
297 218
307 218
317 218
312 227
302 227
292 227
282 227
272 227
262 227
252 227
242 227
232 227
222 227
207 228
207 238
208 248
218 248
228 248
238 248
248 248
258 248
268 248
278 248
288 248
298 248
308 248
318 248
328 249
329 259
325 269
315 273
305 269
295 269
285 269
275 269
265 269
255 269
245 269
235 269
225 269
215 269
205 269
195 269
185 269
175 269
165 269
155 269
145 271
135 269
125 269
115 269
105 269
95 269
85 272
75 269
