86 260
86 250
96 248
106 248
116 248
126 248
136 248
146 248
156 248
158 237
155 227
145 227
135 227
125 227
120 218
130 218
140 218
150 218
158 206
158 196
148 195
138 195
128 195
120 188
133 186
143 186
153 186
158 172
158 162
153 153
143 153
133 152
132 142
132 132
132 122
132 112
132 102
132 92
132 82
132 72
132 62
132 52
132 42
132 32
132 22
142 20
152 20
162 20
172 20
182 20
192 20
202 20
212 20
222 20
232 20
242 20
252 20
259 28
259 38
259 48
259 58
259 68
259 78
259 88
259 98
259 108
259 118
259 128
259 138
253 153
243 153
233 153
223 153
213 153
203 154
203 164
203 174
203 184
213 186
223 186
233 186
243 186
253 186
263 186
273 186
283 186
293 186
303 186
298 195
288 195
278 195
268 195
258 195
248 195
238 195
228 195
218 195
203 196
203 206
203 216
213 218
223 218
233 218
243 218
253 218
263 218
273 218
283 218
293 218
303 218
298 227
288 227
278 227
268 227
258 227
248 227
238 227
228 227
218 227
203 228
203 238
204 248
214 248
224 248
234 248
244 248
254 248
264 248
274 248
284 248
294 248
304 248
313 253
311 269
301 272
291 269
281 269
271 269
261 269
251 269
241 269
231 269
221 269
211 269
201 269
191 269
181 269
171 269
161 271
151 269
141 269
131 269
121 269
111 269
101 272
91 269
