116 260
116 250
126 248
136 248
146 248
156 248
166 248
176 248
186 248
196 248
206 247
206 237
205 227
195 227
185 227
175 227
165 227
155 227
145 227
135 227
125 227
120 218
130 218
140 218
150 218
160 218
170 218
180 218
190 218
200 218
206 201
198 195
188 195
178 195
168 195
158 195
148 195
138 195
128 195
120 188
133 186
143 186
153 186
163 186
173 186
183 186
193 186
203 186
206 174
206 164
206 154
196 153
186 153
176 153
168 146
168 136
168 126
168 116
168 106
168 96
168 86
168 76
168 66
168 56
168 46
168 36
168 26
176 20
186 20
196 20
206 20
216 20
226 20
236 20
241 29
241 39
245 49
245 59
245 69
241 80
241 90
241 100
241 110
239 128
239 138
239 148
239 158
239 168
239 178
245 186
250 195
239 196
239 206
239 216
249 218
239 228
239 238
240 248
250 248
260 248
270 248
280 248
285 257
281 269
271 271
261 269
251 269
241 269
231 269
221 269
211 269
201 273
191 269
181 269
171 269
161 269
151 269
141 269
131 273
121 269
