116 260
116 250
126 248
136 248
146 248
156 248
166 248
176 248
186 248
196 248
204 242
204 232
195 227
185 227
175 227
165 227
155 227
145 227
135 227
125 227
120 218
130 218
140 218
150 218
160 218
170 218
180 218
190 218
200 218
204 203
198 195
188 195
178 195
168 195
158 195
148 195
138 195
128 195
120 188
133 186
143 186
153 186
163 186
173 186
183 186
193 186
203 185
204 171
204 161
197 153
187 153
177 153
168 148
166 138
166 128
166 118
166 108
166 98
166 88
166 78
166 68
166 58
166 48
166 38
166 28
172 20
182 20
192 20
202 20
212 20
222 20
232 20
239 28
239 38
245 46
245 56
245 66
239 80
239 90
239 100
239 110
239 120
239 130
239 140
239 150
239 160
239 170
239 180
247 186
239 196
239 206
239 216
249 218
239 228
239 238
240 248
250 248
260 248
270 248
280 248
283 258
281 269
271 269
261 269
251 269
241 269
231 269
221 269
211 269
201 273
191 269
181 269
171 269
161 269
151 269
141 269
131 272
121 269
