48 260
48 250
58 248
68 248
78 248
88 248
98 248
108 248
118 248
128 248
138 248
148 248
158 248
168 248
178 247
178 237
177 227
167 227
157 227
147 227
137 227
127 227
117 227
107 227
97 227
87 227
77 227
67 227
62 218
72 218
82 218
92 218
102 218
112 218
122 218
132 218
142 218
152 218
162 218
172 218
178 201
170 195
160 195
150 195
140 195
130 195
120 195
110 195
100 195
90 195
80 195
70 195
62 188
75 186
85 186
95 186
105 186
115 186
125 186
135 186
145 186
155 186
165 186
175 186
178 172
178 162
173 153
163 153
153 153
143 153
133 153
123 153
113 153
103 153
93 153
88 144
88 134
88 124
88 114
88 104
88 94
86 84
86 74
86 64
86 54
86 44
86 34
86 24
96 20
106 20
116 20
126 20
136 20
146 20
156 20
166 20
176 20
186 20
196 20
206 20
216 20
226 20
236 20
246 20
256 20
266 20
276 20
286 20
296 20
306 20
315 25
315 35
315 45
315 55
315 65
315 75
315 85
315 95
315 105
315 115
315 125
315 135
315 145
307 153
297 153
287 153
277 153
267 153
257 153
247 153
237 154
237 164
237 174
237 184
247 186
257 186
267 186
277 186
287 186
297 186
307 186
317 186
322 195
312 195
302 195
292 195
282 195
272 195
262 195
252 195
237 196
237 206
237 216
247 218
257 218
267 218
277 218
287 218
297 218
307 218
317 218
327 218
322 227
312 227
302 227
292 227
282 227
272 227
262 227
252 227
237 228
237 238
238 248
248 248
258 248
268 248
278 248
288 248
298 248
308 248
318 248
328 248
338 248
348 248
353 257
353 267
343 269
333 269
323 269
313 273
303 269
293 269
283 269
273 269
263 269
253 269
243 269
233 269
223 269
213 269
203 269
193 269
183 269
173 269
163 269
153 269
143 269
133 269
123 269
113 269
103 269
93 270
83 271
73 269
63 273
53 269
