114 267
114 257
119 242
129 239
134 227
142 219
147 209
157 209
159 197
159 187
159 177
164 167
164 157
174 152
174 142
179 132
179 122
189 117
199 112
209 102
219 99
228 94
238 94
248 94
257 99
267 99
275 105
285 109
291 100
296 90
306 89
311 80
319 72
329 69
339 69
349 69
359 71
365 79
375 82
383 89
393 89
394 72
402 64
412 64
422 59
432 59
442 59
451 64
460 69
470 69
475 78
484 72
492 64
502 64
511 59
521 59
531 59
540 64
550 64
558 70
563 79
570 87
577 95
580 105
585 114
595 117
600 126
603 136
613 140
620 148
620 158
625 167
625 177
625 187
625 197
620 210
620 220
625 229
625 239
630 248
630 258
638 264
645 272
640 290
630 290
630 300
630 310
625 320
623 333
615 340
605 350
600 360
590 365
580 365
570 370
570 380
560 385
560 395
555 405
552 424
544 430
535 435
530 445
520 445
510 445
515 454
525 454
530 463
535 472
539 482
535 500
537 510
540 520
538 538
530 545
521 555
511 555
501 555
491 554
487 544
477 540
474 530
471 520
461 518
451 514
449 504
444 495
442 485
433 490
424 495
415 500
405 500
395 500
387 510
377 510
367 510
363 500
353 500
343 500
335 493
329 485
328 475
319 470
310 465
305 475
295 475
285 475
275 475
265 480
255 480
245 477
235 475
225 473
221 463
215 455
205 453
198 445
189 440
189 430
179 430
169 430
160 425
154 417
145 412
140 403
134 395
134 385
125 380
119 372
119 362
119 352
129 349
134 337
139 328
135 318
129 310
119 306
119 296
119 286
114 277
