94 122
94 112
104 109
114 109
124 109
134 109
144 109
154 109
160 101
170 99
180 99
190 99
200 99
210 99
220 99
230 99
240 99
250 99
260 99
270 99
280 99
290 99
300 99
310 99
320 99
330 99
340 99
350 99
360 99
369 94
379 94
389 94
399 94
409 94
419 94
429 94
439 94
449 94
459 94
469 94
479 94
489 94
499 94
509 94
519 94
529 94
539 94
549 94
559 94
569 96
570 106
570 116
570 126
570 136
570 146
570 156
570 166
570 176
570 186
570 196
570 206
570 216
573 226
575 236
575 246
575 256
575 266
575 276
575 286
575 296
575 306
575 316
575 326
575 336
575 346
575 356
575 366
575 376
565 385
555 385
545 385
535 385
525 385
515 385
505 385
495 385
485 385
475 385
465 385
455 385
445 385
435 385
425 385
420 395
410 395
400 395
390 395
380 395
370 395
360 395
350 395
340 395
330 395
320 395
310 395
300 395
300 405
300 415
300 425
305 434
315 437
315 447
315 457
315 467
315 477
305 480
296 475
286 473
281 464
272 459
267 450
257 450
250 442
242 435
233 430
224 425
215 420
207 414
202 405
192 405
183 400
173 400
163 400
153 400
143 400
133 400
123 400
113 400
104 395
104 385
104 375
104 365
104 355
104 345
104 335
104 325
104 315
104 305
104 295
104 285
94 282
94 272
94 262
94 252
94 242
94 232
94 222
94 212
94 202
94 192
94 182
94 172
94 162
94 152
94 142
94 132
