114 152
114 142
124 139
134 139
144 139
154 139
164 139
174 139
184 139
190 131
200 129
210 129
220 129
230 129
240 129
250 129
260 129
270 129
280 129
290 129
300 129
310 129
320 129
330 129
340 129
350 129
360 129
370 129
380 129
390 129
400 126
410 124
420 124
430 124
440 124
450 124
460 124
470 124
480 124
490 124
500 124
510 124
520 124
530 124
540 124
550 124
560 124
570 124
580 124
590 127
590 137
590 147
590 157
590 167
590 177
590 187
590 197
590 207
590 217
590 227
590 237
597 245
600 255
600 265
600 275
600 285
600 295
600 305
600 315
600 325
600 335
600 345
600 355
600 365
600 375
600 385
600 395
600 405
594 415
584 415
574 415
564 415
554 415
544 415
534 415
524 415
514 415
505 420
495 420
490 435
485 445
475 445
465 450
457 460
447 464
442 474
432 479
427 489
419 495
410 500
400 500
392 514
384 522
374 525
364 527
364 517
364 507
364 497
369 487
369 477
379 472
379 462
379 452
384 442
384 432
390 420
380 420
370 420
360 420
350 420
340 420
330 420
320 420
310 420
300 420
290 420
280 420
270 420
260 420
250 420
243 430
233 430
223 430
213 430
203 430
193 430
183 430
173 430
163 430
153 430
143 430
133 430
124 425
124 415
124 405
124 395
124 385
124 375
124 365
124 355
124 345
124 335
124 325
124 315
124 305
114 302
114 292
114 282
114 272
114 262
114 252
114 242
114 232
114 222
114 212
114 202
114 192
114 182
114 172
114 162
