104 302
104 292
109 277
119 272
119 262
127 254
132 244
142 244
144 227
144 217
154 212
154 202
154 192
164 187
164 177
169 162
177 154
185 146
194 137
204 134
214 134
223 129
233 129
243 129
252 134
262 134
272 134
282 134
291 129
299 117
307 109
317 109
327 104
337 104
346 109
356 109
365 114
370 123
380 124
386 115
391 105
394 92
404 89
413 84
423 84
433 84
442 89
452 89
455 99
460 108
468 114
475 106
479 92
489 89
499 87
509 84
519 86
529 89
535 97
542 105
550 112
559 117
560 127
565 136
571 144
580 149
588 155
598 159
605 167
609 177
615 185
620 194
625 203
625 213
625 223
625 233
615 245
615 255
615 265
623 271
625 281
625 291
630 300
630 310
630 320
625 330
625 340
615 350
610 360
605 370
600 385
590 385
584 395
575 400
565 400
565 410
560 420
560 430
560 440
550 445
547 459
539 465
530 470
520 470
512 480
502 480
493 485
483 485
474 480
464 480
455 475
450 485
450 495
444 505
435 510
425 515
419 525
409 527
399 530
389 530
380 535
370 535
360 535
350 532
340 530
340 540
340 550
330 555
325 565
315 575
305 575
302 594
297 604
289 610
279 610
269 610
259 610
251 603
245 595
239 587
239 577
239 567
249 555
239 552
239 542
239 532
249 525
249 515
240 510
230 510
220 508
211 503
205 495
195 493
194 483
189 474
184 465
175 460
165 457
157 450
147 450
138 445
129 440
129 430
124 421
124 411
119 402
119 392
119 382
119 372
124 357
124 344
119 335
109 331
109 321
104 312
