79 147
79 137
84 127
94 117
99 107
109 104
119 102
129 99
139 99
148 94
157 89
166 94
176 94
186 94
196 94
206 94
216 94
226 94
236 94
246 94
256 94
261 85
271 84
281 84
291 84
301 84
311 84
321 84
331 84
341 84
351 84
361 84
371 84
381 84
391 84
401 84
411 84
421 84
431 84
441 84
451 84
461 84
471 84
480 79
489 84
499 84
509 86
515 94
525 97
533 104
540 112
540 122
545 131
545 141
545 151
550 160
550 170
550 180
550 190
550 200
550 210
550 220
550 230
550 240
550 250
550 260
550 270
550 280
550 290
550 300
550 310
545 325
545 335
540 345
530 350
520 355
514 365
504 365
494 365
484 365
474 365
464 365
454 365
444 365
434 365
424 365
414 365
404 365
394 365
384 365
374 365
365 370
355 370
345 370
335 370
325 370
315 370
305 370
295 370
285 370
280 380
280 390
273 400
264 405
258 413
250 420
247 434
237 439
228 445
218 445
210 438
209 428
202 420
194 413
190 403
189 393
184 384
176 378
166 375
156 375
146 375
136 375
127 370
117 370
107 370
100 362
95 353
89 345
84 336
84 326
84 316
84 306
84 296
84 286
84 276
79 267
79 257
79 247
79 237
79 227
79 217
79 207
79 197
79 187
79 177
79 167
79 157
