54 262
54 252
59 242
59 232
69 227
69 217
74 202
84 192
89 177
99 172
104 162
114 159
123 154
133 154
142 149
150 141
160 139
170 136
180 134
190 134
196 125
206 124
216 120
226 119
236 119
246 119
251 110
261 109
271 109
281 109
291 109
301 109
310 104
320 104
330 104
340 104
350 104
359 109
369 109
379 109
389 109
399 109
409 111
415 119
425 119
435 119
445 119
454 124
464 124
470 132
480 134
490 137
500 139
510 139
515 148
525 149
534 154
544 156
554 159
560 167
567 175
570 185
578 191
583 200
585 210
593 216
595 226
600 235
600 245
608 251
610 261
600 270
600 280
600 290
595 300
595 310
585 315
580 325
570 335
563 348
558 358
548 360
539 365
533 373
525 380
515 380
510 390
500 390
490 395
480 395
470 395
460 405
450 405
440 410
440 420
440 430
445 439
450 448
450 458
450 468
450 478
450 488
450 498
450 508
455 517
455 527
455 537
455 547
455 557
455 567
460 576
465 585
465 595
465 605
459 615
454 606
449 597
440 592
435 583
434 573
425 568
419 560
417 550
409 544
404 535
404 525
394 522
389 513
385 503
384 493
375 488
369 480
367 470
359 464
354 455
351 445
342 440
339 430
330 425
320 425
310 425
301 420
291 420
281 420
271 420
261 420
251 419
246 410
236 410
226 410
216 408
206 405
196 404
191 395
181 395
171 393
161 390
151 389
146 380
136 378
126 374
121 365
112 360
104 354
99 345
89 342
85 332
75 328
74 318
69 309
64 300
59 291
59 281
54 272
