79 132
79 122
89 117
89 107
97 99
107 99
115 91
125 86
135 84
145 84
155 84
165 84
175 84
185 84
195 84
205 84
215 84
225 84
235 84
245 84
254 79
264 79
274 79
284 79
294 79
304 79
314 79
324 79
334 79
344 79
354 79
364 79
374 79
384 79
394 79
404 79
414 79
424 79
434 79
444 79
454 77
454 67
464 64
474 64
484 64
494 64
504 66
505 76
515 79
524 84
534 86
540 94
545 103
553 109
560 117
560 127
560 137
560 147
560 157
560 167
560 177
560 187
560 197
560 207
560 217
560 227
560 237
560 247
560 257
560 267
560 277
560 287
560 297
555 315
545 315
538 328
530 335
520 335
512 345
504 352
494 355
484 355
474 355
464 355
454 355
444 355
434 355
424 355
414 355
404 355
394 355
384 355
374 355
364 355
355 360
345 360
335 360
325 360
315 360
305 360
295 360
295 370
300 379
300 389
300 399
305 408
305 418
305 428
310 437
315 446
315 456
314 467
304 467
299 458
292 450
283 445
275 438
266 433
260 425
250 422
242 415
232 415
229 405
220 400
210 397
202 390
198 380
189 375
184 366
176 360
166 360
156 360
146 360
136 360
126 359
119 351
111 345
101 344
97 334
92 325
89 315
89 305
89 295
89 285
89 275
89 265
89 255
89 245
89 235
89 225
89 215
79 212
79 202
79 192
79 182
79 172
79 162
79 152
79 142
