39 267
39 257
49 247
49 237
54 222
64 212
69 202
79 192
87 184
95 176
105 174
114 169
124 162
134 157
144 154
154 154
160 146
170 144
180 141
190 139
200 139
206 130
216 129
226 129
236 129
245 124
255 124
265 124
275 124
285 124
295 124
301 115
311 114
321 114
331 114
341 114
351 114
361 114
371 110
381 105
389 97
399 92
404 82
414 79
423 74
430 66
438 59
448 59
452 49
462 44
465 54
465 64
465 74
465 84
465 94
465 104
465 114
465 124
465 134
473 140
482 145
487 154
497 154
506 159
515 164
524 169
533 174
540 182
550 184
558 190
563 199
572 204
575 214
580 223
590 227
590 237
590 247
595 256
595 266
595 276
590 285
590 295
580 305
575 320
570 335
560 345
555 360
545 365
539 375
529 377
519 380
510 385
500 385
490 395
480 395
470 400
460 400
452 410
442 410
432 414
422 415
412 415
402 415
397 424
387 425
377 425
367 425
357 425
347 429
337 430
327 430
317 430
307 430
298 425
288 425
278 425
268 425
258 425
248 425
239 420
230 415
220 415
210 415
201 410
191 410
181 408
175 400
165 400
156 395
146 395
136 394
131 385
122 380
112 379
102 375
94 368
85 363
79 355
77 345
69 339
64 330
63 320
54 315
52 305
49 295
45 285
39 277
