94 277
94 267
104 257
104 247
109 232
119 229
124 217
129 207
139 197
139 187
144 172
144 162
149 152
159 149
164 137
172 129
177 119
187 119
196 114
204 107
214 104
224 104
234 104
244 104
250 112
260 114
270 114
276 105
281 95
289 89
298 84
305 76
315 74
325 74
335 74
340 83
350 87
360 89
369 94
378 89
384 77
392 69
402 69
411 64
421 64
430 69
440 69
450 72
455 81
463 74
473 74
482 69
492 69
501 64
511 64
520 69
530 69
538 75
540 85
548 91
550 101
559 106
560 116
569 121
575 129
585 132
590 141
596 149
605 154
605 164
605 174
610 183
610 193
610 203
610 213
610 223
610 233
610 243
615 252
615 262
622 270
625 280
625 290
615 300
615 310
610 320
608 338
600 345
590 345
583 358
575 365
565 365
560 375
550 375
550 385
550 395
540 400
540 410
535 420
529 430
523 438
515 445
505 455
495 455
491 465
481 465
471 464
466 455
456 453
450 445
440 445
440 455
434 465
425 470
423 483
413 488
405 495
395 495
395 505
403 511
410 519
415 528
410 545
410 555
405 565
405 575
405 585
399 600
390 605
387 624
378 630
368 630
359 625
349 621
349 611
344 602
339 593
339 583
339 573
332 565
329 555
325 545
319 537
319 527
329 520
327 510
319 503
316 493
306 489
304 479
299 470
290 475
280 475
271 485
261 485
252 490
242 490
233 485
223 485
214 480
205 475
195 473
189 465
187 455
183 445
174 440
171 430
161 430
151 429
142 424
132 420
124 414
124 404
119 395
119 385
109 382
109 372
109 362
109 352
109 342
115 330
109 322
104 305
100 295
94 287
