59 232
59 222
64 212
64 202
74 197
74 187
79 172
84 162
94 157
94 147
102 139
110 131
120 129
129 124
139 122
149 119
155 111
165 109
175 106
185 104
194 97
204 94
214 94
223 89
233 89
243 89
253 89
257 79
267 79
277 79
287 79
297 79
307 74
317 74
327 74
337 74
347 74
356 79
366 79
376 79
386 79
396 79
406 79
415 84
424 89
434 89
444 89
453 94
463 94
473 95
478 104
488 104
497 109
507 109
517 109
520 119
530 122
540 124
549 129
559 131
565 139
573 145
575 155
583 161
588 170
590 180
598 186
600 196
605 205
605 215
613 221
615 231
615 241
605 250
605 260
600 270
600 280
590 285
585 295
575 305
567 319
559 327
549 330
540 335
530 335
524 345
515 350
505 350
495 350
489 360
479 360
470 365
460 365
450 365
445 375
435 375
425 375
415 375
405 380
395 380
385 380
375 380
365 380
355 380
347 390
337 390
327 390
317 390
307 390
297 390
287 390
278 395
269 400
263 408
253 413
248 423
238 425
229 430
223 438
215 445
205 445
199 455
189 455
189 445
189 435
189 425
189 415
189 405
189 395
189 385
189 375
187 365
178 360
169 355
160 350
151 345
141 343
135 335
125 332
115 328
109 320
99 317
94 308
85 303
79 295
78 285
69 280
64 271
64 261
59 252
59 242
