79 197
79 187
89 177
89 167
94 152
104 147
104 137
109 127
119 122
119 112
127 104
135 96
145 94
154 89
163 84
173 84
177 74
187 74
197 74
206 69
216 69
221 60
231 59
241 55
251 54
261 54
271 54
279 47
289 44
299 44
309 44
319 44
329 42
339 39
349 39
359 39
369 39
379 41
389 44
399 44
409 44
419 44
429 44
439 46
445 54
455 54
465 54
475 57
485 59
495 59
500 68
510 69
520 72
530 74
540 77
548 84
557 89
567 89
576 94
585 99
590 108
600 112
600 122
605 131
614 136
615 146
620 155
625 164
630 173
630 183
635 192
630 205
630 215
630 225
620 230
615 245
609 260
600 265
594 280
585 285
581 295
571 295
562 300
554 307
544 310
535 315
525 315
520 325
510 325
500 330
495 340
485 340
475 345
475 355
483 361
485 371
485 381
485 391
485 401
490 410
490 420
490 430
490 440
498 446
500 456
500 466
500 476
500 486
505 495
505 505
505 515
507 525
510 535
502 550
498 540
490 533
484 525
476 519
474 509
469 500
459 497
459 487
454 478
445 473
444 463
437 455
429 448
424 439
416 433
411 424
409 414
404 405
394 402
394 392
389 383
380 378
374 370
370 360
360 360
350 360
340 360
330 357
320 355
310 352
300 350
290 350
280 350
275 365
265 370
265 380
259 395
250 400
250 410
245 420
239 430
233 438
228 448
220 455
220 465
210 470
205 480
205 490
199 500
190 505
190 515
180 520
174 537
169 547
159 547
159 537
159 527
164 517
164 507
164 497
164 487
169 472
169 462
169 452
169 442
179 432
179 422
179 412
179 402
179 392
179 382
179 372
179 362
179 352
189 349
189 339
181 333
176 324
171 315
161 314
154 306
146 300
137 295
134 285
124 282
119 273
110 268
104 260
103 250
94 245
92 235
89 225
85 215
79 207
