99 197
99 187
104 177
104 167
114 162
114 152
119 137
129 127
137 119
147 114
152 104
162 99
167 89
177 89
186 84
194 77
204 74
214 72
224 69
234 69
240 61
250 59
260 56
270 54
280 54
290 54
296 45
306 44
316 44
326 44
336 44
346 44
356 40
366 39
376 39
386 39
396 39
405 44
415 44
425 44
435 44
445 44
455 44
465 47
473 54
483 54
493 54
502 59
512 59
520 65
530 69
539 74
549 74
559 76
565 84
575 87
585 89
590 98
600 102
609 107
614 116
620 124
625 133
630 142
637 150
640 160
645 169
645 179
653 185
655 195
655 205
645 215
645 225
640 235
640 245
630 250
625 260
615 265
613 278
608 288
598 293
590 300
580 300
576 310
566 310
557 315
549 322
539 325
530 330
520 330
510 330
500 340
490 340
480 340
470 345
460 345
450 345
440 355
435 370
435 380
435 390
435 400
425 410
425 420
425 430
425 440
420 450
420 460
420 470
415 485
415 495
415 505
415 515
415 525
405 530
405 540
405 550
400 565
397 584
389 578
385 568
384 558
384 548
375 543
374 533
374 523
370 513
369 503
369 493
362 485
359 475
359 465
357 455
354 445
354 435
354 425
344 421
344 411
344 401
339 392
339 382
339 372
334 363
328 355
319 350
310 345
300 345
290 342
280 340
270 340
260 338
254 330
244 330
234 330
225 325
215 322
207 315
197 315
188 310
179 305
170 300
162 294
152 290
144 283
135 278
129 270
127 260
119 253
114 244
109 235
104 226
104 216
99 207
