54 212
54 202
59 187
59 177
69 172
69 162
74 147
82 139
92 134
97 124
107 119
112 109
122 109
131 104
136 95
146 94
155 89
165 89
171 80
181 79
191 75
201 74
211 74
216 65
226 64
236 64
246 64
255 59
265 59
275 59
285 59
295 59
301 50
311 49
321 49
331 49
341 49
350 54
359 59
369 59
379 59
389 59
399 59
409 61
419 64
429 64
439 64
445 72
455 74
465 74
474 79
484 79
490 87
500 89
510 89
519 94
525 102
534 107
544 109
550 117
558 124
565 132
573 139
582 144
585 154
593 160
595 170
600 179
600 189
600 199
610 202
610 212
610 222
610 232
600 235
600 245
595 255
585 265
580 280
570 285
562 299
554 307
544 310
535 315
525 320
516 330
507 335
497 335
489 342
479 345
470 350
472 360
475 370
480 379
485 388
485 398
490 407
497 415
500 425
500 435
505 444
505 454
513 460
515 470
515 480
520 489
520 499
525 508
530 517
535 526
535 536
532 550
524 543
518 535
510 528
503 520
495 513
489 505
487 495
478 490
470 483
464 475
456 469
451 460
442 455
439 445
429 442
424 433
417 425
409 419
407 409
397 405
393 395
384 390
379 381
371 375
361 375
351 375
341 375
331 375
321 375
311 375
301 373
295 365
285 365
275 365
265 365
255 365
246 360
236 360
226 360
216 359
211 350
201 350
191 348
181 345
171 344
166 335
156 335
147 330
137 329
132 320
123 315
113 315
105 308
98 300
90 293
83 285
75 278
74 268
69 259
64 250
59 241
59 231
54 222
