324 342
324 332
334 329
344 329
354 329
364 331
374 334
384 334
394 334
404 334
414 332
424 329
434 329
443 324
453 324
463 324
472 319
482 319
491 314
501 314
511 310
521 309
529 302
537 294
542 284
551 279
560 274
570 274
580 277
589 282
595 295
585 300
575 300
565 300
565 310
570 319
579 324
589 324
599 326
594 337
584 342
574 345
564 345
555 340
546 335
536 335
526 335
516 335
507 340
497 340
487 344
477 345
467 349
457 350
447 350
438 355
428 355
419 360
409 360
400 365
390 365
380 370
370 380
362 389
352 390
342 390
332 389
324 382
324 372
334 369
344 369
349 358
343 350
334 345
