119 237
119 227
124 217
134 221
143 226
145 236
154 241
160 249
170 249
180 246
185 236
184 226
179 217
179 207
179 197
189 196
198 201
205 209
213 215
217 225
220 235
220 245
220 255
220 265
225 274
225 284
230 293
235 302
242 310
250 317
257 325
262 334
269 342
270 352
278 359
285 367
292 375
297 384
304 392
309 401
315 409
320 418
328 425
332 435
340 442
348 449
355 457
364 462
374 466
383 471
390 479
398 485
400 495
400 505
400 515
400 525
392 540
384 534
379 525
378 515
369 510
359 510
350 515
350 525
355 534
355 544
345 555
337 549
329 542
324 533
319 524
319 514
319 504
319 494
316 484
314 474
312 464
304 457
297 449
292 440
285 432
280 423
274 415
269 406
264 397
259 388
252 380
248 370
240 363
231 358
226 349
224 339
219 330
211 323
205 315
197 309
189 302
180 297
170 295
160 295
150 292
140 288
134 280
134 270
124 266
124 256
124 246
