219 267
219 257
229 256
238 261
248 264
258 264
265 256
266 238
256 234
249 226
244 217
254 214
264 214
274 214
282 220
290 227
297 235
300 245
300 255
300 265
305 274
313 280
320 288
328 295
335 303
343 310
350 318
358 325
365 333
373 340
382 345
390 352
397 360
405 367
413 374
422 379
429 387
437 394
446 399
455 404
465 404
475 407
485 409
494 414
500 422
500 432
505 441
497 450
488 445
479 440
469 440
460 445
468 451
478 455
485 463
482 474
472 475
462 475
453 470
445 463
439 455
434 446
429 437
425 427
415 423
409 415
401 409
392 404
384 397
377 389
369 382
360 377
352 370
345 362
337 355
330 347
322 340
315 332
307 325
300 317
290 313
283 305
274 300
264 300
254 300
245 295
235 293
229 285
224 276
