124 257
124 247
134 244
144 244
153 249
163 249
172 244
165 228
159 220
149 217
149 207
159 204
169 204
179 204
188 209
197 214
204 222
205 232
210 241
216 249
225 254
234 259
244 261
253 266
263 270
273 274
282 279
291 284
300 289
310 289
318 295
327 300
337 304
346 309
355 314
365 317
374 322
384 324
393 329
402 334
412 334
422 334
432 334
441 339
451 339
459 346
460 356
463 366
468 375
470 385
465 395
455 393
448 385
440 378
434 370
425 375
427 385
435 392
440 401
437 420
428 415
419 410
410 405
404 397
399 388
399 378
393 370
384 365
375 360
366 355
357 350
347 349
339 342
330 337
320 333
314 325
304 325
295 320
286 315
277 310
268 305
258 305
249 300
240 295
230 293
221 288
211 285
201 285
191 285
182 290
172 294
162 295
152 295
143 290
134 285
129 276
124 267
