109 277
109 267
119 264
129 262
139 259
149 259
159 259
169 259
179 259
189 259
199 259
209 261
219 264
229 264
239 264
249 264
259 266
269 269
279 269
289 269
299 269
309 269
319 269
329 269
339 269
349 269
359 267
369 264
379 264
388 259
398 259
407 254
417 249
426 244
434 237
444 227
454 224
463 219
473 219
483 219
492 214
501 219
510 224
509 235
500 240
490 240
483 248
475 255
480 264
490 264
500 264
510 261
519 266
510 271
516 279
526 275
530 285
525 295
520 305
511 310
502 315
492 315
482 315
472 315
462 315
453 310
445 303
438 295
428 295
418 295
408 295
398 298
388 300
378 300
369 305
359 305
349 305
339 305
330 310
320 310
310 310
300 310
290 310
280 310
270 307
260 305
250 305
240 305
230 305
221 300
211 300
201 300
191 300
182 305
174 312
164 315
154 315
144 315
134 315
124 312
124 302
142 294
157 285
147 285
134 287
124 290
114 286
