129 147
129 137
139 132
149 129
159 131
165 139
173 145
182 150
190 157
199 162
207 169
216 174
224 181
230 189
240 192
247 200
252 209
261 214
270 219
275 228
283 235
290 243
295 252
304 257
310 265
315 274
325 277
330 286
336 294
346 294
350 304
360 307
369 312
379 314
389 316
395 324
405 327
412 335
417 344
426 349
430 362
420 360
420 370
416 385
407 390
400 382
390 380
380 380
370 380
375 389
372 404
362 400
352 399
342 395
335 387
329 379
329 369
327 359
322 350
318 340
310 333
303 325
295 318
288 310
280 303
274 295
264 292
257 284
249 277
242 269
234 262
227 254
219 247
212 239
204 232
197 224
189 217
182 209
174 202
167 194
159 187
152 179
144 172
137 164
129 157
