64 326
59 317
67 309
76 304
86 304
96 304
106 304
116 304
125 309
135 309
145 309
155 309
165 309
175 306
185 304
195 304
205 304
215 304
224 299
234 299
244 299
254 299
263 304
273 305
283 309
292 314
302 314
312 314
322 314
332 314
342 314
350 306
360 304
369 299
379 299
389 301
398 306
408 310
415 318
415 328
405 335
395 335
385 335
380 345
382 355
390 362
399 367
409 369
415 380
410 390
401 395
392 400
382 400
372 400
363 395
355 388
348 380
340 373
333 365
324 360
314 360
305 355
296 350
286 350
277 345
267 345
257 345
247 345
237 345
227 345
217 345
207 345
197 345
187 345
177 345
167 345
157 345
147 345
137 345
128 340
118 340
108 340
98 340
88 340
78 340
69 335
