289 231
284 222
292 214
301 209
310 214
318 220
325 228
325 238
330 247
334 257
335 267
340 276
340 286
345 295
345 305
350 314
350 324
350 334
355 343
355 353
360 362
360 372
364 382
365 392
370 401
376 409
384 416
393 421
400 429
408 435
415 443
420 452
419 462
409 460
400 465
399 477
389 480
379 479
379 469
374 460
365 465
367 475
366 490
357 495
348 490
339 485
334 476
329 467
329 457
329 447
329 437
334 427
339 414
339 404
334 395
334 385
329 376
329 366
324 357
324 347
319 338
315 328
314 318
310 308
309 298
304 289
301 279
299 269
294 260
294 250
289 241
