124 142
124 132
129 122
139 121
145 129
153 135
155 145
165 149
175 149
184 136
184 126
184 116
179 107
189 106
198 111
205 119
213 125
220 133
225 142
225 152
225 162
218 173
210 180
210 190
205 200
205 210
207 220
210 230
210 240
210 250
210 260
210 270
215 279
215 289
215 299
220 308
220 318
225 327
225 337
225 347
230 356
230 366
230 376
230 386
235 395
240 404
250 407
257 415
267 419
270 429
270 439
261 448
255 440
249 430
240 435
245 444
250 453
244 465
234 465
224 465
215 470
207 464
199 457
192 449
187 440
184 430
184 420
182 410
179 400
177 390
174 380
169 371
169 361
164 352
164 342
164 332
164 322
159 313
159 303
159 293
154 284
154 274
154 264
154 254
154 244
151 234
149 224
149 214
149 204
144 195
144 185
136 179
129 171
124 162
124 152
