174 237
184 234
193 229
203 229
204 215
195 210
185 210
175 210
169 202
177 194
186 189
195 184
205 184
215 187
225 189
234 194
242 200
250 207
260 209
270 212
280 214
290 214
300 217
310 219
320 219
330 222
340 224
350 227
360 229
369 234
379 234
389 236
395 244
405 244
414 249
423 254
433 254
442 259
452 259
459 267
469 269
478 274
488 274
495 282
500 291
494 307
487 315
478 310
469 305
459 301
451 295
441 295
432 290
422 289
412 285
403 280
393 280
384 275
374 275
365 270
356 265
347 260
338 255
328 255
318 255
308 255
298 255
289 250
279 250
270 255
260 255
250 255
245 265
236 270
227 275
218 270
209 265
209 255
199 255
189 252
182 244
