264 747
264 737
272 729
280 721
288 714
295 706
303 699
310 691
315 681
323 674
329 662
337 654
344 642
352 634
357 624
364 612
372 604
377 594
382 584
387 574
394 562
402 554
404 542
409 532
417 524
422 514
424 500
414 500
405 505
395 505
385 505
375 505
367 499
359 492
359 482
367 474
375 466
383 459
384 447
392 439
401 434
409 422
417 414
424 402
432 394
437 384
445 376
450 366
458 359
462 349
469 332
470 320
460 320
450 320
440 320
432 314
424 307
424 297
432 289
441 284
450 279
459 272
467 264
476 259
484 252
492 244
497 234
505 226
513 219
519 207
524 197
532 189
540 181
548 174
552 164
559 152
567 144
574 127
582 119
591 114
600 119
608 125
615 133
620 142
627 150
635 157
642 165
650 172
657 180
665 187
670 196
676 204
684 211
690 219
695 228
705 232
712 240
720 247
727 255
735 262
744 267
752 274
759 282
767 289
768 303
760 310
750 315
740 315
730 315
720 315
725 324
730 333
738 340
745 348
750 357
757 365
762 374
769 382
777 389
784 397
792 404
799 412
804 421
813 426
820 434
828 440
832 450
840 457
845 466
851 474
853 488
845 495
835 500
825 505
815 505
805 505
810 514
815 523
823 530
827 540
835 547
840 556
846 564
850 574
855 583
860 592
865 601
871 609
875 619
883 625
885 635
890 644
895 653
900 662
907 670
915 677
920 686
926 694
934 701
938 711
945 719
950 728
955 737
959 747
953 763
945 770
935 770
925 770
915 770
905 770
895 770
885 770
875 770
865 770
855 770
845 770
835 770
825 770
815 775
805 775
795 780
785 780
775 780
765 780
755 780
745 780
735 780
725 780
715 780
705 780
695 780
685 780
675 780
665 780
655 780
657 790
660 800
660 810
660 820
660 830
660 840
660 850
660 860
660 870
660 880
660 890
660 900
660 910
660 920
660 930
662 940
665 950
665 960
670 969
670 979
670 989
670 999
670 1009
675 1018
675 1028
675 1038
675 1048
675 1058
680 1067
675 1085
667 1094
657 1095
647 1095
637 1095
627 1095
618 1090
608 1090
598 1090
588 1090
578 1090
568 1090
558 1090
550 1083
544 1075
539 1066
539 1056
539 1046
534 1037
534 1027
534 1017
534 1007
534 997
534 987
534 977
534 967
534 957
534 947
534 937
529 928
529 918
529 908
525 898
524 888
524 878
524 868
524 858
524 848
524 838
524 828
524 818
524 808
524 798
524 788
524 778
517 770
507 770
497 770
487 770
477 770
467 770
457 770
447 770
437 770
428 765
418 765
409 760
399 760
389 760
379 760
369 760
359 760
349 760
339 760
329 760
319 762
309 765
299 765
289 765
279 762
272 754
