74 1342
74 1332
84 1322
92 1314
102 1309
112 1309
121 1304
131 1300
139 1294
148 1289
158 1289
167 1284
177 1279
186 1274
195 1269
204 1262
212 1254
222 1249
232 1249
237 1239
246 1234
255 1229
265 1226
275 1224
284 1217
294 1212
304 1209
310 1201
318 1194
327 1189
337 1189
342 1179
351 1174
360 1169
369 1162
377 1154
387 1149
396 1144
404 1137
414 1132
422 1124
432 1124
437 1114
447 1109
456 1104
461 1095
466 1085
476 1080
484 1074
494 1067
504 1062
512 1054
522 1049
532 1049
537 1039
542 1029
552 1024
561 1019
569 1012
579 1007
587 999
597 999
602 989
612 985
620 975
610 975
600 975
590 975
580 975
570 975
560 975
550 975
540 975
530 975
520 975
510 975
500 975
490 975
480 975
470 975
460 975
450 975
440 975
430 975
420 975
410 975
400 975
390 972
380 970
370 970
360 970
351 975
341 975
331 975
321 975
311 975
301 975
291 975
281 975
271 975
261 975
252 980
242 980
232 980
222 980
212 979
202 975
193 970
184 965
179 956
174 947
174 937
179 927
189 922
197 914
207 914
216 909
226 909
236 909
245 904
254 899
264 897
274 894
283 889
293 889
300 881
310 876
320 874
329 869
339 869
345 861
355 856
363 849
372 844
382 844
387 834
396 829
405 824
415 821
425 819
434 812
444 807
454 804
463 799
472 794
477 784
486 779
495 774
504 767
512 759
522 754
532 754
537 744
546 739
554 732
564 727
572 719
580 711
588 704
595 696
600 686
610 681
618 674
627 669
637 669
642 659
647 649
655 641
660 631
669 622
677 614
687 609
697 609
699 595
689 595
679 595
669 595
659 595
649 595
639 595
629 595
619 595
609 595
599 595
589 595
579 595
569 595
559 595
549 595
539 595
529 595
520 590
510 587
502 580
494 574
489 565
489 555
489 545
479 542
479 532
479 522
489 512
497 504
507 499
517 499
526 494
536 490
546 489
554 482
564 477
574 474
580 466
588 459
597 454
606 449
611 440
619 434
628 429
638 429
644 417
654 412
662 404
672 404
677 394
687 389
696 384
705 379
714 372
719 362
729 357
737 349
745 341
750 331
760 326
768 319
778 319
782 309
790 301
795 291
804 277
809 267
819 262
819 252
819 242
824 227
834 217
834 207
834 197
839 187
839 177
849 172
849 162
849 152
854 142
854 132
854 122
854 112
854 102
854 92
864 82
872 74
882 69
892 69
901 64
911 64
920 69
930 69
939 74
947 80
952 89
960 95
960 105
962 115
967 124
975 130
980 139
980 149
990 152
990 162
995 171
1004 176
1010 184
1020 187
1028 194
1035 202
1040 211
1049 216
1053 226
1063 230
1068 239
1078 240
1085 248
1095 252
1099 262
1107 269
1116 274
1125 279
1130 288
1140 292
1144 302
1152 309
1155 319
1164 324
1172 330
1177 339
1185 345
1195 349
1203 355
1212 360
1217 369
1226 374
1230 384
1235 393
1245 394
1254 399
1262 405
1272 409
1275 419
1285 419
1293 425
1302 430
1310 437
1317 445
1325 452
1335 454
1344 459
1352 465
1357 474
1366 479
1375 484
1385 487
1395 489
1404 494
1412 500
1422 504
1431 509
1440 514
1449 519
1458 524
1468 525
1475 533
1485 537
1489 547
1490 557
1488 568
1483 578
1473 583
1465 590
1455 590
1445 595
1435 595
1425 595
1415 595
1405 595
1395 595
1385 595
1375 595
1365 595
1355 595
1345 595
1335 595
1325 595
1315 595
1305 595
1295 595
1285 595
1275 595
1265 595
1255 595
1245 592
1235 590
1225 590
1215 590
1205 595
1195 595
1185 595
1175 595
1180 604
1190 607
1199 612
1205 620
1215 624
1224 629
1232 635
1242 639
1251 644
1261 644
1270 649
1278 655
1283 664
1290 672
1298 679
1307 684
1316 689
1325 694
1335 694
1344 699
1352 705
1357 714
1366 719
1375 724
1385 727
1394 732
1400 740
1408 746
1415 754
1425 754
1434 759
1442 765
1447 774
1456 779
1466 779
1475 784
1485 784
1494 789
1502 795
1512 799
1521 804
1531 804
1540 809
1548 815
1553 824
1560 832
1560 842
1550 845
1545 855
1535 860
1530 870
1520 875
1510 880
1501 885
1491 885
1481 885
1471 885
1461 885
1451 883
1441 880
1431 880
1421 878
1411 875
1401 875
1391 875
1381 873
1371 870
1362 865
1352 865
1342 865
1332 865
1322 865
1312 865
1303 860
1293 860
1284 855
1274 855
1264 855
1255 850
1245 850
1250 859
1259 864
1268 869
1277 874
1286 879
1295 884
1305 887
1313 894
1322 899
1332 899
1341 904
1350 909
1359 914
1368 919
1378 920
1388 924
1397 929
1406 934
1410 944
1420 944
1428 950
1437 955
1447 959
1456 964
1466 964
1474 971
1483 976
1493 979
1502 984
1512 984
1519 992
1529 996
1533 1006
1543 1009
1553 1009
1563 1009
1573 1010
1583 1014
1592 1019
1601 1024
1605 1034
1610 1043
1620 1044
1630 1044
1640 1047
1650 1049
1660 1049
1669 1054
1679 1056
1689 1059
1697 1065
1707 1069
1716 1074
1726 1074
1735 1079
1744 1084
1754 1086
1760 1094
1770 1097
1778 1104
1788 1105
1798 1109
1807 1114
1817 1114
1826 1119
1835 1124
1845 1127
1853 1134
1863 1134
1873 1135
1883 1139
1892 1144
1901 1149
1905 1159
1910 1168
1905 1180
1907 1190
1910 1200
1905 1210
1897 1220
1889 1227
1879 1232
1869 1235
1860 1240
1850 1240
1840 1240
1830 1240
1820 1240
1810 1240
1800 1240
1790 1245
1780 1245
1770 1245
1760 1245
1751 1250
1741 1250
1731 1250
1721 1250
1711 1250
1701 1250
1691 1250
1681 1250
1671 1250
1661 1250
1651 1250
1641 1250
1631 1250
1621 1250
1611 1250
1602 1245
1592 1245
1582 1245
1572 1249
1562 1250
1552 1250
1542 1254
1532 1255
1523 1260
1513 1260
1503 1260
1493 1260
1483 1260
1473 1260
1463 1260
1453 1260
1443 1260
1433 1260
1423 1260
1413 1260
1403 1260
1393 1260
1383 1260
1373 1260
1363 1260
1353 1260
1343 1260
1333 1260
1323 1260
1313 1260
1303 1260
1293 1260
1283 1260
1274 1255
1264 1255
1254 1255
1244 1255
1234 1255
1224 1255
1214 1255
1205 1250
1195 1250
1185 1250
1175 1250
1165 1250
1155 1247
1145 1245
1135 1245
1125 1245
1115 1245
1115 1255
1115 1265
1115 1275
1115 1285
1115 1295
1115 1305
1115 1315
1115 1325
1115 1335
1115 1345
1115 1355
1115 1365
1115 1375
1115 1385
1115 1395
1115 1405
1115 1415
1115 1425
1115 1435
1115 1445
1115 1455
1115 1465
1115 1475
1115 1485
1115 1495
1115 1505
1115 1515
1115 1525
1110 1535
1110 1545
1112 1555
1115 1565
1115 1575
1115 1585
1115 1595
1115 1605
1115 1615
1115 1625
1115 1635
1115 1645
1115 1655
1115 1665
1110 1675
1100 1685
1100 1695
1105 1704
1110 1713
1110 1723
1110 1733
1110 1743
1110 1753
1110 1763
1100 1770
1100 1780
1108 1786
1110 1796
1110 1806
1110 1816
1110 1826
1100 1830
1092 1844
1082 1849
1077 1859
1067 1864
1058 1870
1048 1873
1038 1875
1028 1875
1019 1870
1009 1870
1001 1864
992 1859
982 1855
972 1855
962 1855
952 1855
942 1855
932 1855
922 1855
912 1855
902 1855
893 1850
883 1850
874 1845
866 1838
860 1830
854 1822
854 1812
854 1802
854 1792
854 1782
854 1772
854 1762
854 1752
854 1742
854 1732
854 1722
854 1712
854 1702
854 1692
854 1682
854 1672
854 1662
854 1652
854 1642
854 1632
854 1622
854 1612
854 1602
854 1592
854 1582
854 1572
864 1560
862 1550
854 1544
854 1534
854 1524
854 1514
852 1504
847 1495
839 1488
839 1478
839 1468
839 1458
836 1448
830 1440
824 1432
824 1422
824 1412
834 1407
834 1397
827 1389
822 1380
819 1370
819 1360
819 1350
809 1347
809 1337
809 1327
809 1317
819 1313
819 1303
812 1295
802 1295
792 1295
782 1295
772 1295
762 1295
752 1295
742 1295
733 1300
723 1300
713 1300
703 1300
693 1300
683 1300
674 1305
664 1305
654 1305
645 1310
635 1310
626 1315
616 1315
606 1315
596 1315
586 1315
577 1320
567 1324
557 1325
547 1325
538 1320
528 1320
518 1320
508 1323
498 1325
488 1325
478 1325
468 1325
458 1325
448 1325
438 1328
430 1335
421 1340
411 1340
402 1345
392 1345
383 1340
373 1340
363 1340
354 1345
345 1350
335 1350
326 1355
316 1355
306 1355
296 1355
286 1355
276 1355
266 1353
256 1350
247 1355
238 1360
228 1363
218 1365
208 1365
199 1360
190 1365
181 1370
171 1370
162 1375
152 1375
142 1375
132 1375
122 1375
113 1370
103 1370
94 1365
86 1358
80 1350
