934 902
934 892
939 882
949 877
954 867
962 859
967 849
977 844
987 844
997 839
1007 839
1017 839
1027 839
1037 839
1047 839
1057 839
1067 839
1077 839
1087 839
1097 834
1107 834
1117 834
1127 834
1137 834
1139 817
1139 807
1139 797
1147 789
1156 784
1166 784
1176 780
1186 779
1196 779
1206 779
1216 779
1226 779
1236 779
1246 779
1256 779
1266 779
1276 779
1284 786
1290 794
1290 804
1290 814
1290 824
1295 833
1303 840
1310 848
1315 857
1315 867
1315 877
1325 879
1335 882
1344 887
1349 896
1350 906
1350 916
1350 926
1360 929
1370 929
1380 932
1387 940
1390 950
1390 960
1383 973
1375 980
1365 980
1365 990
1365 1000
1357 1014
1348 1020
1338 1023
1328 1025
1319 1020
1309 1017
1300 1012
1295 1003
1289 995
1280 990
1270 990
1260 990
1252 999
1244 1007
1236 1015
1227 1020
1218 1025
1208 1028
1198 1033
1188 1035
1178 1035
1168 1035
1158 1035
1148 1035
1139 1030
1131 1023
1125 1015
1115 1015
1105 1015
1095 1015
1085 1015
1075 1015
1065 1015
1055 1015
1050 1025
1045 1035
1036 1040
1026 1040
1016 1040
1006 1040
996 1038
986 1035
976 1035
966 1034
959 1026
954 1017
954 1007
954 997
954 987
954 977
954 967
959 957
969 952
979 947
989 944
998 939
1008 939
1017 934
1018 915
1008 915
998 915
988 915
978 918
968 920
958 920
949 925
939 921
934 912
