1064 882
1064 872
1069 862
1079 857
1089 854
1098 849
1108 849
1118 849
1125 841
1133 834
1142 829
1152 824
1162 824
1171 819
1181 819
1191 819
1201 815
1211 814
1221 814
1231 814
1241 814
1251 814
1261 814
1271 814
1281 814
1291 814
1301 814
1309 807
1309 797
1314 787
1314 777
1314 767
1319 757
1327 749
1336 744
1346 744
1356 744
1366 744
1376 744
1385 739
1395 739
1405 739
1415 739
1425 739
1435 739
1445 739
1455 739
1465 742
1472 750
1475 760
1475 770
1475 780
1480 789
1480 799
1485 808
1490 817
1490 827
1494 837
1499 846
1505 854
1510 863
1518 869
1528 869
1538 869
1547 874
1554 882
1555 892
1564 897
1570 905
1575 914
1585 914
1595 914
1604 919
1610 927
1615 936
1615 946
1615 956
1613 968
1605 975
1595 980
1585 980
1575 980
1575 990
1570 1000
1562 1010
1553 1015
1543 1015
1533 1015
1523 1015
1513 1015
1505 1008
1499 1000
1495 990
1485 990
1475 990
1465 990
1455 990
1448 1003
1438 1008
1428 1013
1418 1015
1409 1020
1400 1025
1391 1030
1381 1030
1371 1030
1361 1030
1351 1030
1341 1028
1331 1024
1322 1019
1312 1015
1302 1015
1292 1015
1282 1015
1272 1015
1262 1015
1252 1015
1242 1015
1232 1015
1222 1015
1212 1019
1202 1024
1192 1025
1182 1025
1172 1025
1162 1025
1152 1025
1142 1029
1132 1030
1122 1034
1112 1034
1104 1027
1099 1018
1095 1008
1089 1000
1084 991
1079 982
1079 972
1079 962
1079 952
1084 942
1094 937
1104 934
1114 932
1124 929
1134 929
1144 929
1149 918
1146 908
1136 905
1126 905
1116 905
1106 905
1096 905
1086 905
1076 909
1069 901
1064 892
