984 882
979 892
984 901
989 910
998 915
1008 915
1018 915
1028 915
1038 915
1048 915
1058 915
1064 923
1057 939
1047 944
1039 952
1034 962
1029 972
1024 987
1019 1002
1019 1012
1019 1022
1027 1029
1035 1035
1045 1035
1053 1028
1063 1025
1070 1033
1078 1040
1087 1045
1097 1045
1106 1040
1115 1030
1120 1020
1130 1020
1140 1020
1150 1015
1160 1015
1170 1015
1180 1010
1190 1010
1200 1010
1210 1010
1220 1010
1230 1010
1239 1015
1248 1020
1257 1025
1266 1030
1276 1030
1284 1022
1292 1015
1302 1015
1312 1015
1322 1015
1332 1015
1342 1015
1352 1015
1361 1020
1371 1020
1381 1023
1391 1025
1401 1025
1411 1025
1421 1025
1430 1030
1440 1030
1450 1030
1460 1025
1468 1018
1470 1005
1470 995
1470 985
1470 975
1480 975
1490 970
1500 960
1505 950
1510 938
1505 929
1499 921
1489 919
1479 919
1469 919
1459 919
1449 919
1440 914
1437 904
1432 895
1430 885
1425 876
1425 866
1420 857
1414 849
1405 844
1395 844
1385 844
1375 840
1375 830
1375 820
1375 810
1375 800
1375 790
1373 780
1365 774
1356 769
1346 769
1336 769
1326 769
1316 769
1306 769
1296 769
1286 769
1276 769
1266 769
1256 769
1246 769
1236 769
1227 774
1219 782
1219 792
1215 806
1210 816
1204 824
1194 821
1184 824
1174 824
1165 829
1156 834
1146 834
1137 839
1127 839
1117 839
1107 839
1097 839
1087 844
1077 844
1067 844
1057 849
1047 849
1037 849
1027 849
1017 854
1007 859
997 864
989 872
