979 887
979 877
984 867
992 859
1002 854
1012 854
1021 849
1031 849
1041 849
1051 849
1061 849
1071 849
1081 849
1091 849
1101 845
1111 844
1121 844
1131 844
1141 844
1151 844
1161 844
1171 844
1181 844
1189 832
1189 822
1189 812
1189 802
1189 792
1197 784
1206 779
1216 779
1226 779
1236 779
1246 779
1256 779
1266 779
1276 779
1286 779
1296 779
1305 784
1315 784
1325 784
1335 784
1343 790
1350 798
1345 810
1345 820
1345 830
1350 839
1360 842
1365 851
1370 860
1372 870
1375 880
1375 890
1385 894
1395 894
1403 900
1410 908
1410 918
1418 925
1427 930
1437 934
1440 944
1445 953
1445 963
1440 980
1440 990
1437 1004
1432 1014
1422 1019
1412 1024
1402 1025
1392 1025
1382 1029
1372 1025
1368 1015
1359 1010
1349 1010
1339 1010
1329 1010
1319 1010
1309 1010
1299 1010
1289 1010
1279 1010
1270 1015
1263 1023
1253 1028
1243 1030
1233 1030
1223 1030
1213 1030
1203 1030
1193 1030
1184 1025
1176 1018
1170 1010
1160 1010
1150 1010
1140 1010
1130 1010
1120 1010
1110 1010
1100 1010
1090 1015
1080 1020
1070 1025
1061 1030
1051 1030
1042 1025
1033 1020
1023 1020
1013 1020
1004 1025
996 1019
989 1011
989 1001
984 992
984 982
984 972
989 962
997 954
1006 949
1015 944
1024 935
1024 925
1024 915
1015 910
1005 910
995 910
987 904
979 897
