1029 887
1029 877
1037 869
1045 861
1050 851
1055 841
1065 836
1075 834
1084 829
1094 827
1104 824
1114 824
1124 824
1134 824
1144 824
1154 824
1164 824
1174 824
1184 824
1194 822
1204 819
1214 819
1224 819
1234 819
1244 819
1253 814
1263 814
1272 809
1274 792
1279 782
1284 772
1292 764
1301 759
1311 759
1321 759
1331 759
1341 759
1351 759
1361 759
1371 759
1381 759
1391 759
1400 764
1408 770
1412 780
1415 790
1420 799
1420 809
1430 812
1439 817
1444 826
1445 836
1448 846
1458 850
1465 858
1470 867
1478 874
1488 875
1498 879
1508 880
1515 888
1520 897
1520 907
1520 917
1524 927
1534 931
1538 941
1537 954
1529 962
1519 965
1510 970
1510 980
1510 990
1510 1000
1505 1015
1497 1024
1487 1025
1477 1025
1467 1025
1457 1025
1447 1025
1439 1019
1434 1010
1434 1000
1424 1000
1414 1000
1404 1000
1394 1000
1384 1000
1375 1005
1365 1005
1355 1005
1345 1015
1335 1020
1325 1020
1315 1020
1305 1020
1295 1020
1285 1020
1275 1020
1265 1020
1255 1020
1245 1020
1235 1017
1225 1015
1215 1015
1206 1010
1196 1010
1186 1010
1176 1010
1167 1015
1158 1020
1148 1020
1138 1020
1128 1020
1118 1020
1108 1020
1098 1020
1088 1020
1078 1020
1068 1020
1059 1015
1054 1006
1049 997
1049 987
1049 977
1049 967
1054 957
1062 949
1071 944
1081 940
1091 939
1101 939
1104 924
1099 915
1089 915
1079 915
1069 915
1059 917
1049 920
1041 914
1034 906
1029 897
