189 402
189 392
194 382
202 374
209 357
209 347
209 337
209 327
214 317
219 307
227 299
232 289
242 284
252 284
261 279
270 274
279 269
288 264
298 264
308 264
318 264
328 264
338 264
348 264
358 264
368 264
378 264
388 264
398 264
408 264
418 264
428 264
438 264
447 269
457 269
467 269
476 274
486 274
496 274
506 274
516 274
526 270
536 269
546 269
556 269
566 265
576 264
586 264
596 264
606 260
616 259
626 259
636 259
646 259
656 259
666 259
676 259
686 259
696 259
706 259
716 259
726 259
735 254
745 254
755 254
765 257
775 259
785 262
793 269
802 274
811 279
820 284
830 284
840 284
850 284
860 287
870 289
880 289
890 289
900 292
910 294
920 294
930 294
939 289
949 287
959 284
969 281
979 279
989 277
999 274
1008 269
1018 269
1027 264
1037 259
1047 259
1057 259
1066 254
1076 250
1086 249
1095 244
1104 239
1114 239
1123 234
1133 234
1143 234
1152 229
1162 229
1171 224
1179 217
1187 209
1195 201
1203 194
1210 186
1220 181
1228 174
1237 169
1246 164
1255 159
1265 156
1273 149
1282 144
1292 139
1301 144
1310 139
1320 139
1330 139
1339 134
1349 134
1359 134
1368 129
1378 129
1388 129
1397 124
1407 124
1417 124
1427 124
1437 124
1447 124
1457 124
1467 124
1477 124
1487 124
1497 124
1506 129
1516 129
1525 134
1535 137
1545 139
1554 144
1564 144
1573 149
1583 150
1592 155
1602 159
1611 164
1620 169
1628 175
1638 179
1647 184
1656 189
1665 194
1675 197
1684 202
1694 204
1702 210
1712 214
1721 219
1730 224
1740 227
1750 229
1759 234
1769 234
1778 239
1788 239
1798 239
1808 240
1818 244
1828 244
1838 244
1848 244
1858 244
1868 244
1877 239
1887 234
1897 234
1907 229
1917 229
1927 229
1937 229
1947 224
1957 224
1967 224
1977 224
1987 219
1997 219
2006 224
2016 224
2026 224
2035 229
2045 229
2055 229
2065 232
2075 234
2085 234
2095 234
2105 234
2115 234
2125 234
2135 234
2145 234
2155 234
2165 234
2175 234
2185 234
2195 234
2205 237
2215 239
2225 242
2235 244
2244 249
2254 249
2263 254
2273 255
2282 260
2285 270
2290 279
2290 289
2290 299
2295 308
2295 318
2295 328
2300 337
2300 347
2304 357
2305 367
2305 377
2305 387
2305 397
2305 407
2305 417
2305 427
2305 437
2305 447
2305 457
2305 467
2305 477
2305 487
2298 503
2290 510
2280 515
2272 524
2262 525
2253 530
2243 533
2233 535
2223 535
2213 535
2203 535
2193 535
2183 535
2173 535
2163 535
2153 535
2143 535
2133 535
2123 535
2113 535
2103 535
2093 535
2083 535
2073 535
2063 535
2053 535
2043 538
2033 540
2023 540
2013 543
2003 545
1993 545
1983 545
1973 545
1963 545
1953 545
1943 545
1933 545
1923 545
1913 545
1903 545
1893 545
1883 545
1874 550
1864 550
1855 555
1846 560
1836 560
1827 565
1817 565
1807 565
1798 570
1788 570
1779 575
1769 575
1760 580
1750 580
1740 585
1730 585
1720 590
1710 595
1700 600
1692 609
1682 614
1674 620
1665 625
1656 630
1647 635
1638 640
1629 645
1619 645
1609 647
1599 650
1589 650
1580 655
1570 655
1560 655
1550 655
1540 655
1530 660
1520 660
1510 665
1500 665
1491 670
1481 670
1471 670
1462 675
1452 675
1442 675
1432 675
1422 675
1413 670
1403 670
1394 665
1384 665
1375 660
1365 660
1356 655
1346 655
1337 650
1327 650
1318 645
1309 640
1300 635
1290 632
1282 625
1273 620
1265 613
1259 605
1251 599
1242 594
1237 585
1228 580
1219 575
1210 570
1200 567
1190 565
1181 560
1172 555
1162 555
1153 550
1144 545
1135 540
1125 537
1115 535
1105 535
1095 535
1085 535
1075 535
1065 535
1055 535
1045 535
1035 535
1025 532
1015 530
1005 530
996 525
986 525
977 530
968 525
958 525
948 525
938 525
928 525
918 528
910 535
900 535
890 540
880 540
870 540
860 540
850 540
840 540
830 540
820 540
810 540
800 540
790 540
780 540
770 540
760 540
750 540
740 545
730 545
720 545
710 545
700 545
690 550
680 550
671 555
661 555
652 550
642 550
632 549
622 545
612 549
602 545
592 545
582 545
572 545
562 545
552 545
542 545
532 545
522 545
512 549
502 545
493 540
484 535
475 530
465 530
455 530
445 535
435 540
426 545
416 548
406 545
396 545
386 545
376 545
366 545
356 545
346 545
336 545
326 545
316 545
306 545
296 545
286 543
276 540
267 535
257 534
247 530
238 525
229 520
221 513
216 504
209 496
204 487
197 479
189 472
189 462
189 452
189 442
189 432
189 422
189 412
