384 512
384 502
394 497
402 489
412 484
422 484
432 484
441 479
451 479
461 479
471 475
481 474
491 474
501 474
511 474
521 470
531 469
541 465
551 464
561 464
571 464
581 464
591 464
601 464
611 464
621 464
631 464
641 464
651 464
660 459
670 459
680 456
690 451
698 444
708 444
717 439
727 439
737 439
746 444
755 449
764 454
773 459
783 459
793 459
803 459
813 459
823 459
833 460
843 464
852 459
862 459
871 454
881 454
891 454
901 454
911 454
920 449
930 449
940 449
949 454
959 454
969 452
977 444
987 439
997 439
1007 434
1017 434
1027 434
1036 429
1046 425
1056 420
1064 414
1074 412
1084 407
1092 399
1101 394
1109 387
1117 379
1127 374
1136 369
1144 362
1154 357
1164 352
1174 349
1184 347
1194 344
1203 339
1212 334
1220 326
1230 324
1239 319
1249 319
1257 325
1265 332
1275 334
1284 339
1294 339
1304 341
1314 344
1324 344
1333 349
1343 350
1350 358
1360 362
1369 367
1379 371
1385 379
1395 382
1403 389
1412 394
1421 399
1431 399
1440 404
1449 409
1459 411
1469 414
1479 414
1489 416
1499 419
1509 421
1518 426
1528 429
1538 429
1545 421
1555 419
1565 419
1575 419
1585 419
1595 416
1605 414
1615 414
1624 419
1634 421
1644 422
1654 419
1663 414
1672 409
1682 409
1692 409
1702 409
1712 409
1722 409
1731 404
1741 404
1750 409
1760 409
1769 404
1778 399
1788 399
1798 399
1808 399
1818 399
1827 394
1837 394
1847 394
1856 389
1866 389
1876 389
1886 389
1896 389
1906 389
1916 389
1926 389
1936 389
1946 389
1956 389
1966 389
1976 389
1986 389
1996 385
2006 384
2016 384
2026 384
2036 384
2046 384
2056 384
2066 384
2076 384
2086 384
2096 384
2106 384
2116 384
2126 384
2134 391
2140 399
2140 409
2140 419
2145 428
2150 437
2150 447
2150 457
2145 470
2145 480
2147 490
2150 500
2150 510
2150 520
2155 529
2160 538
2160 548
2150 555
2150 565
2150 575
2157 589
2149 597
2141 605
2132 610
2122 610
2112 614
2102 615
2092 615
2082 615
2072 615
2062 615
2052 615
2043 620
2033 620
2023 620
2013 620
2003 620
1993 620
1984 625
1974 625
1964 625
1955 630
1945 630
1936 635
1926 635
1917 640
1907 639
1897 635
1887 635
1877 635
1868 640
1859 645
1849 645
1839 645
1829 645
1819 645
1809 645
1799 645
1789 645
1780 640
1770 640
1760 640
1750 645
1741 650
1731 650
1721 650
1711 650
1702 655
1692 655
1682 655
1673 650
1663 650
1653 650
1643 653
1633 655
1624 660
1614 660
1604 660
1594 660
1584 660
1574 660
1565 655
1555 652
1545 650
1537 659
1527 664
1518 670
1508 670
1499 675
1489 675
1480 680
1470 680
1460 685
1450 690
1440 695
1432 704
1422 705
1414 712
1406 720
1397 725
1389 732
1381 740
1372 745
1362 749
1353 755
1344 760
1335 765
1325 765
1316 770
1306 770
1297 775
1287 775
1277 775
1267 779
1257 780
1247 780
1237 780
1228 775
1218 775
1208 775
1199 770
1189 770
1180 765
1170 765
1161 760
1152 755
1143 750
1134 745
1126 738
1116 735
1107 730
1098 725
1089 720
1080 715
1071 710
1061 708
1051 705
1041 703
1031 700
1021 700
1011 700
1002 695
992 694
982 690
973 685
963 685
953 688
943 690
933 690
923 690
913 690
903 690
893 690
883 690
873 690
864 685
854 685
845 690
836 695
826 695
816 695
806 695
796 695
787 700
777 704
769 710
760 715
750 715
741 720
731 720
722 715
713 710
703 710
694 705
684 705
674 705
664 705
654 705
644 705
634 705
625 710
615 710
605 710
595 715
585 715
575 715
565 715
555 715
545 715
535 715
525 715
515 715
505 715
495 715
485 715
475 715
465 715
455 715
445 715
435 715
425 715
415 712
407 705
404 695
404 685
404 675
404 665
404 655
404 645
404 635
404 625
399 616
394 607
394 597
394 587
399 574
399 564
394 555
394 545
394 535
394 525
384 522
