329 502
329 492
334 482
334 472
339 462
349 459
358 454
368 454
378 454
388 454
398 454
408 454
418 454
428 454
438 454
448 454
458 454
468 454
478 454
488 454
498 454
508 454
517 459
527 459
537 454
547 454
557 454
567 454
577 454
586 459
595 464
605 464
615 461
625 459
635 459
645 459
655 459
665 456
675 454
685 454
695 457
705 459
715 456
725 454
735 454
745 454
755 454
765 457
775 459
785 459
795 456
805 454
815 454
825 454
835 454
845 454
855 454
865 454
875 454
885 454
895 454
905 454
915 451
925 449
935 449
945 449
955 449
965 449
975 449
985 452
995 454
1005 454
1015 451
1025 449
1035 446
1045 444
1055 444
1065 444
1075 444
1085 444
1094 449
1104 447
1114 444
1123 439
1130 431
1135 421
1145 416
1153 409
1162 404
1170 396
1180 394
1189 387
1199 382
1209 377
1219 372
1229 369
1238 364
1248 364
1258 364
1267 359
1277 354
1287 354
1297 354
1307 354
1317 354
1327 354
1337 354
1347 354
1357 349
1367 349
1376 354
1385 359
1395 362
1405 364
1415 367
1424 372
1432 379
1442 379
1451 384
1459 391
1468 396
1475 404
1485 407
1492 415
1500 422
1507 430
1515 437
1525 439
1534 444
1544 444
1553 449
1563 449
1572 444
1582 444
1592 444
1602 444
1612 444
1622 444
1632 444
1641 449
1651 449
1660 454
1670 454
1680 454
1690 454
1700 451
1710 449
1719 454
1729 454
1739 452
1749 449
1758 454
1768 454
1778 454
1788 454
1797 459
1807 459
1817 459
1827 454
1837 454
1847 454
1857 454
1867 454
1877 454
1886 459
1895 464
1905 464
1915 464
1924 459
1934 457
1944 454
1954 456
1964 459
1973 454
1983 454
1993 454
2002 459
2012 459
2022 459
2032 459
2041 454
2051 454
2061 454
2071 454
2081 454
2091 454
2100 459
2110 459
2118 465
2128 469
2138 469
2147 464
2156 459
2165 454
2175 454
2185 454
2195 454
2205 454
2215 457
2224 462
2234 466
2240 474
2245 483
2245 493
2240 505
2240 515
2240 525
2240 535
2242 545
2245 555
2240 565
2240 575
2240 585
2240 595
2242 605
2240 620
2240 630
2240 640
2240 650
2240 660
2240 670
2240 680
2240 690
2237 704
2232 714
2222 719
2212 724
2202 725
2192 725
2183 720
2173 720
2163 723
2153 725
2143 725
2133 725
2123 725
2113 725
2103 725
2093 725
2084 720
2074 720
2064 720
2054 720
2044 720
2034 720
2024 720
2014 720
2004 720
1994 720
1984 720
1974 720
1964 720
1954 720
1944 720
1934 720
1924 720
1914 720
1904 720
1894 720
1884 720
1874 720
1864 720
1854 720
1844 720
1834 722
1824 725
1814 725
1804 725
1794 725
1784 725
1774 725
1764 725
1755 720
1745 720
1735 720
1725 725
1715 725
1705 725
1695 725
1685 725
1675 725
1665 725
1655 725
1645 725
1635 725
1625 725
1616 730
1606 730
1597 735
1587 735
1577 739
1567 740
1557 740
1548 735
1538 738
1528 743
1518 748
1510 755
1503 763
1495 770
1487 779
1478 785
1469 790
1460 795
1451 800
1442 805
1432 809
1422 814
1412 819
1402 824
1392 825
1382 829
1373 835
1364 840
1354 840
1344 842
1334 847
1324 850
1314 850
1304 850
1295 845
1285 842
1275 840
1265 837
1257 830
1248 825
1238 825
1229 820
1219 820
1210 815
1200 812
1192 805
1183 800
1173 800
1165 793
1159 785
1149 781
1141 775
1132 770
1125 762
1117 755
1110 747
1100 745
1090 745
1080 745
1070 745
1060 745
1050 745
1040 745
1030 745
1020 745
1011 740
1002 735
992 735
982 735
972 735
962 735
952 735
942 734
932 730
922 730
912 730
902 730
892 730
882 730
872 730
862 730
852 730
843 725
833 725
823 725
814 720
804 720
794 720
784 720
774 720
764 720
754 720
744 720
734 720
724 720
714 720
704 720
694 720
684 720
674 720
665 725
655 725
645 725
635 725
625 725
615 725
605 725
595 725
585 725
575 725
565 730
555 730
545 730
535 730
525 730
515 730
505 730
495 730
485 730
475 730
466 735
456 735
446 735
436 735
426 735
416 735
406 735
396 735
386 735
376 735
366 735
356 733
346 729
339 721
339 711
339 701
339 691
334 682
334 672
334 662
339 651
334 642
334 632
334 622
334 612
334 602
339 590
339 580
334 571
334 561
334 551
334 541
334 531
334 521
329 512
