354 607
354 597
359 582
364 572
374 567
374 557
379 545
379 535
379 525
377 515
374 505
364 501
359 492
359 482
359 472
359 462
364 452
374 442
379 427
384 417
392 409
402 404
412 404
421 399
431 399
441 399
451 399
461 399
471 399
481 399
491 399
501 399
511 399
521 399
531 399
541 399
551 399
561 399
571 399
581 399
591 399
600 404
610 404
620 404
630 404
640 404
649 409
659 409
669 409
679 407
689 402
699 399
709 399
719 401
729 404
739 404
749 404
759 404
769 404
779 404
789 404
799 404
809 404
819 404
829 404
839 406
849 409
859 407
869 404
879 404
889 404
899 402
909 399
919 399
929 399
939 399
948 394
958 394
964 382
972 374
981 369
989 362
997 354
1006 349
1015 344
1024 337
1034 334
1043 329
1052 324
1061 319
1071 319
1080 314
1090 311
1100 309
1109 304
1119 304
1129 302
1139 299
1149 299
1159 299
1169 299
1179 297
1189 294
1199 294
1209 296
1219 299
1229 299
1239 299
1249 299
1258 304
1268 304
1278 304
1287 309
1297 309
1306 314
1316 314
1325 319
1334 324
1344 324
1352 330
1362 334
1371 339
1379 346
1388 351
1398 355
1405 363
1413 370
1418 379
1427 384
1434 392
1442 399
1451 404
1460 409
1470 409
1480 409
1490 409
1500 409
1509 414
1519 414
1529 416
1539 419
1549 419
1558 414
1568 414
1578 414
1588 414
1598 414
1608 414
1617 409
1627 409
1637 409
1647 409
1657 409
1667 409
1677 409
1687 409
1697 409
1707 409
1717 409
1727 409
1737 409
1747 409
1757 409
1766 414
1776 414
1786 414
1796 414
1806 414
1816 414
1826 418
1836 419
1846 419
1856 415
1866 414
1876 414
1886 410
1896 409
1906 409
1916 409
1926 409
1936 409
1946 409
1956 409
1965 414
1975 414
1985 414
1995 417
2003 424
2012 429
2015 439
2015 449
2020 458
2025 467
2034 472
2035 482
2025 485
2025 495
2020 505
2015 515
2015 525
2015 535
2015 545
2015 555
2015 565
2017 575
2022 584
2025 594
2035 597
2035 607
2025 615
2020 630
2020 640
2015 655
2010 670
2000 680
1990 685
1980 690
1970 690
1960 690
1950 690
1941 695
1931 695
1921 695
1911 695
1901 695
1891 695
1881 695
1871 695
1861 695
1851 695
1841 695
1831 695
1821 695
1811 695
1801 695
1791 695
1781 695
1771 695
1761 695
1751 695
1741 695
1731 695
1721 695
1711 695
1702 690
1692 690
1682 690
1672 690
1662 690
1652 690
1642 690
1632 690
1622 690
1612 689
1602 685
1592 685
1582 685
1572 685
1562 684
1552 680
1542 680
1532 680
1522 684
1512 685
1503 690
1493 690
1483 690
1473 690
1463 690
1453 690
1443 690
1434 695
1425 700
1415 705
1410 715
1402 724
1394 730
1385 735
1378 743
1370 750
1360 750
1352 759
1342 764
1332 765
1323 770
1314 775
1304 777
1294 780
1284 782
1274 785
1265 790
1255 790
1245 790
1235 790
1226 795
1217 800
1207 804
1199 810
1190 815
1180 815
1171 810
1162 805
1153 800
1144 795
1135 790
1125 790
1115 787
1105 785
1095 785
1086 780
1076 780
1067 775
1057 774
1047 770
1040 762
1030 760
1022 754
1012 750
1003 745
995 738
989 730
980 725
972 719
964 712
959 703
950 698
943 690
934 685
924 685
914 685
904 685
894 685
885 680
875 680
865 680
855 680
846 675
836 675
826 675
817 680
807 680
797 680
787 684
777 685
767 685
757 685
747 685
737 685
727 685
717 685
707 685
697 685
687 685
677 685
667 685
657 685
647 685
637 685
627 685
617 685
607 685
597 685
587 685
577 685
567 685
557 685
547 685
537 685
527 685
517 684
507 680
497 680
487 680
477 680
467 680
457 680
447 680
437 680
427 680
417 680
408 675
398 675
388 675
380 668
374 660
374 650
374 640
366 634
359 626
354 617
