394 767
394 757
399 742
399 732
404 717
409 706
409 696
404 687
404 677
404 667
404 657
404 647
412 639
422 639
432 639
442 639
452 639
462 634
472 634
482 634
492 634
502 634
511 639
521 639
531 639
541 639
551 639
561 639
571 639
581 639
591 639
601 639
610 634
620 634
630 634
640 634
649 639
659 639
668 644
678 644
688 644
698 645
708 649
718 650
728 654
738 654
748 654
758 654
768 654
778 654
788 654
798 654
807 659
817 659
827 659
837 659
847 659
857 659
867 659
877 659
886 664
896 664
906 664
915 669
925 669
935 669
945 669
955 669
965 672
975 674
985 674
995 674
1005 674
1014 679
1024 679
1034 679
1044 679
1054 679
1064 679
1074 679
1084 679
1094 679
1104 679
1114 679
1124 679
1134 679
1143 674
1150 666
1158 659
1162 649
1170 641
1178 634
1185 626
1193 619
1200 611
1208 604
1217 599
1227 594
1236 589
1244 582
1249 572
1257 564
1267 559
1277 559
1287 559
1297 554
1307 549
1316 544
1325 539
1334 544
1342 550
1350 557
1360 559
1370 559
1379 564
1389 564
1398 569
1408 570
1418 574
1427 579
1436 584
1445 589
1455 592
1463 599
1472 604
1479 612
1487 619
1494 627
1502 634
1511 639
1520 644
1530 644
1540 644
1550 644
1560 644
1570 644
1580 644
1590 644
1600 647
1610 649
1620 649
1630 649
1640 646
1650 644
1660 644
1670 644
1679 649
1689 649
1699 649
1709 649
1719 649
1729 649
1739 649
1749 649
1759 649
1769 649
1779 649
1789 649
1799 649
1809 647
1819 644
1829 644
1839 644
1849 644
1859 644
1869 644
1878 639
1888 639
1898 639
1908 639
1918 639
1928 640
1938 644
1948 644
1958 644
1968 644
1975 652
1980 661
1980 671
1985 680
1987 690
1990 700
1990 710
1995 719
1995 729
1995 739
1995 749
1995 759
1995 769
1995 779
1995 789
1995 799
1990 815
1990 825
1990 835
1990 845
1990 855
1990 865
1990 875
1983 883
1975 890
1965 890
1955 890
1945 890
1935 890
1925 890
1915 890
1905 890
1896 895
1886 895
1876 895
1866 895
1857 890
1847 890
1837 890
1827 890
1817 890
1807 890
1797 890
1787 890
1777 890
1767 894
1757 895
1747 895
1737 895
1727 895
1717 895
1707 895
1697 895
1687 895
1677 895
1667 899
1657 900
1647 900
1637 900
1627 900
1617 900
1607 900
1597 900
1587 900
1577 900
1567 900
1557 900
1548 905
1538 908
1528 913
1520 920
1513 928
1505 935
1498 943
1490 950
1480 955
1472 964
1464 972
1454 977
1444 982
1434 987
1424 992
1414 997
1404 1000
1395 1005
1385 1005
1376 1010
1366 1010
1356 1010
1346 1010
1336 1010
1326 1010
1316 1010
1307 1005
1297 1005
1287 1005
1278 1000
1268 1000
1259 995
1250 990
1241 985
1232 980
1223 975
1213 975
1205 968
1198 960
1190 953
1184 945
1176 938
1166 935
1156 935
1146 934
1137 929
1127 925
1118 920
1109 915
1099 915
1089 915
1079 915
1069 915
1059 915
1050 910
1040 910
1031 915
1021 915
1012 910
1002 910
993 915
984 910
974 910
964 910
954 910
944 910
934 910
924 910
914 910
904 910
895 905
885 905
875 905
865 910
855 910
846 905
836 905
826 903
816 900
806 900
796 900
786 900
777 905
768 900
758 900
749 895
739 895
730 890
720 890
710 890
700 890
691 895
682 890
672 890
663 885
653 885
643 885
633 885
624 890
615 885
605 885
595 882
585 880
575 880
565 880
555 880
545 880
535 885
525 885
515 885
505 885
495 885
485 885
475 890
465 890
455 890
446 885
437 880
428 875
419 870
409 867
402 859
394 852
394 842
394 832
394 822
399 806
399 796
394 787
394 777
