49 387
49 377
54 362
59 352
67 344
72 334
80 326
88 319
97 314
107 314
117 314
127 314
137 314
147 314
157 314
167 314
177 314
187 314
196 319
206 319
216 319
226 319
236 319
246 319
256 319
266 319
276 319
286 319
295 324
305 324
315 324
325 324
335 324
345 324
355 324
365 324
375 324
385 324
395 324
405 327
415 329
425 329
435 329
445 329
455 329
465 329
475 329
485 329
495 329
505 329
514 334
524 334
534 334
544 334
554 334
564 332
574 329
584 329
594 329
604 329
614 329
624 329
634 329
644 329
654 329
664 329
674 329
684 329
694 329
703 324
713 324
723 324
733 324
743 324
753 324
763 324
773 324
782 319
792 319
802 319
812 319
822 319
832 319
842 319
852 319
862 319
872 319
881 314
891 314
901 314
911 314
921 314
931 314
941 314
951 314
961 314
971 314
981 314
991 314
1001 314
1011 310
1021 309
1031 309
1041 309
1051 309
1061 309
1071 309
1081 309
1091 309
1101 309
1111 309
1121 309
1131 309
1141 309
1151 305
1161 304
1171 304
1181 304
1191 304
1201 304
1211 304
1221 304
1231 304
1241 304
1251 304
1261 304
1271 300
1276 290
1286 285
1294 279
1304 279
1314 279
1324 279
1334 279
1344 279
1354 277
1364 272
1372 264
1379 252
1387 244
1397 239
1407 234
1417 229
1427 224
1437 224
1446 219
1455 214
1465 214
1475 214
1485 214
1495 214
1505 214
1515 214
1525 214
1535 217
1545 219
1554 224
1564 226
1574 229
1582 235
1592 239
1599 247
1607 254
1616 259
1624 266
1630 274
1639 279
1648 284
1658 284
1668 284
1678 284
1688 285
1697 290
1705 297
1714 302
1724 304
1734 304
1744 304
1754 304
1764 304
1773 309
1783 309
1793 309
1803 309
1813 309
1823 309
1833 309
1843 309
1852 314
1862 314
1872 314
1882 314
1892 314
1902 314
1912 314
1922 314
1931 319
1941 319
1951 319
1961 319
1971 319
1981 319
1991 319
2001 319
2011 319
2021 319
2031 319
2040 324
2050 324
2060 324
2070 324
2080 324
2090 324
2100 324
2110 324
2120 324
2130 324
2140 324
2150 324
2160 327
2170 329
2180 329
2190 329
2200 329
2210 329
2220 329
2230 329
2240 329
2250 329
2260 329
2270 332
2280 334
2290 334
2300 334
2310 334
2320 334
2330 334
2340 334
2350 334
2360 334
2370 334
2380 334
2389 339
2397 345
2405 352
2409 362
2414 371
2415 381
2415 391
2415 401
2415 411
2415 421
2415 431
2415 441
2415 451
2415 461
2410 475
2410 485
2405 495
2404 507
2394 512
2384 515
2374 515
2364 515
2354 515
2344 515
2334 515
2324 515
2314 515
2304 515
2294 515
2284 515
2275 520
2265 520
2255 520
2245 520
2235 520
2225 520
2215 520
2205 520
2196 525
2186 525
2176 525
2166 525
2156 525
2146 525
2136 525
2126 525
2116 525
2106 525
2097 530
2087 530
2077 530
2067 530
2057 530
2047 530
2037 530
2027 530
2017 530
2007 530
1997 530
1987 530
1977 530
1967 534
1957 535
1947 535
1937 535
1927 535
1917 535
1907 535
1897 535
1887 535
1877 535
1867 535
1857 535
1847 535
1837 535
1827 539
1817 540
1807 540
1797 540
1787 540
1777 540
1767 540
1757 540
1747 540
1737 540
1727 540
1717 540
1707 544
1699 552
1691 560
1682 565
1672 565
1662 565
1652 565
1642 565
1632 569
1622 574
1614 580
1605 585
1597 594
1589 602
1579 607
1569 612
1559 615
1550 620
1540 620
1530 625
1520 625
1510 630
1500 635
1490 637
1480 635
1471 630
1462 625
1452 625
1443 620
1434 615
1424 615
1415 610
1406 605
1397 600
1388 595
1380 588
1373 580
1365 573
1359 565
1350 560
1341 555
1331 555
1321 555
1312 560
1302 560
1292 560
1283 555
1275 548
1266 543
1256 540
1246 540
1236 540
1226 540
1216 540
1207 535
1197 535
1187 535
1177 535
1167 535
1157 535
1147 535
1137 535
1128 530
1118 530
1108 530
1098 530
1088 530
1078 530
1068 530
1058 530
1049 525
1039 525
1029 525
1019 525
1009 525
999 525
989 525
979 525
969 525
959 525
949 525
940 520
930 520
920 520
910 520
900 520
890 520
880 520
870 520
860 520
850 520
840 520
830 520
820 517
810 515
800 515
790 515
780 515
770 515
760 515
750 515
740 515
730 515
720 515
710 512
700 510
690 510
680 510
670 510
660 510
650 510
640 510
630 510
620 510
610 510
600 510
590 510
580 510
570 510
560 510
550 507
540 505
531 510
521 510
511 510
501 510
491 510
481 510
471 510
461 510
451 510
441 510
431 510
421 510
411 510
401 510
391 510
381 510
371 510
361 508
351 505
341 505
331 505
321 505
311 505
301 505
291 505
281 503
271 500
261 500
251 500
241 500
231 500
221 500
211 500
201 500
191 500
182 495
172 495
162 495
152 495
142 495
132 495
122 495
113 490
103 490
94 485
86 479
82 469
74 462
67 454
62 445
59 435
54 426
54 416
49 407
49 397
