46 104
41 95
47 87
57 83
67 83
77 86
87 90
96 95
105 100
115 104
124 109
132 116
142 120
151 125
161 129
171 133
180 138
190 141
200 145
209 150
219 153
229 156
239 159
249 161
259 164
269 165
279 166
289 167
299 166
309 167
319 167
329 168
339 169
349 170
359 171
369 173
379 175
389 178
399 182
408 187
417 192
425 198
432 206
437 215
431 230
421 235
411 237
401 238
391 238
381 237
371 236
362 241
353 246
343 245
333 241
324 236
314 232
306 226
297 221
289 215
280 210
272 204
263 199
255 193
246 188
237 183
227 179
218 174
208 170
199 165
189 161
179 158
170 153
164 145
155 140
145 136
135 132
126 127
116 124
106 120
96 116
86 113
76 110
66 109
56 107
