233 174
239 186
231 192
233 210
234 220
239 229
239 240
240 250
245 259
246 269
254 275
253 286
256 296
259 306
264 315
268 325
276 332
281 341
286 350
291 359
296 368
306 368
310 378
319 383
324 392
331 400
334 410
341 418
349 425
357 432
367 436
372 445
380 451
388 457
396 463
406 467
413 475
421 481
430 486
438 492
448 496
456 502
465 507
475 509
484 514
493 519
502 524
512 528
522 532
531 537
541 540
551 543
560 548
570 550
580 554
590 558
600 560
608 566
618 569
627 574
637 578
647 581
657 585
665 591
674 596
684 599
693 604
703 608
711 614
719 621
725 629
735 632
741 640
751 639
757 650
762 659
770 665
779 671
785 679
793 686
803 687
810 695
818 701
821 711
826 720
835 725
840 734
849 739
859 741
865 752
871 760
878 768
886 775
894 782
904 785
906 795
915 800
923 807
928 816
938 819
945 827
953 834
959 842
967 848
972 857
980 863
985 872
993 878
1001 885
1010 890
1018 897
1023 906
1029 914
1036 922
1046 925
1054 931
1062 938
1071 943
1077 951
1084 959
1093 964
1098 973
1106 979
1111 988
1119 994
1127 1001
1136 1006
1144 1012
1150 1020
1160 1020
1162 1030
1166 1040
1176 1039
1182 1047
1190 1053
1199 1058
1205 1066
1214 1071
1220 1079
1228 1085
1233 1094
1239 1102
1245 1112
1251 1120
1260 1125
1266 1133
1274 1139
1282 1145
1291 1150
1299 1156
1304 1165
1313 1170
1317 1180
1324 1188
1332 1194
1341 1199
1347 1207
1353 1215
1363 1219
1369 1227
1375 1235
1382 1243
1392 1245
1398 1253
1408 1254
1416 1260
1422 1268
1430 1275
1438 1282
1445 1290
1451 1298
1456 1307
1464 1313
1472 1320
1478 1331
1488 1333
1496 1339
1506 1343
1516 1343
1526 1341
1532 1333
1540 1326
1539 1316
1538 1306
1535 1294
1529 1286
1525 1276
1515 1272
1508 1264
1500 1257
1492 1250
1486 1242
1478 1235
1471 1227
1462 1222
1456 1214
1448 1208
1441 1200
1433 1193
1425 1187
1419 1179
1410 1174
1404 1166
1396 1160
1388 1154
1382 1146
1373 1141
1366 1133
1358 1126
1352 1118
1344 1112
1337 1104
1329 1098
1322 1090
1312 1087
1307 1078
1300 1070
1292 1063
1286 1055
1278 1048
1270 1041
1262 1034
1254 1028
1247 1020
1237 1019
1236 1009
1228 1003
1221 995
1213 989
1205 983
1199 975
1190 970
1182 963
1177 954
1170 946
1162 940
1155 932
1147 926
1138 921
1132 913
1125 905
1117 899
1111 891
1103 885
1097 877
1089 871
1084 862
1074 858
1066 852
1060 844
1052 837
1046 829
1038 822
1029 817
1023 809
1016 801
1008 795
1002 787
994 780
987 772
980 764
971 759
963 753
955 747
950 738
942 732
936 724
928 718
921 710
913 704
907 696
900 688
892 682
886 674
878 668
870 662
863 654
855 648
849 640
841 634
833 628
826 620
820 612
811 607
805 599
799 591
791 585
786 576
778 569
772 561
765 553
755 549
755 539
750 530
744 522
738 514
735 504
734 494
728 486
723 477
722 467
717 458
714 448
710 438
707 428
702 419
698 409
696 399
689 391
687 381
684 371
680 361
674 353
670 343
666 333
664 323
658 315
654 305
648 297
645 287
640 278
634 270
628 262
623 253
617 245
611 237
605 229
599 221
591 215
585 207
578 199
572 191
564 185
556 179
549 171
541 165
533 159
525 152
518 144
508 140
500 134
491 129
482 124
474 117
464 114
455 109
445 105
437 99
427 98
418 93
408 90
398 87
388 85
378 82
368 82
358 82
348 82
338 83
328 85
318 87
308 89
298 93
289 98
279 102
271 110
261 114
254 123
249 133
244 142
239 153
235 164
