161 728
159 718
165 708
173 701
181 694
190 689
200 689
210 688
220 687
230 687
240 686
250 687
260 687
270 687
280 687
290 687
300 687
310 687
320 688
330 688
340 688
350 689
360 689
370 689
380 689
390 689
400 690
410 690
420 690
430 690
440 690
450 691
460 691
470 691
480 691
490 692
500 692
510 692
520 692
530 692
540 692
550 692
560 693
570 693
580 693
590 693
600 693
610 694
620 694
630 694
640 693
650 693
660 693
670 693
680 693
690 693
700 693
710 693
720 693
730 693
740 693
750 693
760 693
770 693
780 693
790 693
800 693
810 693
820 693
830 692
840 692
850 692
860 692
870 692
880 692
890 692
900 692
910 692
920 692
930 692
940 691
950 691
960 691
970 691
980 690
990 690
1000 689
1010 689
1020 689
1030 689
1040 689
1050 688
1060 688
1070 687
1080 687
1090 686
1100 686
1110 686
1120 686
1130 685
1140 685
1150 684
1160 684
1170 684
1180 683
1190 683
1200 683
1210 682
1220 682
1230 681
1240 680
1250 679
1260 677
1270 674
1280 671
1290 667
1299 662
1307 656
1315 649
1323 642
1331 636
1339 629
1347 623
1356 617
1364 611
1373 605
1382 600
1391 594
1400 589
1409 584
1419 580
1428 575
1438 571
1448 567
1458 563
1468 560
1478 557
1488 554
1498 551
1508 549
1518 547
1528 544
1538 542
1548 541
1558 540
1568 540
1578 539
1588 539
1598 540
1608 540
1618 541
1628 541
1638 542
1648 543
1658 545
1668 546
1678 548
1688 550
1698 552
1708 555
1718 558
1728 561
1738 565
1747 570
1757 574
1765 580
1774 585
1782 591
1790 598
1797 606
1804 614
1809 623
1815 631
1818 641
1821 651
1824 661
1827 671
1827 681
1825 698
1825 708
1823 718
1818 728
1813 742
1808 751
1802 759
1795 767
1787 774
1779 782
1771 789
1764 797
1756 804
1747 809
1737 813
1727 818
1717 822
1708 827
1699 832
1689 836
1679 838
1669 841
1659 843
1649 846
1639 847
1629 849
1619 850
1609 851
1599 851
1589 851
1579 853
1569 852
1559 853
1549 853
1539 853
1529 852
1519 850
1509 848
1499 847
1489 846
1479 844
1469 841
1459 839
1449 835
1439 832
1429 829
1419 825
1410 820
1400 817
1390 813
1381 808
1371 804
1361 801
1352 796
1343 791
1335 785
1326 780
1318 774
1309 769
1300 764
1290 761
1281 756
1271 755
1261 753
1251 753
1241 753
1231 753
1221 753
1211 754
1201 754
1191 755
1181 756
1171 756
1161 756
1151 756
1141 757
1131 757
1121 757
1111 758
1101 758
1091 759
1081 759
1071 759
1061 760
1051 760
1041 760
1031 761
1021 761
1011 761
1001 762
991 762
981 762
971 762
961 762
951 763
941 763
931 763
921 764
911 764
901 764
891 764
881 764
871 765
861 765
851 765
841 765
831 765
821 765
811 765
801 766
791 765
781 765
771 765
761 765
751 765
741 765
731 765
721 765
711 765
701 765
691 765
681 765
671 765
661 765
651 765
641 765
631 764
621 764
611 765
601 765
591 765
581 765
571 765
561 764
551 763
541 763
531 765
521 765
511 765
501 765
491 765
481 764
471 764
461 764
451 764
441 764
431 764
421 764
411 763
401 763
391 763
381 762
371 762
361 762
351 762
341 762
331 762
321 762
311 761
301 762
291 761
281 760
271 760
261 760
251 760
241 759
231 759
221 758
211 757
201 756
191 755
182 750
174 744
167 736
