348 278
348 268
350 257
353 246
358 235
363 226
370 218
378 210
386 204
394 198
404 194
414 190
424 187
434 186
444 185
454 185
464 186
474 187
484 188
494 190
504 193
514 197
524 200
534 204
544 208
554 212
564 216
573 221
582 226
591 231
600 236
609 241
617 247
626 252
635 257
643 263
652 268
660 274
668 280
676 286
684 292
692 298
700 304
707 312
715 318
723 324
730 332
738 338
745 346
753 353
760 361
767 369
775 376
781 384
788 392
795 400
801 408
808 416
814 424
820 432
826 440
832 448
838 456
843 465
849 473
854 482
860 490
865 499
870 508
875 517
880 526
886 534
891 543
896 552
901 561
906 570
912 578
917 587
922 596
928 604
933 613
939 621
945 629
951 637
958 645
965 653
972 661
979 669
986 677
994 684
1002 691
1009 699
1017 705
1024 713
1032 719
1040 726
1048 732
1056 739
1064 746
1072 752
1080 758
1087 766
1095 772
1103 778
1111 784
1119 791
1127 797
1135 803
1143 810
1151 817
1159 823
1167 829
1175 836
1183 842
1191 849
1199 855
1207 862
1215 869
1223 875
1231 882
1239 888
1247 894
1255 901
1263 908
1271 914
1279 920
1287 927
1295 934
1303 941
1311 947
1319 953
1327 960
1335 967
1343 973
1351 980
1359 986
1367 993
1375 999
1383 1006
1391 1013
1399 1019
1407 1025
1415 1032
1423 1039
1431 1045
1439 1052
1447 1058
1455 1065
1463 1071
1471 1077
1479 1084
1487 1091
1495 1097
1503 1104
1511 1110
1519 1117
1526 1125
1532 1133
1534 1143
1532 1158
1527 1167
1519 1175
1510 1180
1500 1182
1490 1181
1480 1179
1470 1176
1462 1170
1454 1164
1446 1157
1438 1151
1430 1144
1422 1138
1414 1132
1406 1125
1398 1118
1390 1111
1382 1104
1373 1099
1365 1092
1356 1087
1348 1080
1340 1073
1333 1065
1325 1058
1317 1052
1309 1045
1301 1038
1293 1032
1285 1026
1277 1020
1269 1014
1261 1008
1253 1002
1245 995
1237 988
1229 981
1221 975
1214 967
1206 961
1198 954
1190 948
1182 942
1174 936
1167 928
1159 922
1150 917
1141 912
1134 904
1126 898
1118 892
1111 884
1103 878
1096 870
1088 864
1080 858
1072 852
1063 847
1055 841
1047 835
1041 827
1032 822
1024 816
1017 808
1009 801
1001 794
992 789
985 781
976 776
968 769
960 763
951 758
942 753
934 747
926 741
916 737
908 731
899 726
890 721
881 716
872 711
862 709
853 704
843 700
833 696
825 690
815 686
805 683
795 679
785 676
775 673
765 671
757 665
747 663
737 659
727 656
718 651
710 645
700 643
690 642
681 637
671 633
661 629
651 625
642 620
633 615
625 609
616 604
607 599
598 594
590 588
581 583
573 577
563 573
554 568
546 562
537 557
529 551
521 545
514 537
506 531
498 525
491 517
483 511
477 503
469 497
461 491
454 483
447 475
440 467
432 460
425 452
419 444
415 434
408 426
402 418
397 409
392 400
384 393
378 385
374 375
370 365
364 357
359 348
357 338
353 328
351 318
351 308
350 298
348 288
