69 330
69 320
72 308
75 293
81 283
86 274
91 264
98 255
105 247
113 239
121 231
129 224
137 218
146 212
154 206
163 201
173 198
183 194
193 192
203 189
213 187
223 186
233 185
243 185
253 185
263 184
273 186
283 188
293 188
303 191
313 195
323 197
333 198
343 201
352 206
362 209
372 212
382 216
392 219
402 223
411 228
421 232
430 237
439 242
447 249
455 255
464 260
473 265
481 271
489 277
497 284
505 290
513 296
520 304
526 312
534 319
542 325
550 331
558 337
565 345
573 352
579 360
585 368
591 376
596 385
603 393
608 402
614 410
618 420
622 430
627 439
631 449
637 457
641 467
645 477
649 487
652 497
656 507
660 517
664 527
667 537
670 547
674 557
676 567
679 577
685 585
692 593
698 601
704 609
710 617
716 625
723 633
731 640
737 648
744 656
752 662
760 669
768 676
776 683
784 690
792 696
800 703
808 709
816 715
824 721
833 726
841 732
849 738
859 742
867 748
875 754
883 760
891 766
899 772
907 778
915 785
923 791
932 796
940 802
947 810
956 815
965 820
973 826
981 832
989 838
997 844
1006 849
1014 855
1022 861
1030 867
1038 873
1046 879
1054 885
1063 890
1071 896
1079 902
1087 908
1095 914
1103 920
1111 926
1120 931
1128 937
1136 944
1144 950
1152 956
1160 963
1168 969
1178 972
1186 978
1194 984
1202 991
1210 997
1218 1003
1226 1009
1235 1014
1243 1020
1251 1027
1259 1034
1268 1039
1276 1045
1284 1051
1292 1057
1301 1062
1309 1068
1317 1074
1325 1080
1333 1086
1341 1092
1350 1097
1358 1103
1366 1110
1374 1117
1382 1123
1390 1129
1398 1135
1406 1142
1414 1148
1423 1153
1431 1159
1440 1164
1448 1170
1456 1176
1464 1182
1472 1189
1480 1195
1488 1201
1497 1206
1505 1212
1513 1218
1521 1224
1529 1231
1537 1237
1546 1242
1554 1248
1561 1256
1569 1262
1578 1267
1586 1273
1594 1279
1602 1285
1610 1291
1618 1297
1626 1303
1634 1310
1643 1315
1651 1321
1659 1327
1667 1333
1675 1339
1683 1345
1692 1350
1700 1356
1709 1361
1717 1367
1725 1373
1732 1381
1742 1385
1750 1392
1758 1398
1766 1404
1774 1410
1782 1417
1789 1425
1796 1433
1799 1443
1803 1453
1804 1465
1798 1475
1790 1483
1782 1489
1772 1494
1762 1493
1752 1492
1742 1491
1732 1489
1724 1483
1716 1476
1708 1470
1699 1465
1689 1461
1680 1456
1672 1450
1666 1442
1660 1434
1651 1429
1641 1427
1631 1425
1623 1419
1616 1411
1606 1407
1597 1402
1591 1394
1585 1386
1578 1378
1569 1373
1559 1370
1549 1367
1541 1361
1536 1352
1528 1345
1519 1340
1514 1331
1506 1325
1497 1320
1491 1312
1481 1309
1471 1307
1462 1302
1454 1296
1448 1288
1441 1280
1432 1275
1422 1272
1413 1267
1409 1257
1402 1249
1394 1243
1386 1237
1378 1231
1369 1226
1362 1218
1354 1211
1344 1207
1334 1205
1326 1199
1318 1193
1310 1187
1302 1180
1292 1178
1283 1173
1276 1165
1268 1159
1262 1151
1254 1144
1246 1137
1236 1134
1230 1126
1220 1122
1212 1116
1204 1110
1194 1107
1186 1101
1178 1094
1172 1086
1168 1076
1160 1070
1150 1070
1140 1066
1131 1061
1123 1055
1114 1050
1108 1042
1100 1035
1091 1030
1083 1024
1074 1019
1065 1014
1057 1008
1050 1000
1041 995
1033 989
1024 984
1016 978
1011 969
1002 964
994 957
987 949
980 941
974 933
969 924
961 918
951 914
941 911
933 905
927 897
917 894
907 893
898 888
895 878
888 870
882 862
872 859
863 864
855 858
847 852
839 846
833 838
825 831
823 821
813 817
803 815
798 805
788 806
780 800
772 794
762 790
754 784
746 777
740 769
732 762
722 758
712 754
703 749
694 744
684 741
675 736
665 732
656 727
647 722
637 720
627 717
617 713
607 710
597 707
587 705
577 704
567 702
557 702
547 702
537 702
527 701
517 700
507 700
497 700
487 698
477 696
467 695
457 693
447 691
437 688
427 686
417 684
408 679
398 677
388 676
378 673
368 669
360 663
351 658
341 657
331 653
323 646
313 642
303 639
295 633
287 627
278 622
271 614
263 607
254 602
246 596
238 590
230 583
222 577
213 572
205 566
197 559
190 551
182 545
174 539
166 533
159 525
153 517
145 511
137 505
130 497
125 488
120 479
114 471
109 462
105 452
99 444
94 435
89 426
86 416
84 406
81 396
76 387
72 377
70 367
69 357
69 340
