238 530
235 520
241 512
249 505
257 499
266 494
275 489
284 484
294 480
304 475
314 471
324 467
334 463
344 459
354 455
364 452
374 448
384 445
394 442
404 438
414 435
424 433
434 430
444 427
454 424
464 422
474 419
484 417
494 415
504 413
514 411
524 408
534 406
544 404
554 401
564 399
574 396
584 394
594 391
604 388
614 385
624 382
634 378
644 374
654 371
664 367
674 363
684 358
694 354
704 349
714 344
724 339
733 334
742 329
751 323
760 318
768 312
776 306
784 300
793 294
802 288
811 283
821 279
831 275
841 272
851 269
861 265
871 262
881 259
891 257
901 255
911 253
921 251
931 250
941 249
951 248
961 248
971 249
981 251
991 253
1001 256
1010 261
1018 267
1025 275
1030 284
1034 294
1032 307
1027 318
1021 327
1014 336
1006 344
998 352
990 360
982 366
973 372
964 378
954 383
945 388
936 393
926 397
916 399
906 401
896 403
886 404
876 405
866 406
856 407
846 407
836 407
826 408
816 408
808 401
798 398
788 397
778 397
768 397
758 397
748 398
738 398
728 399
718 400
708 401
698 402
688 404
678 406
668 407
658 409
648 412
638 414
628 417
618 419
608 422
598 426
588 429
578 432
568 435
558 439
548 443
538 446
528 450
518 454
508 457
498 461
488 465
478 469
468 473
458 478
448 482
438 486
428 490
418 494
408 499
398 503
388 506
378 511
368 514
358 517
348 520
338 522
328 524
318 527
308 529
298 531
288 533
278 534
268 535
258 535
248 533
