1 1536
1 1526
4 1514
7 1499
9 1488
11 1477
15 1466
18 1454
22 1442
26 1430
29 1419
33 1409
38 1397
43 1388
48 1378
54 1369
60 1359
66 1351
72 1343
79 1335
85 1327
92 1318
98 1310
106 1303
112 1295
120 1289
128 1282
136 1275
144 1269
152 1262
160 1255
168 1249
177 1243
187 1238
196 1233
206 1228
216 1223
225 1218
233 1212
243 1208
253 1204
263 1200
273 1196
283 1191
293 1187
303 1184
313 1182
323 1180
333 1178
343 1176
353 1173
363 1171
373 1170
383 1169
393 1168
403 1166
413 1164
423 1161
433 1158
443 1157
453 1156
463 1156
473 1156
483 1155
493 1154
503 1154
513 1154
523 1154
533 1154
543 1154
553 1154
563 1154
573 1154
583 1154
593 1154
603 1155
613 1155
623 1156
633 1155
643 1155
653 1156
663 1157
673 1157
683 1159
693 1160
703 1161
713 1163
723 1164
733 1165
743 1167
753 1168
763 1169
773 1169
783 1172
793 1173
803 1175
813 1178
823 1179
833 1181
843 1183
853 1185
863 1187
873 1189
883 1190
893 1192
903 1195
913 1198
923 1201
933 1204
943 1207
953 1209
963 1213
973 1216
983 1219
993 1222
1003 1224
1013 1226
1023 1229
1033 1231
1043 1235
1053 1239
1063 1243
1073 1245
1083 1248
1093 1252
1103 1255
1113 1258
1123 1261
1133 1265
1142 1270
1152 1273
1162 1277
1172 1281
1181 1286
1191 1289
1199 1295
1208 1300
1216 1306
1225 1311
1234 1316
1243 1321
1253 1325
1262 1330
1270 1336
1278 1342
1287 1347
1295 1353
1304 1358
1313 1363
1321 1369
1330 1374
1340 1378
1348 1384
1356 1390
1364 1396
1373 1401
1382 1406
1390 1412
1398 1418
1406 1424
1416 1428
1425 1433
1434 1438
1444 1442
1454 1446
1463 1451
1472 1456
1481 1461
1489 1467
1499 1471
1508 1476
1518 1478
1528 1482
1538 1485
1548 1489
1558 1492
1568 1493
1578 1495
1588 1496
1598 1497
1608 1499
1618 1499
1628 1501
1638 1502
1648 1502
1658 1502
1668 1504
1678 1504
1688 1504
1698 1504
1708 1505
1718 1504
1728 1505
1738 1505
1748 1505
1758 1505
1768 1505
1778 1506
1788 1506
1798 1506
1808 1506
1818 1507
1828 1507
1838 1507
1848 1507
1858 1508
1868 1508
1878 1508
1888 1508
1898 1509
1908 1509
1918 1509
1928 1509
1938 1509
1948 1509
1958 1510
1968 1510
1978 1510
1988 1511
1998 1510
2008 1512
2018 1512
2028 1513
2038 1511
2048 1513
2058 1513
2068 1513
2078 1513
2088 1514
2098 1514
2108 1514
2118 1514
2128 1514
2138 1514
2148 1514
2158 1514
2168 1515
2178 1515
2188 1514
2198 1515
2208 1516
2218 1516
2228 1516
2238 1517
2248 1517
2258 1518
2268 1517
2278 1518
2288 1518
2298 1518
2308 1518
2318 1518
2328 1518
2338 1519
2348 1520
2358 1520
2368 1521
2378 1521
2388 1521
2398 1522
2408 1522
2418 1522
2428 1523
2438 1522
2448 1523
2458 1523
2468 1523
2478 1523
2488 1523
2498 1524
2508 1524
2518 1525
2528 1525
2538 1526
2548 1526
2558 1526
2568 1526
2578 1526
2588 1526
2598 1527
2608 1528
2618 1528
2628 1529
2638 1529
2648 1528
2658 1528
2668 1529
2678 1530
2688 1530
2698 1530
2708 1530
2718 1530
2728 1531
2738 1532
2748 1532
2758 1532
2768 1532
2778 1533
2788 1533
2798 1532
2808 1533
2818 1534
2828 1534
2838 1534
2848 1534
2858 1534
2868 1535
2878 1535
2888 1535
2898 1535
2908 1536
2918 1536
2928 1537
2938 1538
2948 1539
2958 1539
2968 1538
2978 1538
2988 1539
2998 1538
3008 1538
3018 1539
3028 1540
3038 1542
3048 1542
3058 1541
3068 1541
3078 1541
3088 1542
3098 1542
3108 1542
3118 1542
3128 1542
3138 1542
3148 1543
3158 1544
3168 1543
3178 1543
3188 1544
3198 1544
3208 1544
3218 1545
3228 1545
3238 1545
3248 1544
3258 1545
3268 1545
3278 1545
3288 1546
3298 1547
3308 1548
3318 1549
3328 1549
3338 1549
3348 1549
3358 1549
3368 1549
3378 1549
3388 1549
3398 1548
3408 1549
3418 1549
3428 1550
3438 1550
3448 1550
3458 1550
3468 1551
3478 1552
3488 1552
3498 1553
3508 1552
3518 1552
3528 1553
3538 1553
3548 1554
3558 1553
3568 1554
3578 1554
3588 1554
3598 1554
3608 1554
3618 1554
3628 1554
3638 1555
3648 1555
3658 1555
3668 1555
3678 1556
3688 1556
3698 1557
3708 1557
3718 1557
3728 1557
3738 1558
3748 1558
3758 1557
3768 1557
3778 1557
3788 1558
3798 1558
3808 1557
3818 1559
3828 1560
3838 1560
3848 1560
3858 1560
3868 1560
3878 1560
3888 1561
3898 1561
3908 1560
3918 1561
3928 1562
3938 1562
3948 1562
3958 1562
3968 1562
3978 1562
3988 1562
3998 1561
4008 1561
4018 1561
4028 1563
4038 1564
4048 1567
4056 1573
4065 1578
4073 1584
4078 1593
4084 1601
4090 1609
4096 1617
4103 1625
4111 1632
4116 1641
4118 1651
4121 1661
4121 1675
4117 1686
4111 1697
4105 1705
4098 1714
4090 1720
4083 1728
4077 1736
4070 1744
4062 1750
4053 1755
4044 1760
4034 1759
4024 1758
4014 1758
4004 1758
3994 1757
3984 1755
3974 1755
3964 1755
3954 1754
3944 1754
3934 1754
3924 1754
3914 1753
3904 1753
3894 1752
3884 1753
3874 1753
3864 1753
3854 1752
3844 1752
3834 1753
3824 1752
3814 1752
3804 1752
3794 1751
3784 1751
3774 1750
3764 1750
3754 1749
3744 1749
3734 1748
3724 1748
3714 1748
3704 1748
3694 1748
3684 1748
3674 1747
3664 1747
3654 1746
3644 1745
3634 1745
3624 1746
3614 1745
3604 1745
3594 1745
3584 1745
3574 1745
3564 1744
3554 1743
3544 1743
3534 1743
3524 1743
3514 1743
3504 1743
3494 1742
3484 1742
3474 1741
3464 1741
3454 1740
3444 1740
3434 1739
3424 1739
3414 1739
3404 1739
3394 1738
3384 1738
3374 1737
3364 1737
3354 1737
3344 1736
3334 1736
3324 1736
3314 1736
3304 1736
3294 1735
3284 1735
3274 1734
3264 1734
3254 1734
3244 1733
3234 1732
3224 1732
3214 1732
3204 1731
3194 1731
3184 1731
3174 1731
3164 1731
3154 1731
3144 1730
3134 1730
3124 1730
3114 1729
3104 1730
3094 1729
3084 1729
3074 1729
3064 1729
3054 1729
3044 1729
3034 1729
3024 1728
3014 1727
3004 1727
2994 1726
2984 1725
2974 1725
2964 1724
2954 1724
2944 1724
2934 1723
2924 1723
2914 1723
2904 1722
2894 1722
2884 1721
2874 1721
2864 1721
2854 1720
2844 1720
2834 1719
2824 1718
2814 1717
2804 1717
2794 1717
2784 1717
2774 1718
2764 1717
2754 1716
2744 1716
2734 1717
2724 1717
2714 1717
2704 1716
2694 1716
2684 1716
2674 1715
2664 1714
2654 1714
2644 1713
2634 1714
2624 1714
2614 1713
2604 1713
2594 1713
2584 1713
2574 1712
2564 1712
2554 1710
2544 1710
2534 1711
2524 1711
2514 1710
2504 1710
2494 1710
2484 1710
2474 1710
2464 1709
2454 1709
2444 1709
2434 1708
2424 1708
2414 1709
2404 1708
2394 1708
2384 1707
2374 1707
2364 1706
2354 1706
2344 1705
2334 1705
2324 1705
2314 1705
2304 1705
2294 1704
2284 1704
2274 1704
2264 1703
2254 1704
2244 1703
2234 1702
2224 1702
2214 1703
2204 1702
2194 1701
2184 1700
2174 1701
2164 1700
2154 1700
2144 1699
2134 1699
2124 1700
2114 1699
2104 1698
2094 1699
2084 1699
2074 1699
2064 1698
2054 1697
2044 1697
2034 1698
2024 1697
2014 1695
2004 1695
1994 1695
1984 1695
1974 1695
1964 1695
1954 1696
1944 1696
1934 1695
1924 1695
1914 1694
1904 1693
1894 1692
1884 1692
1874 1692
1864 1693
1854 1694
1844 1694
1834 1692
1824 1693
1814 1692
1804 1693
1794 1692
1784 1691
1774 1691
1764 1691
1754 1691
1744 1690
1734 1690
1724 1689
1714 1689
1704 1690
1694 1689
1684 1690
1674 1690
1664 1690
1654 1690
1644 1690
1634 1690
1624 1690
1614 1690
1604 1690
1594 1690
1584 1691
1574 1692
1564 1694
1554 1695
1544 1697
1534 1699
1524 1701
1514 1704
1504 1707
1494 1710
1484 1714
1474 1718
1464 1721
1454 1725
1444 1729
1434 1733
1424 1738
1414 1743
1405 1748
1395 1751
1386 1756
1376 1761
1367 1766
1358 1771
1350 1777
1341 1782
1332 1787
1323 1792
1314 1798
1305 1803
1296 1808
1288 1814
1278 1819
1268 1824
1259 1829
1250 1834
1240 1838
1230 1841
1220 1844
1211 1850
1202 1855
1194 1861
1186 1867
1176 1871
1166 1876
1158 1882
1149 1887
1139 1892
1129 1896
1119 1899
1109 1903
1099 1907
1090 1912
1080 1916
1070 1920
1060 1923
1050 1928
1040 1931
1030 1934
1020 1938
1010 1941
1000 1943
990 1947
980 1949
970 1952
960 1955
950 1958
940 1960
930 1963
920 1965
910 1966
900 1969
890 1970
880 1971
870 1973
860 1975
850 1976
840 1976
830 1978
820 1980
810 1982
800 1983
790 1984
780 1985
770 1986
760 1988
750 1990
740 1990
730 1991
720 1992
710 1992
700 1993
690 1993
680 1994
670 1994
660 1995
650 1995
640 1995
630 1995
620 1995
610 1996
600 1996
590 1996
580 1996
570 1995
560 1996
550 1996
540 1995
530 1995
520 1994
510 1994
500 1993
490 1992
480 1991
470 1990
460 1989
450 1988
440 1986
430 1985
420 1983
410 1981
400 1978
390 1976
380 1974
370 1972
360 1971
350 1968
340 1965
330 1962
320 1960
310 1956
300 1953
290 1950
280 1946
270 1942
260 1939
250 1936
240 1932
231 1927
222 1922
213 1917
203 1913
194 1908
185 1903
176 1898
167 1893
158 1888
150 1882
142 1876
134 1870
126 1863
118 1856
110 1850
103 1842
95 1836
88 1828
82 1820
74 1813
67 1805
61 1797
55 1789
49 1781
43 1773
38 1764
34 1754
29 1745
25 1735
20 1726
17 1716
13 1706
11 1696
8 1686
6 1676
4 1666
2 1656
1 1646
1 1636
1 1626
1 1616
1 1606
1 1596
1 1586
1 1576
1 1566
1 1556
1 1546
