127 600
126 590
128 579
132 569
134 558
142 550
150 542
157 533
162 524
168 515
176 508
184 501
194 497
204 492
214 489
224 486
234 484
244 481
254 479
264 477
274 476
284 476
294 475
304 475
314 474
324 474
334 475
344 475
354 476
364 477
374 478
384 479
394 481
404 483
414 485
424 487
434 490
444 493
454 495
464 499
474 501
484 505
494 509
504 513
513 518
523 522
532 527
541 532
549 538
558 543
566 549
574 555
582 561
591 566
599 572
607 578
615 584
623 591
631 598
639 605
647 612
654 620
662 626
668 634
676 641
683 649
691 656
698 664
706 670
714 676
722 682
732 686
742 690
752 693
762 696
772 699
782 702
792 705
802 708
812 710
822 712
832 715
842 717
852 719
862 722
872 724
882 727
892 730
902 731
912 734
922 737
932 739
942 742
952 744
962 747
972 750
982 752
992 754
1002 756
1012 759
1022 761
1032 763
1042 765
1052 768
1062 771
1072 774
1082 776
1092 779
1102 781
1112 784
1122 786
1132 790
1142 792
1152 795
1162 798
1172 800
1182 802
1192 805
1202 808
1212 810
1222 813
1232 815
1242 818
1252 820
1262 822
1272 825
1282 827
1292 830
1302 833
1312 834
1322 837
1332 840
1342 842
1352 844
1362 847
1372 850
1382 852
1392 854
1402 856
1412 859
1422 862
1432 864
1442 867
1452 869
1462 871
1472 873
1482 876
1492 878
1502 881
1512 884
1522 886
1532 888
1542 890
1552 893
1562 896
1572 899
1582 900
1592 903
1602 906
1612 908
1622 911
1632 912
1642 916
1652 918
1662 920
1672 923
1682 925
1692 928
1702 930
1712 933
1722 936
1732 938
1742 940
1752 942
1762 945
1772 947
1782 950
1792 952
1802 955
1812 958
1820 964
1826 972
1830 982
1832 996
1824 1004
1816 1011
1807 1017
1797 1018
1787 1016
1777 1012
1767 1011
1757 1009
1747 1007
1737 1004
1727 1001
1717 1000
1707 998
1697 995
1687 992
1677 989
1667 987
1657 985
1647 984
1637 980
1627 978
1617 975
1607 972
1597 970
1587 969
1577 967
1567 964
1557 961
1547 959
1537 955
1527 954
1517 951
1507 948
1497 946
1487 944
1477 942
1467 940
1457 938
1447 935
1437 932
1427 930
1417 927
1407 924
1397 922
1387 920
1377 918
1367 914
1357 911
1347 909
1337 907
1327 904
1317 902
1307 900
1297 897
1287 895
1277 892
1267 890
1257 887
1247 883
1237 882
1227 880
1217 878
1207 876
1197 872
1187 870
1177 868
1167 865
1157 862
1147 861
1137 858
1127 855
1117 853
1107 850
1097 847
1087 845
1077 843
1067 839
1057 837
1047 835
1037 833
1027 831
1017 828
1007 824
997 822
987 820
977 819
967 816
957 813
947 809
937 807
927 805
917 803
907 800
897 798
887 795
877 793
867 791
857 788
847 785
837 783
827 781
817 779
807 777
797 773
787 770
777 768
767 767
757 765
747 763
737 760
727 758
717 756
707 756
697 756
687 757
677 760
667 763
657 766
647 769
637 772
627 776
617 780
607 783
597 784
587 787
577 790
567 793
557 795
547 796
537 798
527 800
517 801
507 802
497 804
487 805
477 806
467 806
457 807
447 807
437 807
427 807
417 805
407 805
397 804
387 802
377 800
367 798
357 795
347 793
337 790
327 787
317 784
308 779
298 776
288 772
279 767
270 762
260 758
251 753
243 746
234 741
226 735
217 730
209 724
201 718
193 711
184 706
177 698
171 690
165 682
157 675
151 667
145 659
139 651
135 641
132 631
129 621
127 611
