311 1604
311 1594
312 1584
314 1567
316 1553
319 1542
322 1531
326 1521
331 1509
334 1499
339 1488
344 1479
348 1469
353 1459
359 1449
364 1440
370 1432
377 1424
384 1416
391 1408
399 1399
407 1391
415 1383
423 1375
431 1368
439 1361
447 1355
456 1350
465 1344
474 1338
483 1333
493 1329
503 1325
513 1322
523 1317
533 1315
543 1313
553 1309
563 1306
573 1304
583 1302
593 1300
603 1299
613 1297
623 1296
633 1295
643 1295
653 1294
663 1294
673 1293
683 1293
693 1293
703 1293
713 1293
723 1293
733 1293
743 1293
753 1293
763 1294
773 1294
783 1295
793 1295
803 1296
813 1296
823 1297
833 1297
843 1298
853 1299
863 1300
873 1301
883 1302
893 1303
903 1304
913 1306
923 1308
933 1310
943 1313
953 1315
963 1317
973 1320
983 1323
993 1326
1003 1329
1013 1331
1023 1334
1033 1337
1043 1341
1053 1345
1062 1350
1072 1354
1082 1357
1092 1361
1102 1365
1110 1371
1120 1375
1129 1380
1138 1385
1146 1391
1155 1396
1164 1401
1172 1407
1181 1412
1190 1417
1198 1423
1206 1429
1214 1435
1223 1440
1231 1446
1240 1451
1248 1457
1256 1463
1264 1469
1272 1475
1280 1481
1288 1487
1297 1492
1306 1497
1315 1502
1323 1508
1332 1513
1342 1517
1351 1522
1360 1527
1370 1531
1379 1536
1388 1541
1398 1544
1408 1547
1418 1550
1428 1552
1438 1555
1448 1557
1458 1558
1468 1559
1478 1559
1488 1560
1498 1560
1508 1561
1518 1561
1528 1562
1538 1562
1548 1562
1558 1562
1568 1562
1578 1562
1588 1563
1598 1563
1608 1563
1618 1564
1628 1564
1638 1565
1648 1565
1658 1565
1668 1565
1678 1565
1688 1566
1698 1566
1708 1566
1718 1566
1728 1566
1738 1566
1748 1566
1758 1566
1768 1566
1778 1567
1788 1566
1798 1566
1808 1567
1818 1567
1828 1569
1838 1569
1848 1570
1858 1570
1868 1569
1878 1570
1888 1570
1898 1571
1908 1571
1918 1571
1928 1571
1938 1571
1948 1572
1958 1572
1968 1573
1978 1573
1988 1572
1998 1572
2008 1572
2018 1572
2028 1572
2038 1572
2048 1572
2058 1572
2068 1572
2078 1573
2088 1573
2098 1573
2108 1574
2118 1575
2128 1576
2138 1576
2148 1576
2158 1576
2168 1576
2178 1577
2188 1577
2198 1577
2208 1578
2218 1578
2228 1579
2238 1579
2248 1580
2258 1580
2268 1580
2278 1580
2288 1580
2298 1580
2308 1580
2318 1580
2328 1580
2338 1580
2348 1581
2358 1581
2368 1581
2378 1580
2388 1581
2398 1581
2408 1582
2418 1582
2428 1582
2438 1582
2448 1583
2458 1583
2468 1583
2478 1584
2488 1584
2498 1585
2508 1586
2518 1586
2528 1586
2538 1586
2548 1586
2558 1586
2568 1586
2578 1586
2588 1587
2598 1586
2608 1587
2618 1587
2628 1587
2638 1587
2648 1587
2658 1588
2668 1589
2678 1589
2688 1589
2698 1590
2708 1590
2718 1590
2728 1591
2738 1591
2748 1591
2758 1592
2768 1591
2778 1591
2788 1591
2798 1592
2808 1592
2818 1593
2828 1592
2838 1593
2848 1593
2858 1594
2868 1595
2878 1595
2888 1596
2898 1596
2908 1596
2918 1596
2928 1596
2938 1596
2948 1596
2958 1595
2968 1596
2978 1596
2988 1596
2998 1597
3008 1597
3018 1597
3028 1597
3038 1598
3048 1598
3058 1599
3068 1600
3078 1600
3088 1600
3098 1600
3108 1601
3118 1601
3128 1601
3138 1601
3148 1600
3158 1601
3168 1600
3178 1600
3188 1600
3198 1600
3208 1601
3218 1601
3228 1602
3238 1601
3248 1602
3258 1602
3268 1603
3278 1604
3288 1604
3298 1606
3308 1606
3318 1606
3328 1606
3338 1606
3348 1606
3358 1606
3368 1606
3378 1606
3388 1607
3398 1607
3408 1607
3418 1607
3428 1607
3438 1607
3448 1607
3458 1607
3468 1607
3478 1608
3488 1608
3498 1609
3508 1610
3518 1611
3528 1612
3538 1611
3548 1610
3558 1610
3568 1610
3578 1610
3588 1610
3598 1611
3608 1612
3618 1612
3628 1612
3638 1612
3648 1612
3658 1612
3668 1612
3678 1612
3688 1613
3698 1614
3708 1615
3718 1615
3728 1615
3738 1615
3748 1615
3758 1615
3768 1615
3778 1615
3788 1615
3798 1615
3808 1615
3818 1615
3828 1616
3838 1616
3848 1616
3858 1617
3868 1617
3878 1617
3888 1617
3898 1617
3908 1617
3918 1617
3928 1617
3938 1617
3948 1617
3958 1617
3968 1617
3978 1618
3988 1618
3998 1618
4008 1619
4018 1619
4028 1619
4038 1620
4047 1625
4054 1633
4060 1641
4066 1649
4072 1657
4078 1665
4081 1675
4079 1691
4073 1700
4066 1708
4060 1716
4052 1725
4044 1731
4036 1737
4026 1738
4016 1739
4006 1739
3996 1738
3986 1738
3976 1737
3966 1737
3956 1737
3946 1736
3936 1735
3926 1735
3916 1735
3906 1736
3896 1736
3886 1736
3876 1735
3866 1735
3856 1735
3846 1735
3836 1734
3826 1734
3816 1734
3806 1734
3796 1735
3786 1734
3776 1734
3766 1733
3756 1732
3746 1732
3736 1732
3726 1732
3716 1732
3706 1732
3696 1732
3686 1731
3676 1731
3666 1730
3656 1730
3646 1730
3636 1730
3626 1730
3616 1730
3606 1730
3596 1730
3586 1728
3576 1727
3566 1727
3556 1727
3546 1727
3536 1727
3526 1727
3516 1727
3506 1726
3496 1725
3486 1725
3476 1726
3466 1725
3456 1726
3446 1726
3436 1725
3426 1725
3416 1725
3406 1725
3396 1724
3386 1724
3376 1723
3366 1723
3356 1723
3346 1723
3336 1722
3326 1722
3316 1722
3306 1721
3296 1721
3286 1721
3276 1721
3266 1721
3256 1721
3246 1721
3236 1721
3226 1720
3216 1720
3206 1719
3196 1718
3186 1718
3176 1719
3166 1719
3156 1718
3146 1718
3136 1717
3126 1717
3116 1717
3106 1717
3096 1716
3086 1716
3076 1715
3066 1715
3056 1716
3046 1716
3036 1715
3026 1715
3016 1714
3006 1714
2996 1714
2986 1714
2976 1714
2966 1714
2956 1713
2946 1713
2936 1713
2926 1713
2916 1712
2906 1712
2896 1712
2886 1711
2876 1711
2866 1711
2856 1711
2846 1710
2836 1709
2826 1709
2816 1709
2806 1709
2796 1709
2786 1709
2776 1708
2766 1707
2756 1707
2746 1707
2736 1707
2726 1707
2716 1707
2706 1707
2696 1706
2686 1706
2676 1705
2666 1705
2656 1705
2646 1705
2636 1705
2626 1704
2616 1704
2606 1704
2596 1703
2586 1703
2576 1703
2566 1703
2556 1702
2546 1702
2536 1701
2526 1701
2516 1701
2506 1700
2496 1700
2486 1699
2476 1698
2466 1698
2456 1698
2446 1698
2436 1698
2426 1697
2416 1697
2406 1697
2396 1697
2386 1697
2376 1697
2366 1697
2356 1697
2346 1696
2336 1696
2326 1696
2316 1696
2306 1695
2296 1695
2286 1694
2276 1694
2266 1694
2256 1693
2246 1693
2236 1693
2226 1692
2216 1692
2206 1692
2196 1692
2186 1692
2176 1692
2166 1692
2156 1692
2146 1692
2136 1691
2126 1690
2116 1689
2106 1688
2096 1688
2086 1688
2076 1689
2066 1689
2056 1688
2046 1687
2036 1686
2026 1686
2016 1686
2006 1686
1996 1686
1986 1686
1976 1686
1966 1685
1956 1685
1946 1685
1936 1685
1926 1685
1916 1685
1906 1685
1896 1684
1886 1684
1876 1684
1866 1684
1856 1683
1846 1683
1836 1684
1826 1683
1816 1683
1806 1683
1796 1683
1786 1683
1776 1682
1766 1682
1756 1682
1746 1681
1736 1681
1726 1680
1716 1680
1706 1680
1696 1681
1686 1680
1676 1681
1666 1681
1656 1681
1646 1681
1636 1681
1626 1680
1616 1680
1606 1680
1596 1679
1586 1679
1576 1679
1566 1679
1556 1679
1546 1679
1536 1679
1526 1679
1516 1678
1506 1678
1496 1679
1486 1679
1476 1680
1466 1681
1456 1681
1446 1681
1436 1683
1426 1685
1416 1686
1406 1688
1396 1691
1386 1694
1376 1699
1366 1702
1356 1707
1346 1711
1336 1716
1327 1722
1318 1727
1309 1732
1299 1736
1289 1741
1281 1747
1273 1753
1264 1759
1255 1764
1246 1769
1238 1775
1229 1780
1220 1785
1211 1791
1203 1797
1194 1802
1185 1807
1177 1813
1168 1819
1158 1824
1148 1829
1138 1833
1129 1838
1119 1843
1109 1847
1099 1851
1089 1856
1079 1860
1069 1864
1059 1868
1049 1872
1039 1874
1029 1877
1019 1881
1009 1884
999 1886
989 1888
979 1890
969 1892
959 1893
949 1895
939 1896
929 1898
919 1899
909 1900
899 1901
889 1902
879 1903
869 1903
859 1904
849 1905
839 1906
829 1907
819 1908
809 1909
799 1909
789 1909
779 1910
769 1911
759 1911
749 1911
739 1911
729 1911
719 1911
709 1911
699 1911
689 1911
679 1911
669 1909
659 1908
649 1907
639 1906
629 1906
619 1904
609 1903
599 1901
589 1899
579 1897
569 1895
559 1892
549 1889
539 1887
529 1884
519 1881
510 1876
500 1872
490 1868
481 1863
472 1858
462 1854
454 1848
445 1843
436 1838
428 1832
420 1825
412 1819
404 1812
396 1806
389 1798
381 1791
375 1783
369 1775
363 1767
357 1759
351 1751
346 1742
341 1733
336 1724
332 1714
328 1704
325 1694
321 1684
319 1674
316 1664
314 1654
313 1644
312 1634
312 1624
312 1614
