92 40
92 30
98 22
108 21
118 21
128 25
138 29
147 34
156 39
165 44
173 50
181 56
187 64
195 70
202 78
210 85
218 92
226 99
234 106
241 114
249 121
257 127
265 133
273 140
280 148
288 154
296 160
303 168
311 174
318 182
326 189
333 197
341 203
347 211
355 217
362 225
369 233
375 241
381 249
389 255
397 261
406 266
415 271
425 274
435 277
445 280
455 284
465 288
474 293
483 298
492 303
500 309
508 315
516 321
524 328
532 335
538 343
543 352
539 367
530 373
520 377
514 385
504 388
494 388
484 388
474 388
464 388
454 388
444 388
434 388
424 388
414 388
404 385
398 377
389 372
381 366
374 358
368 350
363 341
357 333
353 323
349 313
344 304
342 294
340 284
335 275
329 267
325 257
320 248
315 239
309 231
303 223
297 215
292 206
284 199
277 191
269 184
262 176
254 170
247 162
239 155
231 148
223 141
215 134
207 128
199 122
191 116
184 108
176 102
168 96
160 89
151 84
143 78
135 72
125 71
115 72
105 68
100 59
95 50
