296 733
294 723
298 711
304 703
314 700
324 699
334 697
344 697
354 697
364 696
374 695
384 694
394 694
404 692
414 692
424 690
434 689
444 689
454 688
464 687
474 686
484 685
494 684
504 683
514 683
524 683
534 682
544 682
554 681
564 680
574 680
584 679
594 678
604 677
614 676
624 675
634 674
644 673
654 673
664 671
674 670
684 669
694 668
704 667
714 667
724 666
734 664
744 663
754 663
764 662
774 661
784 659
794 659
804 658
814 657
824 656
834 655
844 653
854 652
864 650
874 648
884 646
894 643
904 640
914 637
924 634
934 631
944 628
954 624
964 620
974 616
983 611
993 608
1003 603
1013 599
1023 596
1033 592
1043 588
1053 584
1063 580
1073 577
1083 574
1093 570
1103 566
1113 563
1123 560
1133 558
1143 556
1153 555
1163 552
1173 551
1183 550
1193 549
1203 548
1213 547
1223 547
1233 547
1243 548
1253 548
1263 549
1273 551
1283 553
1293 556
1303 559
1313 562
1323 566
1332 571
1342 575
1350 581
1358 587
1363 596
1365 606
1368 616
1369 626
1371 636
1371 646
1370 659
1369 671
1366 683
1362 696
1358 707
1352 717
1345 726
1337 733
1328 738
1318 741
1309 746
1299 749
1289 752
1279 755
1269 756
1259 759
1249 760
1239 762
1229 763
1219 765
1209 766
1199 767
1189 767
1179 767
1169 767
1159 766
1149 765
1139 764
1129 762
1119 761
1109 760
1099 758
1089 755
1079 753
1069 751
1059 749
1049 745
1039 743
1029 740
1019 737
1009 734
999 733
989 729
979 726
969 723
959 721
949 717
939 716
929 715
919 713
909 712
899 711
889 710
879 710
869 710
859 709
849 709
839 709
829 710
819 710
809 711
799 712
789 712
779 712
769 713
759 714
749 714
739 716
729 717
719 716
709 716
699 718
689 719
679 720
669 720
659 722
649 723
639 724
629 724
619 724
609 724
599 724
589 725
579 728
569 730
559 731
549 731
539 731
529 733
519 734
509 734
499 735
489 735
479 738
469 740
459 741
449 742
439 742
429 743
419 744
409 745
399 747
389 748
379 748
369 749
359 750
349 751
339 752
329 751
319 751
309 749
301 742
