331 1326
331 1316
333 1305
334 1294
336 1276
338 1266
340 1256
343 1243
346 1229
349 1218
353 1206
356 1193
360 1183
365 1172
369 1162
373 1152
378 1143
383 1132
388 1122
394 1112
400 1102
406 1093
412 1085
419 1076
426 1068
434 1060
442 1052
450 1044
458 1036
466 1029
474 1022
482 1016
491 1010
500 1004
509 998
518 992
527 987
536 982
545 977
555 973
564 968
574 964
584 960
594 956
604 952
614 948
624 944
634 941
644 938
654 935
664 932
674 930
684 927
694 925
704 923
714 921
724 919
734 917
744 916
754 915
764 913
774 912
784 912
794 912
804 911
814 911
824 911
834 911
844 912
854 912
864 913
874 913
884 914
894 915
904 916
914 918
924 919
934 920
944 922
954 923
964 926
974 928
984 930
994 933
1004 935
1014 938
1024 940
1034 943
1044 946
1054 949
1064 953
1074 955
1084 959
1094 962
1104 966
1114 969
1124 973
1134 976
1144 980
1153 985
1163 987
1172 992
1182 996
1192 1000
1202 1004
1212 1008
1221 1013
1231 1017
1240 1022
1250 1026
1259 1031
1269 1035
1278 1040
1288 1044
1297 1049
1306 1054
1316 1058
1325 1063
1335 1067
1345 1071
1354 1076
1364 1080
1373 1085
1383 1089
1392 1094
1402 1098
1412 1101
1422 1105
1432 1109
1442 1113
1451 1118
1460 1123
1470 1126
1480 1129
1490 1131
1499 1136
1509 1138
1518 1143
1528 1147
1538 1150
1548 1153
1558 1155
1568 1159
1578 1162
1588 1166
1598 1168
1608 1170
1618 1173
1628 1175
1638 1178
1648 1181
1658 1184
1668 1186
1678 1189
1688 1191
1698 1193
1708 1197
1718 1198
1728 1198
1738 1201
1748 1204
1758 1205
1768 1207
1778 1210
1788 1210
1798 1212
1808 1213
1818 1215
1828 1217
1838 1219
1848 1221
1858 1221
1868 1222
1878 1224
1888 1225
1898 1221
1904 1212
1912 1206
1922 1204
1932 1204
1942 1204
1952 1204
1962 1204
1972 1204
1982 1204
1992 1204
2002 1204
2012 1204
2022 1203
2032 1203
2042 1204
2052 1204
2062 1203
2072 1203
2082 1203
2092 1203
2102 1203
2112 1204
2122 1205
2132 1205
2142 1206
2152 1206
2162 1207
2172 1209
2182 1209
2192 1210
2202 1212
2212 1216
2215 1226
2215 1236
2225 1235
2235 1233
2245 1233
2255 1233
2265 1232
2275 1232
2285 1229
2295 1230
2305 1229
2315 1229
2325 1229
2335 1228
2345 1228
2355 1227
2365 1227
2375 1227
2385 1225
2395 1224
2405 1226
2415 1224
2425 1222
2435 1221
2445 1220
2455 1220
2465 1219
2475 1217
2485 1217
2495 1216
2505 1217
2515 1216
2525 1215
2535 1215
2545 1214
2555 1213
2565 1212
2575 1211
2585 1210
2595 1209
2605 1209
2615 1207
2625 1207
2635 1208
2645 1208
2655 1207
2665 1206
2675 1205
2685 1204
2695 1203
2705 1203
2715 1202
2725 1202
2735 1202
2745 1203
2755 1200
2765 1199
2775 1196
2785 1195
2795 1195
2805 1193
2815 1193
2825 1194
2835 1193
2845 1193
2855 1191
2865 1190
2875 1191
2885 1191
2895 1190
2905 1189
2915 1187
2925 1187
2935 1185
2945 1184
2955 1183
2965 1183
2975 1183
2985 1182
2995 1182
3005 1182
3015 1181
3025 1179
3035 1178
3045 1179
3055 1179
3065 1178
3075 1178
3085 1177
3095 1175
3105 1175
3115 1174
3125 1173
3135 1172
3145 1172
3155 1172
3165 1170
3175 1170
3185 1170
3195 1170
3205 1168
3215 1167
3225 1167
3235 1167
3245 1167
3255 1169
3265 1165
3275 1164
3285 1165
3295 1163
3305 1165
3315 1165
3325 1165
3335 1163
3345 1162
3355 1163
3365 1162
3375 1158
3385 1157
3395 1157
3405 1156
3415 1155
3425 1156
3435 1155
3445 1155
3455 1154
3465 1153
3475 1153
3485 1152
3495 1150
3505 1148
3515 1147
3525 1146
3535 1146
3545 1146
3555 1146
3565 1146
3575 1146
3585 1147
3595 1147
3605 1147
3615 1146
3625 1144
3635 1143
3645 1143
3655 1143
3665 1143
3675 1142
3685 1142
3695 1143
3705 1143
3715 1143
3725 1144
3735 1145
3745 1146
3755 1146
3765 1147
3775 1148
3785 1149
3795 1151
3805 1153
3815 1154
3825 1155
3835 1158
3845 1159
3855 1161
3865 1164
3875 1167
3885 1168
3895 1168
3905 1172
3915 1176
3925 1178
3935 1181
3945 1184
3955 1187
3965 1188
3975 1192
3985 1196
3994 1201
4004 1205
4014 1209
4024 1213
4032 1219
4037 1231
4029 1237
4020 1243
4012 1251
4004 1259
3996 1265
3988 1272
3979 1277
3971 1283
3964 1291
3956 1297
3948 1304
3939 1310
3930 1316
3922 1324
3912 1329
3902 1333
3894 1340
3886 1346
3878 1353
3868 1356
3858 1360
3850 1366
3840 1371
3830 1373
3820 1375
3810 1379
3801 1385
3791 1387
3781 1391
3771 1394
3761 1396
3751 1400
3741 1405
3731 1408
3721 1409
3711 1410
3701 1411
3691 1412
3681 1416
3671 1417
3661 1420
3651 1419
3641 1421
3631 1425
3621 1425
3611 1428
3601 1431
3591 1434
3581 1435
3571 1436
3561 1435
3551 1433
3541 1433
3531 1437
3521 1440
3511 1441
3501 1443
3491 1446
3481 1443
3471 1443
3461 1444
3451 1447
3442 1442
3432 1443
3422 1445
3412 1446
3402 1449
3392 1447
3382 1446
3372 1447
3362 1449
3352 1451
3342 1450
3332 1449
3322 1450
3312 1450
3302 1450
3292 1448
3282 1447
3272 1447
3262 1449
3252 1449
3242 1450
3232 1448
3222 1448
3212 1447
3202 1448
3192 1447
3182 1447
3172 1447
3162 1445
3152 1444
3142 1442
3132 1439
3122 1438
3112 1439
3102 1439
3092 1437
3082 1436
3072 1436
3062 1435
3052 1435
3042 1435
3033 1430
3023 1430
3013 1433
3003 1432
2993 1431
2983 1429
2973 1427
2963 1424
2953 1424
2943 1424
2933 1425
2923 1424
2913 1421
2903 1419
2893 1418
2883 1421
2873 1417
2863 1416
2853 1414
2843 1414
2833 1415
2823 1413
2813 1411
2803 1408
2793 1406
2783 1403
2773 1403
2763 1404
2753 1403
2743 1402
2733 1399
2723 1397
2713 1398
2703 1399
2693 1398
2683 1395
2673 1396
2663 1396
2653 1394
2643 1393
2633 1394
2623 1392
2613 1391
2603 1390
2593 1389
2583 1390
2573 1390
2563 1388
2553 1388
2543 1389
2533 1389
2523 1388
2513 1388
2503 1388
2493 1386
2483 1383
2473 1383
2463 1385
2453 1383
2443 1382
2433 1381
2423 1385
2413 1385
2403 1385
2393 1385
2383 1383
2373 1381
2363 1381
2353 1381
2343 1381
2333 1380
2323 1381
2313 1380
2303 1379
2293 1378
2283 1377
2273 1376
2263 1375
2253 1374
2243 1374
2233 1375
2223 1374
2213 1372
2204 1377
2200 1393
2194 1401
2184 1402
2174 1403
2164 1403
2154 1403
2144 1403
2134 1404
2124 1403
2114 1403
2104 1403
2094 1403
2084 1404
2074 1405
2064 1406
2054 1406
2044 1405
2034 1405
2024 1405
2014 1405
2004 1407
1994 1409
1984 1409
1974 1410
1964 1410
1954 1409
1944 1409
1934 1410
1924 1410
1914 1410
1904 1410
1894 1410
1887 1402
1884 1392
1876 1386
1866 1388
1856 1389
1846 1390
1836 1391
1826 1394
1816 1395
1806 1396
1796 1398
1786 1399
1776 1400
1766 1402
1756 1402
1746 1402
1736 1403
1726 1406
1716 1408
1706 1409
1696 1410
1686 1412
1676 1415
1666 1415
1656 1417
1646 1420
1636 1423
1626 1425
1616 1426
1606 1428
1596 1432
1586 1435
1576 1438
1566 1439
1556 1442
1546 1446
1536 1448
1526 1451
1516 1454
1506 1458
1496 1461
1486 1463
1476 1467
1466 1471
1457 1476
1447 1479
1437 1484
1427 1488
1417 1491
1407 1496
1397 1500
1387 1505
1377 1510
1367 1515
1358 1520
1348 1524
1339 1529
1329 1533
1320 1538
1311 1543
1301 1548
1291 1553
1281 1557
1271 1562
1262 1567
1252 1572
1242 1577
1232 1581
1223 1586
1213 1590
1204 1595
1194 1599
1185 1604
1175 1608
1165 1613
1155 1617
1145 1622
1135 1626
1126 1631
1116 1635
1106 1639
1096 1643
1086 1647
1076 1650
1066 1654
1056 1656
1046 1660
1036 1664
1026 1667
1016 1669
1006 1671
996 1674
986 1677
976 1679
966 1681
956 1683
946 1685
936 1688
926 1689
916 1691
906 1693
896 1694
886 1696
876 1697
866 1699
856 1700
846 1702
836 1702
826 1703
816 1704
806 1705
796 1705
786 1706
776 1706
766 1706
756 1706
746 1706
736 1706
726 1705
716 1704
706 1704
696 1703
686 1702
676 1701
666 1700
656 1698
646 1697
636 1695
626 1692
616 1690
606 1687
596 1683
586 1681
576 1677
567 1672
557 1668
548 1663
538 1659
529 1654
521 1648
512 1643
504 1637
496 1631
488 1625
480 1618
472 1612
465 1604
457 1598
450 1590
442 1584
435 1576
428 1568
422 1560
415 1552
409 1544
403 1536
397 1528
392 1519
386 1511
381 1502
376 1493
371 1484
365 1476
361 1466
357 1456
353 1446
349 1436
348 1426
344 1416
342 1406
340 1396
338 1386
337 1376
336 1366
335 1356
332 1346
332 1336
