336 267
336 277
335 292
336 302
337 312
338 322
340 332
343 342
345 352
348 362
350 372
353 382
356 392
361 401
369 408
376 416
381 425
385 435
391 443
399 450
407 456
412 465
418 473
425 481
433 488
439 496
446 504
453 512
461 518
469 525
477 531
484 539
492 545
500 551
509 556
517 562
526 567
536 571
545 576
555 579
563 585
571 591
578 599
587 604
597 608
607 608
617 608
626 613
635 618
645 622
655 625
665 629
675 631
685 632
695 633
705 634
714 639
722 646
728 654
738 658
748 660
758 660
768 662
778 663
788 666
797 671
807 675
817 677
827 680
834 688
842 695
851 700
860 705
868 711
875 719
883 725
892 730
900 736
907 744
915 750
922 758
929 766
937 772
945 779
953 786
960 794
968 801
976 808
982 816
990 822
998 828
1006 834
1013 842
1021 849
1028 857
1035 865
1043 871
1051 878
1059 885
1066 893
1073 901
1081 907
1089 914
1097 921
1105 927
1113 934
1121 940
1129 947
1136 955
1144 961
1152 967
1160 974
1167 982
1175 989
1181 997
1189 1004
1197 1011
1205 1018
1213 1025
1221 1031
1229 1038
1235 1046
1241 1054
1249 1060
1257 1067
1265 1074
1273 1081
1281 1088
1288 1096
1295 1104
1303 1111
1311 1117
1319 1124
1327 1130
1334 1138
1342 1145
1350 1151
1358 1158
1366 1165
1373 1173
1381 1180
1389 1187
1396 1195
1404 1201
1411 1209
1419 1216
1425 1224
1433 1230
1440 1238
1448 1244
1456 1251
1464 1258
1471 1266
1478 1274
1486 1281
1493 1289
1502 1294
1510 1301
1517 1309
1523 1317
1530 1325
1538 1332
1546 1339
1553 1347
1561 1354
1569 1361
1577 1367
1585 1374
1593 1381
1601 1387
1610 1392
1619 1397
1629 1399
1639 1398
1649 1397
1659 1393
1667 1386
1672 1376
1671 1358
1665 1350
1658 1342
1650 1336
1642 1330
1634 1323
1626 1316
1618 1309
1612 1301
1604 1294
1596 1288
1590 1280
1582 1273
1576 1265
1568 1258
1561 1250
1553 1244
1546 1236
1538 1229
1530 1222
1522 1216
1515 1208
1507 1201
1499 1194
1491 1187
1485 1179
1477 1172
1469 1166
1461 1160
1453 1154
1446 1146
1440 1138
1434 1130
1426 1123
1418 1116
1410 1109
1402 1102
1394 1096
1386 1090
1379 1082
1371 1075
1365 1067
1357 1061
1350 1053
1342 1046
1335 1038
1327 1031
1320 1023
1312 1016
1304 1009
1296 1002
1289 994
1281 987
1273 980
1265 974
1258 966
1250 959
1242 952
1234 945
1227 937
1219 931
1212 923
1204 917
1197 909
1189 903
1182 895
1174 888
1166 881
1158 874
1151 866
1143 860
1135 854
1128 846
1120 839
1112 833
1105 825
1097 819
1090 811
1082 805
1074 799
1066 793
1060 785
1054 777
1046 771
1038 765
1030 758
1020 754
1013 746
1007 738
1000 730
993 722
985 715
977 709
970 701
962 694
954 687
946 680
938 674
930 668
922 661
915 653
907 647
900 639
894 631
889 622
883 614
877 606
872 597
867 588
860 580
855 571
853 561
849 551
844 542
840 532
834 524
828 516
823 507
820 497
814 489
809 480
806 470
803 460
800 450
795 441
791 431
785 423
780 414
778 404
774 394
769 385
763 377
758 368
752 360
746 352
741 343
735 335
728 327
722 319
716 311
710 303
702 297
696 289
689 281
683 273
675 267
668 259
660 253
652 246
643 241
635 235
627 229
619 223
610 218
602 212
594 206
584 202
574 198
565 193
555 189
545 185
535 181
525 177
515 174
505 172
495 170
485 168
475 167
465 166
455 166
445 166
435 166
425 168
415 170
405 173
395 177
386 182
378 189
370 196
363 204
357 214
351 223
346 233
342 244
338 256
