279 422
279 432
279 442
279 452
279 462
279 472
279 482
279 492
279 502
279 512
279 522
279 532
279 542
279 552
284 402
284 412
284 561
284 571
289 377
289 387
289 580
289 590
292 600
294 362
294 610
299 347
299 619
301 629
304 337
304 639
309 327
309 648
310 658
314 312
315 667
319 297
322 675
324 287
327 684
329 277
331 694
337 269
339 700
342 710
345 261
347 719
353 254
354 727
359 736
360 246
366 744
370 241
374 750
380 236
380 758
388 765
390 231
395 773
398 224
405 777
407 219
412 785
414 72
414 82
414 92
414 102
414 112
415 211
419 62
419 121
422 789
424 52
425 206
429 125
429 797
432 44
435 204
439 125
439 800
442 39
444 199
448 120
448 805
452 39
454 199
458 118
458 805
461 34
464 199
467 810
468 115
471 34
474 199
477 810
478 115
481 34
484 199
486 815
488 115
491 34
494 199
496 815
498 115
501 34
504 199
506 815
507 120
511 34
514 199
516 815
517 120
520 39
523 204
526 125
526 815
530 39
533 204
535 130
536 815
539 44
543 205
544 135
546 815
549 46
553 140
553 209
555 54
556 815
560 148
562 214
565 57
566 815
568 155
572 65
572 214
574 163
576 815
579 172
580 72
582 214
584 181
586 815
587 80
589 190
589 200
591 219
594 209
595 87
596 815
599 97
600 107
600 117
604 127
605 137
605 147
605 157
606 815
614 152
615 810
619 137
625 812
627 129
632 119
632 820
635 210
635 220
635 230
640 111
640 175
640 185
640 195
642 824
645 160
645 234
648 104
650 150
651 829
654 227
655 96
655 140
661 830
663 89
663 133
664 224
670 125
671 830
672 84
673 219
678 118
681 833
682 84
682 214
685 110
691 79
691 835
692 214
693 103
700 74
700 95
701 835
702 214
709 90
710 71
711 835
712 209
717 84
720 69
721 835
722 209
727 80
730 66
731 835
732 209
741 835
742 209
751 835
752 209
761 835
762 209
771 835
772 209
781 214
781 835
791 214
791 835
800 830
801 214
810 219
810 830
820 219
820 830
829 224
830 825
839 226
840 825
849 229
850 820
859 231
860 815
868 236
870 815
875 244
879 810
883 250
888 805
892 255
897 800
902 259
906 795
911 264
914 787
920 269
924 782
929 274
934 777
937 280
942 769
945 287
950 760
952 295
958 753
960 302
964 312
965 735
965 745
969 321
970 331
970 725
975 340
977 350
978 718
980 360
980 705
985 369
985 379
985 389
985 690
990 398
990 408
990 680
995 417
995 427
995 660
995 670
1000 436
1000 446
1000 635
1000 645
1003 456
1005 466
1005 476
1005 590
1005 600
1005 610
1005 620
1010 485
1010 495
1010 505
1010 515
1010 525
1010 535
1010 545
1010 555
1010 565
1010 575
