69 702
69 712
69 722
69 732
69 742
69 752
69 762
69 772
69 782
69 792
74 667
74 677
74 687
74 801
74 811
74 821
79 642
79 652
79 830
79 840
79 850
84 622
84 632
84 859
84 869
89 607
89 878
90 888
94 592
94 898
99 577
99 907
99 917
104 567
104 926
109 557
109 935
114 542
114 944
116 954
122 534
124 960
127 524
127 970
132 514
132 979
136 989
137 504
144 492
144 995
147 1005
152 484
154 1013
157 474
159 1022
165 466
167 1029
170 456
171 1039
178 449
179 1045
185 441
185 1053
193 434
193 1060
200 426
200 1068
208 419
208 1075
215 411
215 1083
223 404
223 1090
230 396
230 1098
238 389
238 1105
247 384
247 1110
255 376
255 1117
264 1122
265 371
272 1129
273 364
281 1134
282 359
289 1140
291 354
298 1145
300 349
307 1150
309 342
316 1155
319 107
319 337
324 92
325 115
325 1160
329 77
329 334
334 67
334 120
334 212
334 222
334 232
334 242
335 1162
338 329
339 192
339 202
342 59
344 120
344 182
344 245
344 1167
347 324
349 47
350 253
352 174
354 120
354 1170
357 164
357 319
359 42
360 257
363 1175
364 120
366 159
367 34
367 319
370 260
372 1180
374 120
374 147
376 29
376 314
380 262
382 1180
384 120
384 142
385 24
386 310
390 265
391 1185
392 134
394 120
395 21
396 309
400 265
401 1185
402 129
404 117
405 19
406 305
410 265
410 1190
412 129
414 115
415 19
416 304
420 265
420 1190
422 124
425 19
426 304
427 115
430 265
430 1192
432 124
435 19
435 299
437 115
440 265
440 1195
442 124
445 19
445 299
447 115
450 265
450 1195
452 124
455 19
455 299
457 115
459 260
460 1197
462 124
464 294
465 19
467 254
470 1200
472 120
474 294
475 22
475 245
480 1200
484 27
484 240
484 294
490 1200
493 235
494 31
494 294
500 1200
502 229
503 36
504 294
510 44
510 1200
512 224
514 294
518 50
520 1200
522 220
524 294
525 58
530 1200
532 219
533 65
534 294
540 73
540 1200
542 215
544 294
548 80
550 1200
552 90
552 215
554 296
559 223
559 233
559 243
559 253
559 1195
560 97
560 107
564 262
564 272
564 282
564 292
565 116
569 1195
570 125
575 134
575 144
579 1195
580 153
580 163
585 172
585 182
585 192
585 202
585 212
585 222
588 1190
594 207
598 1190
599 197
607 189
608 1188
610 240
610 250
610 260
610 270
610 280
610 290
612 179
615 230
615 299
618 1185
620 171
620 220
625 296
628 164
628 213
628 1183
635 156
635 205
635 294
638 1180
640 195
645 154
645 294
647 1175
648 188
654 149
654 289
655 180
657 1175
663 144
664 175
664 289
667 1175
670 165
672 139
674 289
677 1175
679 160
680 131
683 284
686 1180
687 154
690 129
693 284
696 1180
697 149
700 126
703 284
705 140
706 1180
710 121
713 284
715 140
716 1180
718 114
723 133
723 284
726 1180
728 114
733 128
733 284
736 1180
737 109
743 125
743 284
746 104
746 1180
752 120
753 284
756 104
756 1180
762 120
763 284
766 100
766 1180
772 120
773 285
774 106
775 1175
783 289
785 1175
793 289
795 1175
803 290
805 1170
813 294
815 1170
823 294
825 1170
832 299
834 1165
842 299
844 1162
851 304
854 1160
861 304
864 1157
870 309
874 1152
879 314
884 1150
889 316
893 1145
898 321
902 1140
908 325
911 1135
917 330
920 1130
927 334
930 1125
936 339
940 1120
945 344
950 1115
953 350
959 1110
962 355
967 1104
970 362
977 1099
979 367
985 1090
987 374
993 1083
994 382
1003 1078
1004 386
1010 394
1010 1070
1018 400
1018 1063
1025 408
1025 1055
1033 415
1033 1048
1040 423
1040 1040
1048 430
1048 1033
1055 438
1055 1020
1060 447
1063 1013
1067 455
1070 1000
1072 464
1078 993
1079 472
1085 480
1085 980
1090 489
1093 973
1095 498
1098 963
1100 507
1103 953
1105 516
1108 943
1110 525
1113 933
1115 534
1118 923
1120 543
1123 913
1125 552
1128 903
1129 562
1130 572
1130 890
1135 581
1135 875
1138 591
1140 601
1140 860
1145 610
1145 620
1145 840
1145 850
1150 629
1150 639
1150 649
1150 815
1150 825
1155 658
1155 668
1155 678
1155 780
1155 790
1155 800
1160 687
1160 697
1160 707
1160 717
1160 727
1160 737
1160 747
1160 757
1160 767
