59 707
59 717
59 727
59 737
59 747
59 757
59 767
59 777
59 787
59 797
64 672
64 682
64 692
64 806
64 816
64 826
69 652
69 662
69 835
69 845
72 855
74 632
74 642
74 865
77 875
79 617
79 885
84 602
84 894
86 904
89 587
89 914
94 577
94 923
99 567
99 932
104 557
104 941
109 547
109 950
112 960
114 537
117 969
119 527
121 979
124 517
126 988
132 509
134 995
137 499
137 1005
144 487
144 1013
149 1022
152 479
157 1029
160 471
164 1037
165 461
169 1046
173 454
176 1054
180 446
184 1060
188 439
190 1068
195 431
198 1075
203 424
205 1083
210 416
213 1090
218 409
220 1098
225 401
228 1105
235 396
237 1110
243 389
245 1117
250 381
252 1125
260 376
262 1129
268 369
270 1135
277 364
279 1140
286 359
288 1145
294 352
295 1153
304 347
305 1157
314 342
314 1162
324 337
324 1165
333 1170
334 332
342 1175
344 327
351 1180
354 322
360 1185
364 319
370 1187
373 314
380 1190
383 314
389 1195
392 309
398 1200
401 304
408 1200
411 304
417 1205
420 299
427 1205
430 296
436 1210
440 294
446 1210
450 291
455 1215
460 289
465 1215
470 289
475 1217
479 284
485 1220
489 284
495 1220
499 284
505 1220
509 284
515 1222
518 279
525 1225
528 279
535 1225
538 279
545 1225
548 279
549 87
555 95
555 1225
558 279
559 84
559 105
565 113
565 1225
568 279
569 81
573 120
574 130
575 89
575 1225
578 279
580 98
580 138
584 148
585 1225
588 279
589 157
590 102
594 112
594 166
595 1225
598 279
599 175
600 120
602 185
604 195
605 129
605 1225
608 279
609 204
609 214
610 138
614 223
614 233
615 1225
618 145
618 279
619 242
619 252
619 262
620 155
624 1220
625 164
630 173
630 183
634 1220
635 192
639 202
640 212
644 222
644 1220
645 232
645 242
650 251
654 1220
656 259
663 1225
664 247
669 217
669 227
669 237
673 1225
674 202
675 265
675 275
679 192
683 1225
684 182
685 265
685 279
692 174
693 258
693 1225
695 279
697 164
703 255
703 1225
705 156
705 279
713 149
713 253
713 1225
715 279
720 141
723 248
723 1225
725 279
728 134
733 245
733 1225
735 279
737 129
742 240
743 1225
745 279
746 124
752 239
753 1225
754 117
755 279
762 234
762 1220
764 114
764 284
772 230
772 1220
773 109
774 284
782 104
782 229
782 1220
784 284
792 104
792 224
792 1219
794 286
801 99
802 220
802 1215
804 289
811 95
811 215
812 1215
814 289
820 210
821 94
821 1210
823 294
829 205
830 89
831 1210
833 294
837 199
840 89
840 1205
842 299
847 194
850 89
850 1205
852 299
855 180
859 1200
860 89
861 304
863 173
868 163
869 1197
870 89
870 309
873 153
878 143
879 1195
880 92
880 130
880 309
885 101
885 111
885 121
888 1190
889 314
898 1188
899 316
908 321
908 1183
918 325
918 1178
927 330
928 1173
937 334
938 1168
946 339
948 1163
955 344
958 1158
963 350
965 1150
972 355
975 1145
982 359
985 1140
989 367
993 1133
997 374
1003 1128
1006 379
1010 1120
1014 386
1019 1115
1023 391
1027 1109
1030 399
1035 1100
1038 405
1043 1093
1045 413
1050 1085
1053 420
1058 1078
1060 428
1065 1070
1068 435
1073 1063
1075 443
1080 1055
1083 450
1088 1048
1090 458
1093 1038
1095 467
1100 1030
1102 475
1108 1023
1110 482
1113 1013
1114 492
1120 500
1120 1000
1125 509
1125 990
1130 518
1133 983
1135 527
1138 973
1140 536
1143 963
1145 545
1148 953
1150 554
1153 943
1155 563
1158 933
1160 572
1160 582
1160 920
1165 591
1165 910
1170 600
1170 895
1172 610
1175 620
1175 880
1180 629
1180 639
1180 860
1180 870
1185 648
1185 658
1185 668
1185 835
1185 845
1190 677
1190 687
1190 697
1190 800
1190 810
1190 820
1194 707
1195 717
1195 727
1195 737
1195 747
1195 757
1195 767
1195 777
1195 787
