64 707
64 717
64 727
64 737
64 747
64 757
64 767
64 777
64 787
64 797
69 677
69 687
69 697
69 806
69 816
69 826
74 652
74 662
74 835
74 845
77 855
79 637
79 865
84 622
84 874
86 884
89 607
89 894
94 592
94 903
95 913
99 582
100 922
104 572
104 932
109 562
109 941
114 552
114 950
119 542
119 959
125 967
127 534
129 977
132 524
134 986
137 514
141 994
145 506
149 1000
150 496
152 1010
158 489
160 1017
164 477
164 1027
172 469
172 1034
179 1042
180 461
187 1049
188 454
194 1057
195 446
202 1064
203 439
209 1072
210 431
217 1079
218 424
224 1087
225 416
234 1090
235 411
240 1098
243 404
248 1105
252 399
257 1110
260 391
265 1117
268 384
274 1122
277 379
282 1129
286 374
291 1134
295 369
301 1138
304 362
309 1145
314 357
318 1150
324 352
327 1155
334 347
337 1159
344 342
346 1164
354 337
356 1168
364 97
364 107
364 117
364 127
364 137
364 147
364 334
366 1170
369 156
372 89
373 329
374 165
375 1175
377 175
381 84
382 324
384 1180
385 182
389 192
391 84
392 324
394 201
394 1180
401 84
401 209
401 319
403 1185
406 218
410 89
411 315
412 1190
414 225
417 235
419 94
421 314
422 244
422 1190
429 96
429 252
430 309
431 1195
437 259
438 101
440 309
441 1195
446 264
448 105
449 304
450 1200
454 270
455 113
459 304
460 1200
463 275
465 117
468 299
469 1205
470 283
473 124
478 299
479 1205
480 285
482 129
488 299
489 137
489 1205
497 144
498 1210
504 152
508 1210
512 159
518 1210
521 164
528 1210
529 171
535 179
537 1215
540 188
545 197
547 1215
552 205
557 1215
560 212
560 222
565 231
565 241
565 251
565 261
567 1215
574 256
575 246
577 1215
580 236
587 1215
588 229
592 219
597 209
597 1215
599 197
607 189
607 1215
615 181
615 260
615 270
615 280
617 1215
620 171
620 235
620 245
620 289
625 220
627 1215
628 164
630 289
633 213
637 159
637 1214
638 203
640 292
645 151
645 195
647 1210
650 185
650 294
655 146
657 1210
658 178
660 294
665 141
667 1210
668 173
670 294
674 165
675 139
677 1209
680 297
682 159
684 134
687 1205
690 299
692 154
693 129
697 1205
700 299
702 150
703 129
707 1204
710 302
711 145
713 129
717 1200
720 304
721 145
723 129
727 1199
730 140
730 307
733 129
737 1195
740 140
740 309
743 129
747 1194
750 137
750 312
756 129
757 1190
760 314
766 1185
769 319
776 1185
779 321
785 1180
789 324
795 1175
798 329
805 1170
807 334
815 1170
817 334
824 1165
826 339
833 1160
835 344
842 1155
844 349
851 1150
853 354
860 1145
862 359
870 1140
871 364
879 1135
880 369
888 1130
889 374
897 380
897 1124
907 384
907 1119
914 392
915 1110
922 399
924 1105
931 404
932 1099
939 411
940 1090
948 416
950 1085
955 424
958 1078
963 430
965 1070
970 438
973 1063
978 445
980 1055
985 453
988 1048
993 460
995 1040
1000 468
1003 1033
1008 475
1010 1020
1012 485
1018 1013
1020 492
1025 501
1025 1000
1031 509
1033 993
1039 516
1040 980
1043 526
1045 970
1048 535
1053 963
1055 543
1058 953
1060 552
1063 943
1064 562
1068 933
1069 571
1073 581
1073 923
1078 590
1078 913
1080 600
1080 900
1085 609
1085 619
1085 885
1090 628
1090 870
1095 637
1095 647
1095 855
1100 656
1100 666
1100 830
1100 840
1103 676
1105 686
1105 696
1105 800
1105 810
1105 820
1108 706
1110 716
1110 726
1110 736
1110 746
1110 756
1110 766
1110 776
1110 786
