59 557
59 567
59 577
59 587
59 597
59 607
59 617
59 627
59 637
59 647
59 657
64 522
64 532
64 542
64 666
64 676
64 686
69 497
69 507
69 695
69 705
69 715
74 477
74 487
74 724
74 734
79 457
79 467
79 743
79 753
84 442
84 762
84 772
89 427
89 781
94 412
94 790
94 800
99 402
99 809
104 392
104 818
109 382
109 827
114 372
114 836
119 362
119 845
122 855
124 352
127 864
129 342
131 874
137 334
139 880
142 324
142 890
149 312
149 898
154 907
157 304
159 916
162 294
166 924
170 286
174 930
178 279
179 939
182 269
185 947
190 261
192 955
198 254
200 962
205 246
207 970
213 239
215 977
220 231
222 985
228 224
231 990
237 219
239 996
245 211
246 1004
253 204
254 1010
262 199
263 1015
271 194
272 1020
279 187
280 1027
289 182
289 1032
297 174
297 1039
306 1044
307 169
316 1048
317 164
325 1053
327 159
335 1057
337 154
344 1062
347 149
354 1065
357 149
363 1070
366 144
373 1070
376 140
382 1075
386 139
392 1079
394 27
394 37
395 134
402 19
402 44
402 1080
405 131
409 52
411 14
411 1085
414 61
414 71
415 129
421 14
421 79
421 1085
425 129
429 85
431 14
431 1088
432 95
434 124
440 102
441 14
441 1090
444 124
449 107
451 14
451 1090
454 124
459 110
461 14
461 1093
464 119
471 14
471 1095
474 115
481 14
481 1095
490 19
491 1095
500 19
501 1095
508 25
511 1095
517 30
521 1095
525 37
531 1095
532 45
540 52
541 1095
545 61
550 70
551 1095
552 80
557 89
560 1090
567 84
570 1090
575 76
580 1090
583 69
589 1085
592 64
595 95
595 105
595 115
599 1085
600 85
602 59
605 116
609 80
609 1082
612 59
615 114
618 75
619 1080
622 54
625 114
627 70
629 1080
632 54
635 114
637 70
639 1080
642 54
644 109
647 70
648 1085
652 54
654 109
657 70
658 1085
662 54
664 109
667 70
668 1085
672 54
674 109
677 69
678 1085
684 109
688 1085
694 109
698 1085
704 109
708 1085
714 109
718 1085
724 111
727 1080
734 114
737 1080
744 114
747 1080
754 114
757 1079
763 119
767 1075
773 119
777 1074
782 124
787 1070
792 124
797 1069
801 129
807 1065
811 129
816 1060
820 134
825 1055
829 139
835 1055
839 141
844 1050
848 146
853 1045
858 150
862 1040
867 155
871 1035
877 159
880 1030
886 164
890 1025
894 171
899 1020
903 176
907 1014
910 184
917 1009
920 187
925 1000
928 194
935 995
937 199
943 988
944 207
950 980
952 214
958 973
959 222
965 965
967 229
975 960
976 234
980 244
980 950
988 250
988 943
995 258
995 935
1003 265
1003 928
1010 273
1010 920
1015 282
1015 910
1022 290
1023 903
1027 299
1028 893
1034 307
1035 880
1039 316
1043 873
1045 324
1048 863
1050 333
1055 342
1055 850
1060 351
1060 840
1065 360
1065 830
1070 369
1070 820
1075 378
1075 388
1075 805
1080 397
1080 795
1085 406
1085 780
1088 416
1090 770
1093 425
1095 435
1095 750
1095 760
1097 445
1100 455
1100 735
1105 464
1105 474
1105 715
1105 725
1110 483
1110 493
1110 503
1110 685
1110 695
1110 705
1115 512
1115 522
1115 532
1115 542
1115 650
1115 660
1115 670
1120 551
1120 561
1120 571
1120 581
1120 591
1120 601
1120 611
1120 621
1120 631
1120 641
