49 712
49 722
49 732
49 742
49 752
49 762
49 772
49 782
49 792
49 802
54 677
54 687
54 697
54 811
54 821
54 831
59 657
59 667
59 840
59 850
62 860
64 637
64 647
64 870
67 880
69 622
69 890
74 607
74 899
76 909
79 592
79 919
84 582
84 928
89 572
89 937
94 562
94 946
99 552
99 955
102 965
104 542
107 974
109 532
111 984
117 524
119 990
122 514
122 1000
129 502
129 1008
134 1017
137 494
139 1026
142 484
146 1034
150 476
154 1040
158 469
159 1049
162 459
165 1057
170 451
172 1065
178 444
180 1072
185 436
187 1080
193 429
195 1087
200 421
202 1095
208 414
210 1102
217 409
219 1107
225 401
227 1114
233 394
234 1122
242 389
244 127
244 137
244 147
244 1125
249 107
249 117
250 381
250 1133
252 154
254 97
260 376
260 1137
261 159
262 89
267 1145
268 369
269 165
271 84
277 364
277 1149
278 170
280 79
285 1155
286 359
287 175
289 72
294 1160
295 354
297 179
299 67
303 1165
304 349
306 184
309 64
312 1170
313 344
316 185
319 64
321 1175
322 339
325 190
329 64
331 1178
332 334
335 190
339 64
340 1183
342 329
345 192
349 64
350 1187
352 324
355 195
359 64
359 1192
362 319
365 197
369 64
369 1195
372 319
375 200
378 1200
379 64
381 314
385 200
388 1200
389 64
391 310
395 200
397 1205
398 69
401 309
405 200
407 1209
408 70
410 304
415 78
415 200
417 1210
420 304
425 79
425 200
427 1214
429 299
434 84
434 205
437 1215
439 299
442 90
444 205
447 1219
448 294
450 97
454 205
457 1220
458 104
458 294
463 210
467 109
467 1220
468 294
473 210
474 117
476 1225
477 289
482 215
484 121
486 1225
487 289
490 129
492 219
496 1225
497 289
500 132
501 224
505 141
506 1225
507 289
511 228
514 146
515 1230
516 284
520 154
520 233
525 163
525 1230
526 284
528 240
533 170
535 248
535 1230
536 284
540 178
544 253
545 187
545 1230
546 284
549 262
552 195
554 271
555 1230
556 284
557 204
560 214
565 223
565 1230
570 232
570 242
570 252
575 1230
579 222
584 212
585 1230
589 202
595 1230
597 194
605 186
605 235
605 245
605 255
605 265
605 275
605 1230
610 215
610 225
613 179
615 205
615 279
615 1225
617 169
623 198
624 274
624 1230
625 161
628 188
634 274
634 1230
635 159
635 180
644 154
644 175
644 274
644 1230
654 154
654 175
654 272
654 1230
663 1235
664 154
664 175
664 269
673 1235
674 156
674 172
674 269
683 1235
684 269
693 1235
694 269
703 1235
704 269
713 1235
714 269
723 1235
724 269
733 1235
734 269
743 1235
744 269
753 1235
754 269
762 1230
763 274
772 1230
773 274
782 1230
783 274
792 1229
793 275
802 1225
803 279
812 1225
813 279
821 1220
822 284
831 1220
832 284
841 1220
842 284
850 1215
851 289
860 294
860 1210
870 294
870 1210
879 299
879 1205
889 301
889 1202
899 304
899 1200
908 309
908 1195
917 314
917 1190
926 319
926 1185
936 319
936 1185
945 324
945 1180
953 330
953 1173
962 335
963 1168
972 339
973 1163
981 344
983 1158
989 351
990 1150
998 356
1000 1145
1005 364
1009 1140
1015 367
1017 1134
1022 375
1025 1125
1032 379
1035 1120
1039 387
1043 1113
1047 394
1050 1105
1054 402
1058 1098
1062 409
1068 1093
1071 414
1075 1085
1079 421
1083 1078
1085 429
1088 1068
1090 438
1095 1060
1098 445
1103 1053
1105 453
1110 1045
1113 460
1115 1035
1117 470
1123 1028
1125 477
1130 486
1130 1015
1136 494
1138 1008
1140 504
1143 998
1148 510
1150 985
1152 520
1155 975
1157 529
1160 539
1160 965
1165 548
1165 955
1170 557
1170 945
1175 566
1175 935
1180 575
1180 920
1182 585
1185 910
1187 594
1190 604
1190 895
1195 613
1195 623
1195 880
1200 632
1200 642
1200 860
1200 870
1205 651
1205 661
1205 835
1205 845
1208 671
1210 681
1210 691
1210 701
1210 800
1210 810
1210 820
1215 710
1215 720
1215 730
1215 740
1215 750
1215 760
1215 770
1215 780
1215 790
