59 707
59 717
59 727
59 737
59 747
59 757
59 767
59 777
59 787
59 797
64 672
64 682
64 692
64 806
64 816
64 826
69 652
69 662
69 835
69 845
72 855
74 632
74 642
74 865
77 875
79 617
79 885
84 602
84 894
86 904
89 587
89 914
94 577
94 923
99 567
99 932
104 557
104 941
109 547
109 950
112 960
114 537
117 969
119 527
121 979
124 517
126 988
132 509
134 995
137 499
137 1005
144 487
144 1013
149 1022
152 479
157 1029
160 471
164 1037
165 461
169 1046
173 454
176 1054
180 446
184 1060
188 439
190 1068
195 431
198 1075
203 424
205 1083
210 416
213 1090
218 409
220 1098
225 401
228 1105
235 396
237 1110
243 389
245 1117
250 381
252 1125
260 376
262 1129
268 369
270 1135
277 364
279 1140
286 359
288 1145
294 352
295 1153
304 347
305 1157
314 342
314 1162
324 337
324 1165
333 1170
334 332
342 1175
344 327
351 1180
354 322
360 1185
364 319
370 1187
373 314
380 1190
383 314
389 1195
392 309
398 1200
401 304
408 1200
411 304
417 1205
420 299
427 1205
430 296
436 1210
440 294
446 1210
450 291
455 1215
460 289
465 1215
470 289
475 1217
479 284
485 1220
489 284
495 1220
499 284
505 1220
509 284
515 1222
518 279
525 1225
528 279
535 1225
538 279
545 1225
548 279
555 1225
558 279
565 1225
568 279
575 1225
578 279
584 147
585 1225
588 279
589 156
592 139
594 165
595 1225
597 175
598 279
602 139
602 184
604 194
605 1225
608 279
609 203
609 213
612 139
614 222
614 232
615 1225
618 279
619 147
619 241
619 251
619 261
620 157
624 1220
625 166
630 175
630 185
634 1220
635 194
640 203
640 213
644 1220
645 222
645 232
645 242
650 251
654 1220
656 259
663 1225
664 247
669 217
669 227
669 237
673 1225
674 202
675 265
675 275
679 192
683 1225
684 182
685 265
685 279
692 174
693 258
693 1225
695 279
697 164
703 255
703 1225
705 156
705 279
713 149
713 253
713 1225
715 279
722 144
723 248
723 1225
725 279
728 238
732 139
733 1225
735 279
738 235
742 134
743 1225
745 279
747 229
752 134
753 1225
755 279
757 224
762 134
762 1220
764 284
767 219
771 129
772 1220
774 284
775 210
781 129
782 1220
783 203
784 284
791 129
792 1219
793 198
794 286
800 190
801 129
802 1215
804 289
808 183
811 129
812 1215
814 289
815 175
820 165
821 129
821 1210
823 294
825 155
830 134
830 144
831 1210
833 294
840 1205
842 299
850 1205
852 299
859 1200
861 304
869 1197
870 309
879 1195
880 309
888 1190
889 314
898 1188
899 316
908 321
908 1183
918 325
918 1178
927 330
928 1173
937 334
938 1168
946 339
948 1163
955 344
958 1158
963 350
965 1150
972 355
975 1145
982 359
985 1140
989 367
993 1133
997 374
1003 1128
1006 379
1010 1120
1014 386
1019 1115
1023 391
1027 1109
1030 399
1035 1100
1038 405
1043 1093
1045 413
1050 1085
1053 420
1058 1078
1060 428
1065 1070
1068 435
1073 1063
1075 443
1080 1055
1083 450
1088 1048
1090 458
1093 1038
1095 467
1100 1030
1102 475
1108 1023
1110 482
1113 1013
1114 492
1120 500
1120 1000
1125 509
1125 990
1130 518
1133 983
1135 527
1138 973
1140 536
1143 963
1145 545
1148 953
1150 554
1153 943
1155 563
1158 933
1160 572
1160 582
1160 920
1165 591
1165 910
1170 600
1170 895
1172 610
1175 620
1175 880
1180 629
1180 639
1180 860
1180 870
1185 648
1185 658
1185 668
1185 835
1185 845
1190 677
1190 687
1190 697
1190 800
1190 810
1190 820
1194 707
1195 717
1195 727
1195 737
1195 747
1195 757
1195 767
1195 777
1195 787
