49 92
49 102
49 112
49 122
49 132
49 142
49 152
49 162
49 172
49 182
49 192
49 202
49 212
49 222
49 232
49 242
49 252
49 262
49 272
49 282
49 292
49 302
49 312
49 322
49 332
49 342
49 352
49 362
49 372
49 382
49 392
49 402
49 412
49 422
49 432
49 442
49 452
49 462
49 472
49 482
49 492
49 502
49 512
49 522
49 532
49 542
49 552
49 562
49 572
49 582
49 592
49 602
49 612
49 622
49 632
49 642
49 652
49 662
49 672
49 682
49 692
59 96
59 695
65 104
67 689
75 107
77 684
82 115
85 675
90 122
95 670
98 129
104 665
107 134
112 659
114 142
122 149
122 654
130 645
131 154
139 161
140 640
145 169
149 635
153 175
157 629
162 180
167 624
170 187
175 615
177 195
185 202
185 610
193 209
194 605
202 214
203 600
209 222
212 594
217 229
222 589
226 234
230 580
234 241
240 249
240 575
248 255
249 570
257 260
257 564
265 267
267 559
272 275
275 550
280 282
285 545
289 287
294 540
297 294
302 534
304 302
312 309
312 529
320 520
321 314
329 321
330 515
339 324
340 515
349 324
350 510
359 324
360 510
369 324
370 510
379 324
380 505
389 324
390 505
399 324
400 505
409 322
410 500
419 317
420 500
429 312
430 500
437 304
440 495
447 299
450 495
456 294
460 495
465 289
470 490
474 284
480 490
483 279
490 490
492 274
500 490
501 279
509 485
510 284
519 485
520 287
529 292
529 485
538 480
539 296
545 304
548 480
555 307
558 480
564 312
567 475
572 319
577 475
581 324
587 475
591 324
596 470
601 324
606 470
611 324
616 473
621 324
624 480
630 488
631 324
638 495
641 324
645 503
651 324
653 510
660 518
661 320
668 525
669 312
675 533
677 304
683 540
685 296
690 548
693 289
698 555
700 281
705 563
708 274
713 570
715 266
720 578
723 259
728 585
730 251
735 593
738 244
743 600
745 236
750 608
753 229
758 615
760 221
765 623
768 214
773 630
775 206
780 638
783 199
788 645
790 191
795 653
798 184
803 660
805 176
810 668
813 169
818 675
820 161
825 683
828 154
833 690
835 146
840 698
843 139
848 705
850 131
855 713
858 124
863 720
865 116
870 728
873 109
878 735
880 101
885 743
888 94
893 749
895 102
895 112
895 122
895 132
895 142
895 152
895 162
895 172
895 182
895 192
895 202
895 212
895 222
895 232
895 242
895 252
895 262
895 272
895 282
895 292
895 302
895 312
895 322
895 332
895 342
895 352
895 362
895 372
895 382
895 392
895 402
895 412
895 422
895 432
895 442
895 452
895 462
895 472
895 482
895 492
895 502
895 512
895 522
895 532
895 542
895 552
895 562
895 572
895 582
895 592
895 602
895 612
895 622
895 632
895 642
895 652
895 662
895 672
895 682
895 692
895 702
895 712
895 722
895 732
