112 268
112 278
112 288
112 298
113 308
114 126
114 136
114 146
114 226
114 236
114 246
114 256
114 318
116 156
116 166
116 176
116 186
116 196
116 206
116 216
116 328
118 116
118 344
118 354
124 108
124 362
131 348
132 100
133 322
133 332
134 359
140 94
143 321
148 88
153 323
154 80
160 72
162 62
163 323
168 54
173 323
178 54
181 64
183 323
184 74
189 83
191 93
193 323
199 99
202 328
204 342
204 352
207 106
209 361
213 114
215 148
215 158
215 348
218 123
218 323
218 333
219 133
219 358
225 162
228 323
235 162
238 323
245 166
248 323
253 172
258 323
262 177
268 323
272 176
278 323
282 174
288 323
292 174
298 323
302 176
308 323
312 180
318 323
322 184
328 323
331 189
338 323
339 195
347 202
348 323
353 210
358 323
359 218
365 226
368 323
375 230
378 323
385 230
388 323
395 230
398 323
405 230
408 323
415 230
418 323
425 230
428 323
435 230
438 323
445 230
448 323
455 230
458 323
465 230
468 323
475 230
478 323
485 230
488 323
495 230
498 323
505 230
508 323
515 232
518 323
525 232
528 323
535 232
538 323
545 232
548 323
555 232
558 323
565 232
568 324
570 334
572 344
572 354
575 227
577 363
583 219
585 348
587 330
587 358
592 214
596 335
602 212
604 328
608 202
612 334
614 194
618 342
620 186
628 345
630 186
635 195
637 340
641 203
643 332
646 212
653 333
656 215
663 332
665 220
666 342
666 352
669 362
673 226
677 282
677 292
677 302
677 312
677 322
678 351
679 234
679 262
679 272
679 362
681 332
683 244
