156 128
156 138
158 280
158 290
158 300
158 334
159 310
160 248
160 258
160 268
160 320
160 344
160 356
161 147
162 120
162 232
164 157
164 218
166 167
166 177
166 187
166 197
166 207
168 363
170 114
173 342
173 352
175 322
175 332
180 110
185 323
190 106
195 323
200 104
205 323
210 100
215 323
220 98
225 323
230 96
235 323
240 94
245 323
250 92
255 323
260 90
262 332
262 342
264 354
269 363
270 88
278 80
278 357
279 338
283 328
288 76
293 327
298 74
303 327
308 66
313 329
316 56
323 331
326 54
333 333
336 55
343 63
343 332
348 72
352 327
358 74
362 325
368 78
372 325
377 83
382 328
385 90
392 331
395 90
402 334
405 92
412 338
415 94
422 341
425 96
432 343
435 100
442 345
445 102
452 345
455 104
462 345
465 108
472 343
475 112
478 351
482 361
483 172
483 182
483 192
484 117
484 202
485 150
485 160
490 351
491 125
493 138
493 338
494 201
501 209
502 333
511 210
512 329
521 212
522 327
531 212
532 325
541 214
542 325
551 214
552 329
560 335
561 216
570 333
571 216
580 329
581 218
590 327
591 220
600 327
601 222
610 327
611 226
616 335
618 345
618 355
621 230
624 363
629 270
629 280
629 290
629 300
629 310
629 320
629 350
631 234
632 330
634 341
635 262
638 242
641 252
