174 128
174 138
176 264
176 274
176 284
176 294
176 304
176 330
176 340
178 250
178 314
178 350
179 147
179 360
180 120
180 234
182 157
182 220
184 167
184 177
184 187
184 197
184 207
188 114
189 358
191 336
191 346
193 322
198 110
203 323
208 106
213 323
218 104
223 323
228 100
233 323
238 98
240 331
240 341
240 356
248 96
248 363
255 350
257 334
258 94
265 327
268 92
275 327
278 90
285 327
288 88
295 329
296 82
305 331
306 78
315 335
316 74
324 329
326 72
331 63
334 325
338 54
344 325
348 54
354 326
357 59
364 329
365 65
373 72
374 332
383 76
384 336
393 80
394 339
400 88
404 342
410 90
414 344
420 92
424 345
430 94
434 345
440 96
444 345
450 98
454 343
460 100
464 339
470 103
474 335
480 106
484 333
490 110
494 329
500 114
500 337
500 347
502 357
505 174
505 184
505 194
505 204
507 150
507 160
509 119
510 363
511 212
512 351
513 326
515 127
515 138
515 336
521 214
523 325
531 214
533 329
541 216
541 335
551 216
551 333
561 218
561 330
571 220
571 327
581 222
581 327
591 226
591 327
598 335
600 345
600 355
601 228
606 363
611 232
611 284
611 294
611 304
611 314
612 324
612 351
613 266
615 334
619 238
621 256
