98 282
98 292
98 302
100 126
100 136
100 238
100 248
100 258
100 268
100 312
101 322
102 146
102 156
102 166
102 212
102 222
104 176
104 186
104 196
104 332
104 342
104 352
105 117
109 361
113 109
117 346
119 322
119 332
119 356
122 104
129 321
130 98
139 323
140 94
149 323
150 90
158 82
159 323
166 74
169 323
172 64
176 54
179 323
186 54
189 323
194 61
197 71
199 323
205 77
209 323
211 85
217 93
219 323
226 98
229 323
235 103
239 323
242 333
242 350
243 109
245 360
251 115
253 148
253 158
255 346
255 362
257 123
257 324
257 334
259 133
261 164
267 323
271 168
277 323
280 173
287 323
290 176
297 323
300 174
307 323
310 174
317 323
320 176
327 323
330 180
337 323
340 184
347 323
349 189
357 195
357 323
365 202
367 323
372 210
377 323
380 217
385 226
387 323
395 230
397 323
405 230
407 323
415 230
417 323
425 230
427 323
435 230
437 323
445 230
447 323
455 230
457 323
465 230
467 323
475 230
477 323
485 230
487 323
495 230
497 323
505 230
507 323
515 232
517 323
524 331
525 232
526 341
526 351
528 361
534 226
538 363
539 350
543 221
543 328
543 338
553 217
553 329
561 335
563 214
569 328
573 212
579 327
583 209
587 333
588 200
595 339
596 194
604 186
604 344
614 186
614 345
622 193
624 341
630 200
632 335
636 208
640 329
646 212
650 325
656 214
656 333
666 217
666 331
676 221
676 327
680 337
680 347
680 357
685 226
688 363
691 276
691 286
691 296
691 306
691 316
692 234
692 351
693 264
693 326
697 243
697 336
698 255
