116 130
118 140
118 276
118 286
118 296
118 306
120 246
120 256
120 266
120 316
120 326
120 336
121 121
122 230
122 346
122 356
124 148
124 158
124 214
125 168
126 178
126 188
126 198
129 115
130 363
133 350
135 322
135 332
138 110
145 321
148 106
155 323
158 102
165 323
168 100
175 323
178 98
185 323
188 94
195 323
198 92
205 323
208 90
215 323
218 88
225 323
226 82
235 77
235 323
245 73
245 323
254 66
255 323
262 56
265 323
272 54
275 323
282 55
285 323
288 63
293 72
295 323
303 74
305 323
313 78
315 323
319 86
325 323
329 90
335 323
339 92
340 332
340 342
342 352
343 362
349 94
353 361
355 350
357 336
359 96
362 327
369 100
372 327
379 102
382 327
389 106
392 330
399 110
402 333
408 341
408 351
409 114
410 361
413 154
413 164
413 174
417 120
418 183
419 144
419 346
420 361
421 328
423 128
427 188
431 325
433 196
441 325
442 201
448 209
451 329
458 210
461 333
466 202
471 337
476 201
481 341
485 196
491 343
495 191
501 345
504 186
511 345
514 187
521 345
523 192
531 342
533 196
541 339
542 201
551 335
552 205
561 210
561 331
571 212
571 327
581 212
581 325
591 214
591 325
601 214
601 329
609 335
611 216
619 332
621 218
629 329
631 220
639 327
641 222
649 327
651 224
658 332
658 348
659 358
661 228
668 363
669 278
669 288
669 298
669 308
669 318
670 233
670 351
671 266
671 328
675 338
677 241
679 254
