150 142
150 152
150 226
150 236
150 246
150 256
150 266
150 276
150 286
150 296
150 306
152 90
152 100
152 110
152 120
152 130
152 162
152 172
152 182
152 192
152 202
152 212
152 316
154 326
156 336
156 346
156 356
160 56
160 66
160 76
164 363
168 349
169 148
169 158
169 168
169 178
170 55
170 321
171 116
171 126
171 331
173 68
173 78
173 88
173 98
173 136
173 358
179 173
180 321
188 168
190 323
198 164
200 323
208 164
210 323
218 166
220 323
226 172
230 323
234 178
240 323
244 178
250 323
254 178
260 323
264 176
270 323
274 176
280 323
284 179
290 323
294 182
300 323
303 187
310 323
312 192
320 198
320 323
326 206
330 323
331 215
335 225
340 323
344 230
350 323
354 230
360 323
364 230
370 323
374 230
380 323
384 230
390 323
394 230
400 323
404 230
410 323
414 230
420 323
424 230
430 323
434 230
440 323
444 230
450 323
454 230
460 323
464 230
470 323
474 230
480 323
484 230
490 323
494 230
500 323
504 230
510 323
514 232
520 323
524 232
530 323
534 232
540 323
544 232
550 323
554 233
560 323
564 234
570 323
574 235
580 323
584 236
590 323
594 236
600 323
604 238
610 323
614 240
620 321
622 214
622 224
622 234
624 331
626 188
626 198
626 341
626 351
628 361
636 188
638 351
638 363
641 197
641 216
641 226
641 324
642 341
643 236
643 246
643 268
643 278
643 288
643 298
643 308
645 256
