140 128
140 138
142 274
142 284
142 294
142 304
143 314
144 246
144 256
144 324
144 334
144 344
145 147
146 120
146 230
146 354
148 157
148 216
150 167
150 177
150 187
150 197
151 363
154 114
157 344
157 354
159 322
159 332
164 110
169 323
174 106
179 323
184 104
189 323
194 100
199 323
204 98
209 323
214 96
219 323
224 94
229 323
234 92
239 323
244 90
249 323
254 88
259 323
260 80
269 323
270 76
279 323
280 72
286 332
286 342
288 66
288 356
296 56
296 363
303 340
303 350
305 330
306 54
315 327
316 55
323 63
325 327
328 72
335 329
338 74
345 331
348 78
355 333
356 84
364 90
365 332
374 91
374 327
384 93
384 325
394 95
394 325
404 97
404 327
414 100
414 331
424 102
424 335
434 106
434 339
444 109
444 341
453 114
454 344
454 354
459 166
459 176
459 186
460 362
461 150
463 118
465 350
469 126
469 136
469 186
474 345
479 188
484 345
488 193
494 343
498 197
504 339
508 200
514 335
516 206
524 331
526 210
534 329
536 212
544 325
546 212
554 325
556 213
564 327
566 214
573 332
576 215
583 333
586 216
593 331
596 218
603 328
606 220
613 327
616 222
623 327
626 226
632 332
632 344
632 354
636 229
637 363
643 282
643 292
643 302
643 312
644 322
644 351
645 234
645 266
647 332
647 361
653 240
653 256
