96 128
96 138
96 278
96 288
96 298
97 308
98 244
98 254
98 264
98 318
100 148
100 228
100 328
100 338
100 348
102 120
102 158
102 168
102 178
102 198
102 208
102 218
102 358
103 188
110 114
111 363
113 348
115 322
115 332
118 108
125 321
128 104
135 323
138 100
145 323
148 96
155 323
158 94
165 323
168 92
175 323
178 88
185 323
187 83
195 77
195 323
204 72
205 323
212 62
215 323
218 54
225 323
228 54
235 323
237 59
243 67
245 323
251 74
255 323
261 78
265 323
267 86
275 323
276 91
285 323
286 94
295 323
296 96
305 323
306 100
315 323
316 104
325 323
326 108
331 331
332 350
334 114
335 360
339 158
339 168
341 148
342 120
344 349
345 362
346 323
347 129
347 140
347 174
347 333
356 323
357 174
366 323
367 176
376 181
376 323
385 186
386 323
393 192
396 323
402 197
406 323
409 205
416 323
418 210
422 331
422 341
424 351
424 361
425 218
430 227
434 363
437 350
439 340
440 224
441 328
450 222
451 327
460 218
461 329
470 216
471 331
480 214
481 335
489 328
490 214
499 325
500 212
509 327
510 212
519 331
520 206
528 200
528 336
537 341
538 196
547 191
547 343
556 186
557 345
566 187
567 345
574 193
577 343
583 198
587 339
593 202
597 334
600 210
606 329
610 212
616 325
620 212
626 325
630 214
635 330
640 216
644 335
650 217
654 331
660 220
664 327
670 223
674 327
680 226
680 350
682 333
682 360
688 232
689 304
691 280
691 290
691 314
692 324
692 363
693 266
693 348
696 238
697 333
699 258
701 247
