96 130
96 140
96 254
96 264
96 274
96 284
96 294
96 304
96 314
98 234
98 244
98 324
100 150
100 160
100 216
100 334
100 344
100 354
101 121
102 170
102 180
102 190
102 200
108 361
109 115
113 330
113 340
113 350
117 109
118 321
127 106
128 321
137 101
138 321
147 97
148 321
157 94
158 321
167 92
168 321
177 87
178 321
183 79
188 321
193 75
198 321
199 67
204 58
208 321
214 54
218 321
222 60
228 68
228 321
236 75
238 321
246 79
248 321
251 88
258 321
260 93
268 321
270 96
278 321
280 99
288 321
290 103
298 321
300 106
306 327
308 112
310 337
310 347
310 357
315 170
317 117
317 158
320 361
321 148
321 348
323 125
323 176
323 322
323 332
325 135
333 176
333 321
343 178
343 321
353 180
353 321
363 184
363 321
371 190
373 321
380 195
383 321
387 203
393 321
395 210
403 216
403 321
409 224
413 321
417 230
423 321
427 230
433 321
437 230
443 321
446 331
446 341
447 230
448 351
450 361
457 228
460 361
461 350
465 328
465 338
467 224
475 327
477 220
485 329
487 216
494 334
497 214
503 328
507 214
512 323
517 212
522 326
527 210
531 331
536 204
541 335
546 198
549 341
555 193
559 345
564 188
569 345
574 187
579 345
582 193
589 341
591 198
599 337
601 202
607 210
608 331
617 212
617 326
627 212
627 324
636 329
637 214
644 335
647 216
654 331
657 218
664 327
667 220
674 327
677 224
682 333
682 343
682 353
685 230
687 362
689 292
689 302
689 312
691 266
691 276
691 322
692 349
693 236
695 332
697 358
699 244
699 254
