96 132
96 260
96 270
96 280
96 290
96 300
96 310
98 142
98 236
98 246
98 320
100 122
100 152
100 162
100 216
100 226
100 330
102 172
102 182
102 192
102 202
102 340
102 350
103 360
108 116
113 344
113 361
115 322
115 332
116 110
125 105
125 321
135 101
135 321
145 97
145 321
155 93
155 321
165 90
165 321
172 82
175 321
180 76
185 321
188 70
193 61
195 321
201 54
205 321
211 56
215 321
216 65
221 74
225 321
231 78
235 321
237 86
245 92
245 321
255 96
255 321
265 100
265 321
275 104
275 321
284 109
285 323
288 333
288 350
290 360
292 115
294 167
295 154
299 123
299 348
300 145
300 321
300 361
301 331
302 174
303 133
310 321
312 176
320 321
322 176
330 321
332 178
340 321
342 180
350 321
352 184
360 190
360 321
368 196
370 321
376 202
380 321
382 210
390 321
391 215
397 223
400 321
405 230
410 321
415 230
420 321
425 230
430 321
435 230
440 321
445 230
450 321
455 230
460 321
465 230
470 321
472 331
472 341
474 351
475 232
476 361
485 227
486 361
488 351
491 328
491 338
494 222
501 327
504 218
511 331
514 216
521 334
524 214
529 326
534 212
539 325
544 210
548 330
554 204
557 335
563 199
566 340
571 193
576 344
579 187
586 345
589 186
596 343
597 192
605 198
606 339
614 203
614 333
622 210
623 328
632 212
633 324
642 216
643 327
650 335
652 218
660 331
662 218
670 327
672 221
680 327
682 225
684 337
684 347
684 357
690 231
691 296
691 306
692 316
692 363
693 266
693 276
693 286
694 349
695 326
697 239
699 258
699 336
