124 280
124 290
124 300
126 128
126 138
126 148
126 158
126 168
126 212
126 222
126 232
126 242
126 252
126 262
126 310
126 320
128 178
128 188
128 198
128 330
130 118
132 340
132 350
132 360
134 108
138 321
140 100
141 332
141 345
142 360
148 92
148 321
156 82
158 321
161 73
163 63
168 54
168 321
173 63
175 73
177 90
178 321
184 98
186 327
188 352
189 107
190 337
193 361
195 115
195 148
195 158
197 125
197 322
197 346
199 135
199 332
202 166
207 321
212 170
217 321
222 170
227 321
232 174
237 321
240 180
247 321
250 177
257 321
260 178
267 321
270 180
277 321
280 182
287 321
290 184
297 321
299 189
307 321
308 194
317 199
317 321
325 206
327 321
331 214
337 222
337 321
343 230
347 321
353 234
357 321
363 234
367 321
373 234
377 321
383 234
387 321
393 234
397 321
403 234
407 321
413 234
417 321
423 234
427 321
433 234
437 321
443 234
447 321
453 234
457 321
463 234
467 321
473 234
477 321
483 234
487 321
493 234
497 321
503 234
507 321
513 236
517 321
523 236
527 321
533 236
537 321
543 236
547 321
553 236
557 321
563 236
567 321
573 238
577 321
583 238
587 321
593 238
596 326
598 336
598 346
599 356
600 228
607 362
608 222
608 349
609 330
616 216
619 328
622 204
625 336
628 196
631 344
636 190
641 199
641 340
645 209
645 330
653 216
654 335
661 222
662 341
662 351
664 361
667 230
669 312
670 322
671 240
671 264
671 274
671 284
671 294
671 332
671 346
673 250
