130 244
130 254
135 263
136 236
136 332
136 342
136 356
140 272
140 282
140 320
142 292
142 302
144 363
145 231
151 336
151 346
154 226
156 327
164 224
166 327
174 220
176 327
184 218
186 329
194 216
196 333
204 216
206 335
214 214
214 329
224 214
224 325
234 212
234 325
244 212
244 327
254 210
254 331
264 206
264 335
272 200
274 339
282 196
284 342
292 192
294 344
302 188
304 345
312 186
314 345
321 191
324 343
331 194
334 341
340 199
344 337
350 198
352 128
352 138
354 340
354 354
356 190
357 147
358 120
359 363
360 157
362 167
362 177
366 114
367 336
367 346
367 356
372 327
376 110
382 325
386 106
392 325
396 102
402 327
406 100
410 333
416 98
420 333
426 94
430 331
436 92
440 327
446 90
450 327
456 90
460 327
462 82
468 334
468 344
470 354
471 77
475 363
481 73
483 348
485 324
485 334
490 66
495 323
498 56
505 323
508 54
515 323
518 55
525 63
525 323
530 72
535 323
540 75
545 323
550 78
555 323
558 85
565 323
568 89
575 323
578 90
585 323
588 92
595 323
598 95
605 323
608 98
615 323
618 100
625 323
628 103
635 323
638 106
645 321
648 110
652 329
652 339
654 349
654 359
657 115
661 170
661 180
661 190
661 200
661 210
663 150
663 160
663 220
664 230
664 361
665 121
665 240
665 350
667 250
667 260
667 316
667 326
667 336
668 270
669 140
669 280
669 290
669 300
670 130
