974 1562
979 1552
980 1570
984 1537
989 1527
989 1575
994 1517
998 1580
999 1507
1007 1499
1007 1585
1014 1487
1016 1590
1019 1477
1024 1596
1027 1469
1031 1604
1034 1457
1039 1437
1039 1447
1041 1605
1044 1427
1049 1417
1051 1605
1054 1402
1059 1392
1060 1610
1064 1377
1069 1367
1069 1615
1074 1357
1078 1620
1079 1332
1079 1342
1084 1317
1087 1625
1089 1307
1094 1297
1097 1629
1099 1282
1104 1267
1106 1634
1109 1247
1109 1257
1114 1232
1116 1635
1119 1222
1124 1167
1124 1177
1124 1187
1124 1197
1124 1207
1125 1640
1129 1157
1134 1137
1134 1147
1135 1640
1139 1112
1139 1122
1144 1082
1144 1092
1144 1102
1144 1645
1149 1072
1153 1650
1154 1052
1154 1062
1159 1042
1163 1650
1164 1027
1169 1017
1173 1650
1174 997
1174 1007
1179 977
1179 987
1183 1650
1184 952
1184 962
1189 927
1189 937
1192 1655
1194 882
1194 892
1194 902
1194 912
1199 852
1199 862
1199 872
1201 1660
1204 762
1204 772
1204 782
1204 792
1204 802
1204 812
1204 822
1204 832
1204 842
1209 742
1209 752
1211 1663
1217 734
1221 1665
1222 724
1230 716
1231 1668
1238 709
1241 1670
1247 704
1251 1670
1256 699
1260 1675
1266 699
1270 1675
1276 695
1279 1680
1286 690
1289 607
1289 1680
1294 582
1294 592
1294 616
1294 682
1299 567
1299 625
1299 672
1299 1680
1302 635
1304 557
1304 645
1304 655
1308 1685
1309 547
1317 539
1318 1685
1325 531
1327 1690
1333 524
1337 1690
1342 519
1347 1690
1350 511
1357 1690
1358 504
1365 496
1367 1690
1369 1700
1369 1710
1369 1720
1369 1730
1374 1739
1375 491
1380 1747
1385 486
1387 1755
1395 481
1396 1760
1405 479
1405 1765
1415 479
1415 1765
1425 479
1425 1765
1435 479
1435 1760
1445 479
1445 1755
1453 1748
1455 479
1460 1735
1465 479
1465 1695
1465 1705
1465 1715
1465 1725
1475 479
1475 1695
1484 484
1485 1690
1493 489
1495 1690
1502 494
1504 1685
1511 499
1514 1685
1519 506
1524 1682
1525 514
1533 520
1534 1680
1540 528
1544 1680
1545 537
1552 545
1554 1680
1557 554
1560 564
1560 630
1560 640
1560 650
1560 660
1563 1675
1565 573
1565 620
1565 669
1570 582
1570 592
1570 602
1570 678
1572 1670
1578 685
1582 1670
1585 693
1592 1669
1595 697
1602 1665
1604 702
1612 709
1612 1664
1619 717
1622 1660
1627 724
1632 1659
1635 730
1635 740
1640 749
1642 1655
1645 758
1645 768
1645 778
1645 788
1645 798
1645 808
1645 818
1645 828
1645 838
1650 847
1650 857
1650 867
1650 877
1651 1650
1654 887
1655 897
1655 907
1655 917
1655 927
1655 937
1659 947
1660 1645
1664 956
1665 966
1665 976
1670 985
1670 995
1670 1005
1670 1645
1672 1015
1675 1025
1675 1035
1675 1045
1680 1054
1680 1640
1685 1063
1685 1073
1685 1083
1690 1092
1690 1102
1690 1640
1695 1111
1695 1121
1700 1130
1700 1140
1700 1635
1705 1149
1705 1159
1710 1168
1710 1178
1710 1188
1710 1635
1715 1197
1715 1207
1719 1217
1720 1227
1720 1237
1720 1630
1725 1246
1728 1256
1730 1266
1730 1630
1735 1275
1735 1285
1739 1625
1740 1294
1745 1303
1745 1313
1745 1323
1748 1620
1750 1332
1755 1341
1758 1620
1760 1350
1762 1360
1765 1370
1765 1380
1767 1615
1770 1389
1775 1398
1777 1614
1780 1407
1784 1417
1785 1427
1787 1609
1789 1437
1794 1446
1797 1605
1798 1456
1800 1466
1800 1476
1805 1485
1805 1495
1807 1605
1810 1504
1815 1513
1817 1605
1820 1522
1824 1532
1826 1600
1829 1541
1833 1551
1835 1595
1838 1560
1842 1570
1845 1590
1847 1579
