164 50
164 60
164 70
165 80
166 38
166 90
168 100
173 109
174 30
174 266
176 119
176 129
178 139
178 149
180 159
180 169
180 179
180 254
180 274
182 24
182 189
182 199
182 209
182 219
182 229
182 239
190 275
192 22
193 130
193 140
193 150
193 160
193 170
193 180
193 190
193 200
193 210
193 220
193 230
193 240
193 250
193 260
202 20
203 130
206 140
206 180
206 190
206 200
206 264
207 150
208 160
208 170
208 210
208 220
208 230
208 240
208 250
208 274
212 22
218 275
219 168
219 178
219 188
219 198
219 208
219 218
219 228
219 238
219 248
219 258
221 27
221 146
221 156
223 122
223 132
225 110
225 266
229 33
231 98
233 43
233 88
235 53
235 63
235 73
