24 187
30 195
32 179
39 190
42 174
49 190
52 169
58 185
62 164
67 180
71 159
77 179
80 154
87 175
89 149
96 170
99 147
106 170
109 142
115 165
119 137
123 158
129 132
133 153
139 127
143 150
149 122
152 144
157 114
159 82
159 92
159 102
159 202
159 212
159 222
159 232
159 242
159 252
162 139
164 192
164 261
164 271
169 77
169 280
169 290
172 135
174 182
174 299
176 309
177 69
179 319
181 329
182 135
184 172
187 64
187 144
189 335
192 164
192 345
194 152
197 59
197 354
204 362
207 59
209 371
216 54
216 379
224 385
225 59
229 394
235 59
235 402
244 407
245 62
252 414
254 67
260 420
264 71
269 425
270 79
275 88
278 430
283 95
287 105
287 435
289 647
290 115
290 125
290 135
290 145
290 155
292 165
294 622
294 632
295 655
296 440
300 172
302 614
304 182
305 655
306 443
312 614
314 184
315 448
315 655
322 614
323 189
325 450
325 655
331 619
333 190
334 455
335 650
341 619
342 195
344 455
345 650
351 619
352 199
354 455
355 645
359 464
359 474
359 602
359 612
361 204
361 484
364 494
364 572
364 582
364 592
365 645
369 503
369 513
369 552
369 562
371 204
374 522
374 532
374 542
375 640
380 209
380 575
380 585
380 595
380 605
380 615
380 625
385 475
385 485
385 515
385 525
385 535
385 545
385 555
385 565
390 212
390 494
390 504
394 470
398 219
403 465
408 220
410 455
415 228
419 450
425 229
429 447
435 232
439 445
444 237
449 445
454 241
459 442
463 246
469 440
473 250
479 437
482 255
487 430
492 259
496 425
501 264
506 425
509 271
515 420
519 274
525 420
528 279
535 410
537 284
545 410
547 284
555 405
556 289
564 400
565 294
572 394
575 297
582 390
585 299
592 389
594 304
602 385
603 309
612 384
613 309
622 314
622 380
631 319
632 380
640 324
642 380
650 324
652 380
660 324
662 380
670 324
672 380
675 335
675 345
675 355
680 364
682 380
689 369
692 379
