164 62
164 72
164 82
164 92
164 102
166 48
167 112
170 36
171 122
176 131
178 28
178 141
178 151
180 161
180 171
180 181
180 191
180 266
182 201
182 211
182 221
182 231
182 241
182 251
185 275
188 24
193 128
193 138
193 148
193 158
193 168
193 178
193 188
193 198
193 208
193 218
193 228
193 238
193 248
193 258
195 273
198 20
203 126
206 136
206 146
206 156
206 166
206 176
206 186
206 196
206 206
206 216
208 20
208 226
208 236
208 246
208 256
208 266
213 275
217 182
217 192
217 202
217 212
218 23
219 162
219 172
219 222
219 232
219 242
219 252
220 262
221 148
223 130
223 274
225 112
227 28
227 100
230 265
233 90
234 36
235 78
237 46
237 56
237 66
