70 122
74 110
78 129
79 101
84 92
88 129
90 84
96 76
98 128
104 68
108 130
112 60
118 129
120 52
128 44
128 125
136 38
138 123
144 32
146 115
154 28
156 113
162 121
162 131
162 141
162 151
162 161
162 171
162 181
162 191
162 201
164 24
164 211
166 221
168 231
168 241
170 251
172 261
172 271
174 20
182 275
183 194
184 20
185 174
185 184
185 204
185 214
187 224
189 158
189 234
191 244
192 254
192 275
193 142
194 20
195 132
198 262
199 110
199 120
201 96
202 275
204 22
206 87
208 262
212 273
214 24
214 79
218 264
223 273
224 28
224 78
228 88
230 98
232 34
234 108
238 42
242 114
243 51
247 61
252 115
253 53
259 45
262 111
268 40
269 102
270 73
271 83
275 64
278 38
283 70
288 38
293 73
298 41
302 78
306 47
309 57
310 84
314 66
318 91
320 74
327 82
328 95
