64 86
69 95
70 78
78 68
78 89
84 60
86 83
88 50
94 77
96 42
104 73
106 38
114 69
116 38
123 64
124 90
126 39
126 78
126 100
132 108
136 43
141 113
143 51
148 60
151 115
156 50
161 41
161 112
167 33
167 104
171 84
171 94
176 28
177 76
178 266
186 24
186 273
187 79
191 264
194 87
196 22
196 275
201 262
202 94
204 104
204 114
206 20
206 124
206 275
208 134
210 144
211 257
212 244
213 154
214 232
216 20
216 164
216 220
216 275
218 174
218 208
220 184
220 194
226 20
226 271
227 256
229 244
231 230
233 218
235 206
236 22
237 112
237 122
237 132
237 142
237 152
237 162
237 172
237 182
237 192
246 26
247 113
256 30
257 115
264 36
264 123
272 42
274 123
280 48
284 127
286 56
294 63
294 131
302 69
304 129
309 77
314 127
315 85
321 93
324 131
327 101
331 111
334 129
