24 567
24 577
32 559
34 577
39 542
40 565
44 532
48 558
52 524
55 540
55 550
57 514
62 504
65 530
69 487
70 520
74 472
78 513
79 462
83 503
84 447
88 493
89 432
93 483
94 327
94 417
98 473
99 312
99 336
99 346
99 407
103 463
104 355
104 397
107 304
107 365
108 453
109 375
109 385
112 294
113 443
118 433
121 289
123 423
126 280
128 413
133 403
134 274
143 269
143 398
153 269
153 393
160 385
163 269
168 378
173 269
175 370
183 269
185 370
193 270
194 365
203 274
204 365
213 274
214 365
223 274
224 365
233 274
233 360
242 269
243 358
249 232
249 242
249 252
250 350
254 212
254 222
259 197
260 345
267 189
270 340
275 181
279 335
285 176
285 325
290 310
293 169
300 305
302 164
310 307
312 164
320 310
321 159
329 315
331 155
338 320
341 150
348 320
351 149
357 325
361 145
364 652
367 329
370 660
371 144
374 647
377 330
380 660
381 140
382 639
387 334
390 655
391 139
392 634
397 335
399 622
399 650
401 139
407 335
407 614
407 644
409 597
411 139
414 587
415 635
417 335
419 577
421 139
423 628
424 557
424 567
425 605
427 335
427 615
429 547
431 139
433 598
435 585
437 335
437 539
439 527
440 565
440 575
441 139
444 517
445 555
447 339
449 502
450 545
451 139
454 347
454 357
454 492
455 525
455 535
459 366
459 477
460 144
460 515
464 375
464 462
465 505
467 385
469 395
469 452
470 144
470 330
470 340
470 350
470 490
472 360
472 405
474 415
474 425
474 435
475 475
477 369
479 149
480 325
480 379
483 468
485 388
485 398
485 450
489 149
490 325
490 407
493 443
495 416
495 426
499 151
499 320
509 154
509 317
514 382
514 392
514 402
514 412
514 422
519 154
519 312
519 372
522 429
524 362
524 439
529 156
529 310
530 385
530 395
530 405
532 354
532 445
535 414
537 454
538 305
538 378
539 159
539 342
540 423
541 464
543 368
547 334
548 303
548 430
549 159
550 355
551 465
552 324
552 440
554 311
555 345
555 450
558 164
560 335
565 325
568 164
573 318
575 305
578 164
580 295
588 164
589 290
597 169
597 284
607 169
607 279
615 265
617 169
625 255
627 169
635 255
637 169
644 250
647 169
654 247
657 169
662 240
667 169
671 235
677 169
681 235
687 169
690 230
697 169
699 225
707 169
708 220
717 169
718 218
727 169
728 215
737 169
737 210
747 169
747 210
757 169
757 210
767 169
767 209
770 179
770 189
775 198
