80 122
84 110
88 100
88 129
94 90
98 129
100 82
106 74
108 131
114 66
118 130
122 58
128 50
128 129
136 42
138 125
144 36
147 120
152 30
156 115
162 26
162 123
162 133
162 143
162 153
162 163
162 186
163 196
164 173
164 206
166 216
166 226
168 236
170 246
170 256
172 22
172 266
177 275
182 20
187 275
189 176
189 186
189 196
189 206
191 216
191 226
192 20
193 158
193 236
195 246
197 142
197 256
197 275
201 124
202 21
203 112
205 100
205 262
207 275
209 88
212 24
215 78
215 264
220 273
222 28
224 83
225 264
226 93
228 103
230 34
234 111
236 42
241 51
243 61
244 115
251 49
254 113
259 41
262 105
265 70
265 80
267 90
269 38
275 69
279 38
285 73
289 40
294 78
297 46
302 84
303 54
305 64
309 92
311 72
317 80
319 95
