162 48
162 58
162 68
164 38
164 78
166 88
168 268
170 30
172 96
174 106
174 116
176 126
176 274
177 136
177 263
178 146
179 25
180 156
180 166
180 248
182 176
182 186
182 196
182 206
182 216
182 226
182 236
186 275
189 22
191 252
192 262
193 124
193 134
193 144
193 154
193 164
193 174
193 202
193 212
193 222
193 232
193 242
195 184
199 20
202 266
203 130
206 140
206 252
208 150
208 160
208 170
208 180
208 190
208 200
208 210
208 220
208 230
208 240
208 274
209 22
218 273
219 26
219 174
219 184
219 194
219 204
219 214
219 224
219 234
219 244
219 254
221 146
221 156
223 132
227 32
229 120
232 41
233 51
234 111
235 61
237 71
237 81
237 91
237 101
