24 237
29 246
32 229
36 254
42 229
44 260
51 224
53 265
61 220
62 270
69 214
69 278
74 287
74 297
78 209
79 306
79 316
84 325
84 335
85 201
89 344
89 354
89 364
91 374
93 194
94 384
99 393
100 186
104 402
109 411
110 181
114 420
118 174
120 428
125 437
127 169
132 445
135 161
137 454
144 462
145 156
152 469
155 151
159 477
159 592
159 602
164 611
165 149
167 484
167 584
172 574
174 492
174 615
175 152
175 162
175 172
175 195
180 181
180 204
182 569
182 609
184 495
185 213
187 599
190 222
190 503
190 585
192 564
198 229
198 510
200 580
202 564
207 234
208 510
209 575
211 559
215 240
217 515
219 572
220 249
220 554
225 258
227 519
229 549
229 570
233 265
237 275
237 520
237 564
239 547
245 282
246 525
247 559
249 544
249 647
249 657
255 284
256 528
257 554
257 664
258 539
259 637
263 290
267 550
267 659
269 627
270 645
272 295
274 617
276 545
278 638
282 299
284 607
285 625
286 545
291 304
292 599
293 618
295 540
298 608
300 309
300 591
305 542
308 584
308 603
309 314
314 547
315 576
315 595
318 319
323 569
324 550
324 590
328 320
330 580
337 325
340 575
345 332
345 565
350 530
350 540
350 550
354 337
360 525
364 341
369 520
373 346
377 514
383 350
385 505
393 354
394 500
402 359
403 495
411 364
412 490
420 369
421 485
429 374
431 485
437 380
441 485
447 384
450 480
456 389
460 480
465 394
469 475
474 399
478 470
483 404
488 470
493 405
498 470
503 409
508 470
513 410
518 470
523 414
528 470
533 414
538 470
543 414
548 470
553 414
557 475
563 415
567 475
573 419
577 479
583 419
586 484
593 419
596 485
603 419
606 488
613 419
616 490
622 424
625 495
632 424
635 495
641 429
644 500
651 429
654 500
661 429
664 500
671 429
673 505
680 434
683 505
690 434
692 510
700 434
702 510
710 434
711 515
720 434
721 518
729 439
731 520
739 441
741 520
749 444
751 520
759 446
761 520
765 454
770 515
775 457
779 510
784 462
785 500
790 470
792 480
793 493
