164 46
164 56
164 66
164 76
166 36
167 86
170 96
172 266
174 28
174 106
176 116
176 126
178 136
178 146
178 274
180 156
180 166
180 258
182 176
182 186
182 196
182 206
182 216
182 226
182 236
182 246
184 24
188 275
193 132
193 142
193 152
193 162
193 172
193 182
193 192
193 202
193 212
193 222
193 232
193 242
193 252
193 262
194 20
203 129
204 20
204 268
208 138
208 148
208 158
208 168
208 178
208 188
208 198
208 208
208 218
208 228
208 238
208 248
208 258
212 275
214 24
219 174
219 184
219 194
219 204
219 214
219 224
219 234
219 244
219 254
220 264
221 150
221 160
223 29
223 122
223 132
228 113
231 36
233 46
233 102
235 56
235 66
235 76
235 86
