24 127
24 137
34 124
34 140
43 119
44 140
52 114
54 140
62 109
64 140
70 101
74 140
75 91
83 145
85 89
89 153
89 163
89 173
89 183
89 193
89 203
94 82
94 212
99 221
99 231
104 77
104 240
107 250
114 74
115 257
122 265
124 72
132 269
134 74
134 279
139 288
143 79
144 297
149 306
152 84
154 315
157 325
161 89
162 334
164 344
166 354
171 89
174 360
177 370
179 96
179 522
182 379
183 106
185 530
187 514
188 115
189 387
195 123
195 530
197 514
199 390
203 130
205 398
205 530
207 514
212 135
215 402
215 530
217 514
219 412
220 142
224 152
225 530
226 509
227 419
234 156
234 427
235 514
235 530
244 159
244 430
245 511
245 530
253 164
253 435
253 504
255 530
260 496
262 169
263 435
264 482
265 179
265 530
270 495
272 440
272 474
272 505
274 462
275 179
275 530
278 488
279 452
280 512
282 439
283 185
285 480
285 530
290 465
290 514
292 190
295 530
298 458
299 509
302 194
304 450
305 530
309 202
309 511
310 440
315 530
317 209
318 433
318 516
320 420
324 217
325 524
329 415
334 221
338 410
340 229
348 235
348 408
355 243
355 400
360 252
365 400
367 260
375 402
377 264
385 405
386 269
395 274
395 407
399 417
400 283
408 290
409 420
415 298
418 425
425 302
427 430
433 309
437 430
442 314
447 430
450 320
455 329
457 430
463 335
466 435
472 340
475 440
477 349
484 445
486 354
487 455
495 359
495 462
502 470
503 365
510 373
510 477
515 430
517 440
519 482
520 374
520 395
524 425
525 404
527 444
529 485
530 377
530 433
530 454
532 495
533 410
535 400
538 384
538 460
540 437
540 502
542 415
545 402
545 468
547 389
547 510
550 422
550 440
550 477
555 405
556 394
556 515
558 429
558 484
559 445
564 410
564 521
565 399
565 437
565 492
567 420
568 450
574 442
574 497
574 525
575 402
575 412
575 458
575 507
577 424
580 516
584 446
585 456
