66 118
66 128
70 108
75 99
76 131
80 90
86 82
86 127
94 74
96 129
102 66
106 131
110 58
116 127
118 50
126 42
126 123
134 36
136 121
143 31
144 115
152 26
154 113
160 121
160 131
160 141
160 151
160 184
160 194
162 22
162 161
162 171
162 204
164 214
164 224
166 234
168 244
170 254
170 264
172 20
173 274
181 176
181 186
181 196
181 206
182 20
183 166
183 216
183 275
184 226
185 236
187 150
187 246
189 256
191 134
192 20
193 275
195 110
195 120
197 96
197 262
202 22
203 88
203 275
207 262
211 80
212 24
213 273
218 264
221 77
222 28
226 86
228 96
230 34
231 106
237 42
239 113
242 51
245 61
249 115
253 53
259 45
259 113
267 106
268 40
270 73
271 83
271 96
276 65
278 38
285 70
288 38
294 75
298 41
304 78
306 47
311 56
312 84
315 66
320 91
322 74
328 82
330 95
