78 88
83 79
86 95
90 70
94 89
96 62
98 52
102 81
104 44
111 76
114 40
120 71
124 38
128 65
134 38
134 73
134 83
134 93
136 103
142 111
143 43
149 51
152 115
155 59
160 50
162 113
164 40
170 105
172 32
172 266
174 95
175 82
180 273
181 27
185 79
185 264
190 88
190 275
191 23
194 98
195 262
196 108
198 118
199 128
200 275
201 20
202 138
204 148
204 250
206 158
206 236
208 168
208 222
210 178
210 208
210 275
211 20
212 188
212 198
220 275
221 20
229 252
229 262
231 22
231 238
233 222
235 208
237 114
237 130
237 140
237 150
237 160
237 170
237 180
237 190
241 26
247 115
250 31
255 121
258 37
265 125
266 43
273 51
275 129
279 59
285 129
287 66
293 74
295 128
300 82
305 91
305 131
311 99
315 109
315 129
319 119
