29 357
29 367
29 377
29 387
29 397
29 407
35 415
39 347
45 415
49 344
54 410
59 342
64 410
67 334
73 405
74 322
80 395
84 319
89 302
90 395
94 282
94 292
100 390
104 281
108 291
110 385
114 299
120 385
123 294
130 385
132 289
137 279
139 380
145 271
148 375
153 264
158 375
159 227
159 237
159 247
168 373
169 224
177 230
178 368
182 239
188 365
192 234
198 363
202 229
204 355
212 224
214 355
222 219
223 350
227 209
233 350
234 197
242 345
244 194
252 344
253 189
254 557
254 567
254 577
254 587
260 595
262 184
262 340
264 547
268 588
269 172
272 340
274 537
278 583
279 157
279 167
279 348
279 358
279 368
279 378
282 529
287 385
288 580
289 147
289 395
289 405
289 415
289 425
292 435
292 524
294 97
294 107
294 117
294 127
294 137
294 445
294 455
294 465
297 475
297 514
297 575
299 485
299 495
302 89
304 72
306 570
309 62
314 42
314 52
316 573
324 39
324 580
330 570
334 39
335 555
339 565
340 47
340 57
345 66
348 570
350 75
350 85
350 470
350 480
350 490
350 500
350 510
355 94
355 104
355 430
355 440
355 450
355 460
355 519
355 529
357 575
360 113
360 123
360 133
360 143
360 153
360 380
360 390
360 400
360 410
360 420
365 529
366 580
370 157
370 335
370 345
370 355
370 365
370 375
370 538
375 166
376 583
378 545
380 335
381 174
382 555
384 590
387 564
389 181
389 340
390 574
392 584
395 189
398 345
405 189
408 345
413 195
418 204
418 345
427 209
427 350
435 215
437 354
440 224
447 355
450 227
457 235
457 355
462 364
467 239
471 369
472 229
477 219
481 370
487 219
491 370
494 227
495 237
495 247
495 257
499 267
500 375
507 274
509 380
514 282
519 380
522 289
529 380
531 294
538 385
541 290
544 277
547 390
554 276
557 390
560 284
560 294
560 304
560 314
566 395
568 320
570 330
574 401
578 336
584 405
588 340
594 405
597 345
600 413
607 349
610 359
610 369
610 379
610 389
610 399
610 409
