79 502
79 512
84 492
84 521
89 530
92 484
99 532
100 476
104 522
108 469
112 514
117 464
119 522
119 532
119 542
124 551
124 561
124 571
124 581
126 469
129 590
135 474
138 595
145 477
147 600
155 479
157 604
164 484
167 605
174 477
176 610
179 467
185 605
187 459
194 447
194 600
199 437
202 594
207 429
210 510
210 520
210 585
214 417
215 500
215 529
215 539
215 549
218 578
219 407
220 490
220 558
220 568
227 399
228 483
234 387
235 475
239 377
240 465
245 455
247 369
252 359
253 448
257 349
258 438
264 337
265 430
270 420
272 329
275 410
277 319
282 309
283 403
288 393
290 301
295 291
295 380
300 281
300 370
308 274
308 363
312 264
315 355
320 256
323 348
325 246
328 338
330 236
333 328
338 229
340 315
342 219
347 209
348 308
353 298
354 197
358 288
359 187
365 280
367 179
370 270
372 169
374 67
374 77
378 263
379 57
379 86
379 157
383 253
384 95
384 147
387 49
388 243
389 104
392 139
394 113
394 123
395 41
395 235
400 225
403 34
408 218
410 26
415 205
420 24
423 198
428 188
430 24
433 178
440 24
440 165
450 24
450 160
460 24
460 160
468 30
469 165
475 38
475 48
475 58
478 170
480 67
484 77
485 87
488 170
490 96
493 106
495 116
498 170
501 124
507 175
509 117
514 107
517 175
519 97
527 89
527 174
532 164
537 89
540 155
544 97
545 145
549 106
550 116
553 138
555 125
