7 17
8 27
13 36
14 9
20 44
24 7
30 48
34 10
39 53
43 15
49 57
52 20
57 63
60 26
66 68
69 31
75 73
78 36
84 78
86 42
94 82
95 47
102 88
104 52
110 95
112 58
120 96
121 63
129 101
130 68
138 74
139 105
145 82
148 110
153 88
157 115
163 89
166 120
172 94
175 125
181 99
185 129
190 104
194 134
199 109
203 139
208 114
212 144
217 119
221 149
226 124
230 154
234 130
239 159
243 135
247 165
252 140
257 169
261 145
266 174
269 151
275 179
278 156
283 185
287 161
293 189
296 166
302 194
305 171
311 199
313 177
320 204
322 182
329 209
331 187
339 193
339 208
