24 387
24 397
24 407
24 417
24 427
24 437
29 377
29 446
37 369
39 450
45 361
49 450
55 356
59 450
63 349
68 445
69 292
69 302
69 312
69 322
69 332
74 282
78 445
79 272
88 445
89 267
98 445
99 262
108 445
109 259
118 445
119 259
127 450
129 259
137 450
139 261
146 455
148 266
151 464
158 270
159 470
167 275
168 475
175 483
177 279
185 485
186 284
195 289
195 485
205 292
205 485
214 297
215 485
224 299
225 485
234 301
235 480
244 304
245 480
254 304
255 480
264 304
265 480
274 304
275 480
284 302
284 475
294 299
294 472
304 299
304 470
313 294
314 467
322 289
324 465
332 289
334 465
342 284
344 465
352 284
354 465
362 284
364 465
372 284
374 465
382 284
383 470
392 284
392 475
401 289
402 479
410 294
411 484
419 299
419 490
428 304
428 495
437 309
437 500
446 314
446 505
456 314
456 505
466 314
466 505
475 500
476 314
485 500
486 314
494 495
496 314
500 430
500 440
500 450
504 495
505 420
505 459
506 314
510 410
510 468
510 478
516 314
520 405
526 314
530 400
535 319
535 390
543 325
543 383
545 335
545 345
545 355
545 365
