354 1207
354 1217
354 1227
354 1237
354 1247
354 1257
359 1197
359 1266
359 1276
364 1187
364 1285
364 1295
367 1305
372 1179
372 1314
376 1324
381 1174
386 1328
389 1162
396 1330
397 1154
405 1146
405 1325
410 1136
415 1320
418 1129
422 1119
425 1320
431 1114
435 1315
439 1057
439 1067
439 1102
444 1037
444 1047
444 1076
444 1092
445 1315
449 1022
454 1007
455 1310
459 982
459 992
464 947
464 957
464 967
465 1310
472 939
475 1305
481 934
485 1305
490 929
494 1300
500 929
504 1297
510 926
514 1295
520 924
524 1295
529 919
530 1303
538 1310
539 919
545 1318
549 919
553 1325
559 919
560 1333
569 919
570 1337
579 919
579 1342
587 1349
588 924
596 1354
597 929
604 937
606 1358
612 944
615 1363
621 949
625 1365
630 954
635 1367
638 960
644 1372
645 968
654 1375
655 972
660 1383
664 977
670 1387
672 984
677 1395
682 984
686 1400
692 984
695 1405
702 984
704 1410
712 984
713 1415
722 984
722 1420
731 1415
732 984
740 1410
742 984
750 1405
752 984
760 1400
762 979
770 1395
772 979
780 1395
782 979
789 1390
792 974
799 1390
802 974
809 1387
812 974
819 1385
822 974
829 1385
832 974
839 1385
842 974
849 1385
852 974
859 1385
861 969
868 1380
871 969
878 1380
881 969
888 1380
890 964
898 1380
900 964
908 1380
910 964
918 1380
920 964
928 1380
930 964
938 1380
940 961
948 1380
950 959
958 1380
960 959
968 1380
970 959
978 1380
980 959
988 1380
990 959
998 1380
1000 959
1008 1380
1010 959
1018 1380
1020 959
1028 1380
1030 959
1038 1380
1040 959
1048 1380
1050 959
1058 1380
1060 959
1067 1375
1070 959
1077 1375
1080 959
1087 1375
1090 959
1097 1375
1100 959
1107 1375
1109 964
1117 1375
1119 966
1127 1375
1128 971
1135 979
1137 1379
1140 988
1146 1384
1148 994
1156 1388
1157 999
1165 1393
1167 999
1175 1397
1176 1004
1185 1009
1185 1400
1193 1015
1194 1405
1202 1020
1203 1410
1212 1024
1213 1410
1221 1029
1222 1415
1230 1034
1231 1420
1239 1039
1241 1420
1248 1044
1251 1423
1257 1049
1261 1425
1267 1049
1270 1430
1277 1049
1280 1430
1287 1049
1290 1430
1297 1049
1300 1430
1307 1049
1310 1430
1317 1049
1320 1430
1327 1049
1329 1425
1337 1049
1339 1422
1347 1049
1349 1420
1356 1044
1358 1415
1366 1040
1367 1410
1376 1039
1377 1410
1386 1035
1387 1409
1396 1034
1397 1405
1405 1255
1405 1265
1405 1275
1405 1285
1406 1034
1407 1405
1410 1245
1410 1294
1410 1304
1415 1313
1415 1323
1416 1030
1417 1405
1418 1238
1420 1332
1420 1342
1420 1352
1420 1362
1424 1372
1425 1230
1425 1382
1426 1029
1426 1400
1433 1223
1436 1029
1440 1215
1446 1029
1448 1208
1454 1036
1455 1200
1460 1044
1460 1054
1463 1193
1465 1063
1468 1183
1470 1072
1470 1165
1475 1081
1475 1091
1475 1155
1480 1100
1480 1110
1480 1120
1480 1130
1480 1140
