24 387
24 397
24 407
24 417
24 427
24 437
24 447
29 377
29 456
34 465
39 372
43 460
47 364
53 460
56 359
62 455
64 352
72 344
72 455
74 252
74 262
74 272
74 282
79 291
79 332
82 244
82 454
84 300
84 310
84 320
92 244
92 450
101 249
102 450
111 249
112 450
121 249
122 450
131 249
131 455
140 460
141 249
149 465
151 249
158 470
160 254
165 263
167 475
173 270
177 479
180 278
186 484
188 284
196 485
198 284
205 490
208 284
215 490
218 284
225 485
228 284
235 485
238 284
245 485
247 279
255 485
257 279
264 480
267 279
274 480
277 279
283 475
287 279
293 475
297 279
303 473
307 279
313 470
317 279
323 468
327 279
333 463
337 279
343 460
346 274
353 460
356 274
362 465
366 274
371 470
376 274
380 475
386 274
389 480
395 279
399 480
404 284
408 485
412 290
417 490
420 297
426 495
429 302
434 311
435 500
440 319
445 500
449 324
455 500
458 329
465 500
468 329
475 500
477 324
485 500
487 324
494 495
497 324
504 495
506 319
510 430
510 440
510 450
510 460
510 470
510 480
515 420
516 315
523 413
526 314
530 405
535 319
538 398
540 328
545 337
545 347
545 385
550 356
550 366
550 376
