139 142
139 152
144 132
144 161
149 170
152 124
158 175
161 119
168 175
170 114
178 175
179 107
187 99
187 170
189 42
189 52
189 62
189 72
189 82
194 32
196 165
204 29
206 165
214 29
216 165
224 29
225 160
233 24
234 165
243 24
243 170
252 175
253 24
262 179
263 24
269 187
273 24
279 190
282 29
288 195
291 34
298 195
299 41
305 49
308 195
315 49
318 195
324 54
328 195
334 54
338 195
344 54
348 195
354 54
358 195
363 49
368 195
373 49
378 195
383 49
388 193
393 49
398 190
402 44
408 188
412 44
418 185
421 39
428 185
431 39
438 185
441 35
448 185
451 34
458 185
461 34
468 185
470 29
478 185
480 29
487 190
489 34
496 195
497 40
505 47
505 200
514 52
514 205
520 213
522 59
528 220
529 67
537 74
538 220
547 74
548 220
557 74
557 215
566 69
567 215
576 69
577 215
585 64
587 215
594 59
597 214
603 54
605 155
607 210
610 145
610 164
613 54
615 173
617 209
620 140
620 182
620 192
622 49
628 133
631 54
638 128
640 59
645 68
645 120
653 75
654 115
657 85
663 110
665 92
670 101
