294 1217
294 1227
294 1237
294 1247
294 1257
299 1207
299 1266
299 1276
299 1286
299 1296
304 1197
304 1305
309 1314
311 1324
312 1189
319 1177
319 1330
327 1169
328 1335
334 1147
334 1157
338 1333
339 1137
347 1129
348 1330
352 1119
358 1330
362 1114
368 1330
370 1106
375 1096
377 1325
383 1089
387 1325
389 942
389 952
389 962
389 972
389 982
389 992
392 1084
394 1001
394 1011
394 1021
394 1031
394 1041
394 1051
394 1061
397 934
397 1325
399 1070
406 929
407 1325
416 929
417 1325
426 929
427 1325
436 929
437 1325
446 929
447 1325
456 929
457 1325
466 929
467 1324
476 929
477 1320
486 929
487 1320
496 929
497 1319
506 929
507 1315
516 929
517 1315
526 929
527 1319
534 1327
536 929
539 1336
546 929
546 1344
554 1350
555 934
560 1358
565 937
570 1362
574 942
577 1370
584 946
586 1375
590 954
594 1381
600 954
601 1389
609 959
611 1393
619 959
621 1395
628 964
631 1398
638 965
641 1400
647 970
650 1405
657 974
660 1407
664 982
669 1412
674 986
679 1415
680 994
688 1420
690 997
697 1005
697 1425
707 1009
707 1424
717 1009
717 1420
726 1415
727 1009
735 1410
737 1004
745 1405
747 1004
755 1400
757 1004
765 1400
767 1004
774 1395
777 1004
784 1392
786 999
794 1390
796 999
804 1390
806 999
814 1390
816 995
824 1387
826 994
834 1385
836 994
844 1385
846 994
853 1380
855 989
863 1378
865 989
873 1375
875 989
882 1370
885 989
892 1370
894 984
902 1369
904 984
912 1365
914 982
922 1365
924 979
932 1365
934 979
942 1365
944 977
952 1365
954 974
962 1364
963 969
972 1360
973 969
982 964
982 1359
992 964
992 1355
1001 959
1002 1355
1010 954
1012 1355
1020 954
1022 1355
1030 954
1032 1355
1039 949
1040 1362
1049 949
1049 1367
1059 949
1059 1370
1068 1375
1069 949
1077 1380
1079 949
1087 1380
1088 954
1096 1385
1098 954
1106 1388
1107 959
1116 964
1116 1390
1125 969
1125 1395
1135 972
1135 1397
1142 980
1144 1402
1150 987
1154 997
1154 1405
1162 1004
1163 1410
1171 1009
1172 1415
1179 1016
1182 1419
1185 1024
1191 1424
1195 1027
1201 1425
1204 1032
1211 1425
1214 1034
1221 1425
1223 1039
1231 1425
1232 1044
1241 1049
1241 1425
1251 1049
1251 1425
1261 1049
1261 1425
1271 1045
1271 1425
1281 1044
1281 1425
1290 1039
1291 1425
1300 1039
1301 1425
1310 1039
1311 1425
1319 1034
1321 1425
1329 1034
1331 1425
1338 1029
1341 1425
1345 1280
1345 1290
1345 1300
1348 1029
1350 1309
1351 1425
1353 1273
1355 1318
1357 1024
1359 1417
1360 1265
1360 1327
1360 1337
1365 1346
1365 1356
1365 1366
1365 1376
1365 1386
1365 1396
1365 1406
1367 1024
1368 1258
1375 1245
1377 1024
1383 1238
1387 1024
1390 1230
1397 1024
1398 1223
1403 1213
1404 1032
1408 1203
1410 1040
1410 1050
1412 1060
1415 1070
1415 1080
1415 1090
1415 1195
1420 1099
1423 1188
1425 1108
1425 1118
1428 1178
1430 1127
1430 1137
1430 1147
1430 1157
1430 1167
