24 392
24 402
24 412
29 382
29 421
29 431
36 439
39 377
44 445
49 372
53 440
54 362
59 352
63 440
67 344
73 440
74 297
74 307
74 317
74 327
79 287
83 440
84 277
93 440
94 272
103 440
104 269
113 440
114 269
123 440
124 267
133 440
134 264
142 445
144 264
150 452
154 264
157 460
164 264
167 464
174 264
176 469
183 269
184 475
190 277
193 480
198 284
203 480
207 289
213 480
214 297
223 480
224 301
232 475
234 304
242 475
244 304
252 475
254 304
262 474
264 304
272 470
274 302
282 470
284 299
292 470
294 297
301 465
304 294
311 465
313 289
321 465
323 289
331 465
333 289
341 465
343 289
351 465
353 289
361 465
363 289
371 465
373 289
381 465
383 289
391 468
393 289
400 473
403 290
408 480
412 295
415 488
420 302
425 492
428 309
432 500
438 310
442 500
448 314
452 500
458 314
462 500
468 314
472 499
477 319
482 494
487 319
492 489
497 319
502 485
507 319
510 440
510 450
510 460
512 484
515 430
515 469
517 319
525 425
527 319
530 415
535 405
537 319
540 329
540 395
545 338
545 385
550 347
553 378
554 357
555 367
