24 457
24 467
24 477
24 487
29 447
29 496
34 437
34 505
39 427
43 510
44 417
52 409
52 505
59 397
62 505
64 332
64 342
69 322
69 351
69 361
69 371
69 381
69 391
72 505
79 319
82 505
89 319
92 505
99 319
102 505
109 319
111 500
119 319
121 500
129 319
131 503
139 319
139 509
145 517
149 321
154 522
159 324
162 529
168 329
170 535
177 334
179 540
186 339
189 540
195 344
198 545
203 350
208 545
213 354
217 550
223 354
226 545
233 354
235 540
243 354
245 535
253 354
255 535
262 349
265 535
272 349
275 535
282 349
284 530
292 349
294 527
302 349
304 525
311 344
314 525
321 344
324 525
330 339
334 525
340 339
343 520
350 336
353 520
360 331
363 520
370 329
372 525
380 329
382 529
390 329
392 530
400 329
402 530
409 334
411 535
417 340
420 540
425 347
429 545
432 355
438 550
440 362
448 550
449 367
458 550
459 371
468 550
469 374
478 550
479 374
488 369
488 550
498 369
498 550
508 369
508 550
515 490
517 364
517 500
518 548
520 480
522 509
525 470
525 519
525 529
525 539
527 364
533 463
537 364
540 450
544 372
545 382
545 392
548 443
550 401
553 411
555 421
555 431
