329 1202
329 1212
329 1222
329 1232
329 1242
329 1252
329 1262
329 1272
329 1282
334 1192
334 1291
339 1300
339 1310
342 1184
342 1320
350 1176
350 1327
358 1169
360 1330
365 1161
370 1330
373 1154
380 1330
382 1149
387 1139
390 1325
395 1131
400 1325
403 1124
410 1116
410 1325
418 1109
419 1320
427 1104
429 1320
435 1096
439 977
439 987
439 997
439 1007
439 1017
439 1027
439 1037
439 1047
439 1057
439 1067
439 1077
439 1320
444 957
444 967
449 947
449 1317
454 937
459 1312
462 929
469 1310
470 921
479 1310
480 919
489 1310
490 919
498 1305
500 919
508 1303
510 919
518 1300
520 919
528 1300
530 919
538 1300
540 919
548 1300
550 919
557 1305
560 919
562 1314
570 919
571 1319
580 919
581 1323
590 919
590 1328
598 1335
600 919
607 1340
610 922
615 1347
620 924
624 1352
630 924
632 1359
639 929
640 1365
648 934
649 1370
657 939
659 1370
664 947
668 1375
672 954
675 1383
679 962
685 1387
687 969
694 977
694 1392
700 985
704 1395
705 994
714 999
714 1395
723 1400
724 999
733 1400
734 999
743 1400
744 999
752 1405
754 999
762 1405
764 999
772 1405
774 999
782 1405
784 997
792 1405
794 994
802 1405
804 994
812 1405
813 989
821 1400
823 989
831 1400
832 984
840 1395
841 979
850 1395
851 979
860 974
860 1390
870 974
870 1385
880 974
880 1385
889 969
890 1380
899 969
900 1380
909 969
910 1380
919 969
920 1380
929 969
929 1375
939 969
939 1372
949 969
949 1370
958 964
959 1370
968 964
968 1365
978 964
978 1365
987 1360
988 964
997 1360
998 964
1007 1359
1008 964
1017 1355
1018 964
1026 1350
1028 964
1036 1350
1038 964
1046 1350
1048 964
1055 1345
1058 964
1065 1345
1068 964
1075 1345
1078 964
1085 1345
1088 964
1095 1345
1098 964
1104 1350
1108 964
1110 1358
1117 969
1118 1365
1125 1373
1127 969
1135 1377
1136 974
1142 1385
1146 974
1152 1389
1155 979
1160 1395
1165 982
1169 1400
1174 987
1178 1405
1182 994
1187 1410
1191 999
1197 1410
1200 1004
1206 1415
1208 1010
1215 1018
1216 1418
1223 1024
1226 1420
1232 1029
1235 1425
1241 1034
1245 1425
1250 1039
1254 1430
1260 1039
1264 1430
1270 1039
1274 1430
1280 1039
1284 1430
1290 1039
1294 1430
1300 1039
1304 1430
1310 1039
1314 1430
1320 1039
1324 1430
1330 1039
1334 1430
1340 1039
1344 1430
1350 1039
1354 1430
1360 1039
1364 1430
1370 1039
1374 1430
1380 1039
1383 1425
1385 1245
1385 1255
1385 1265
1385 1275
1385 1285
1385 1295
1385 1305
1390 1039
1390 1235
1390 1314
1390 1324
1392 1420
1395 1333
1395 1343
1398 1228
1400 1039
1400 1352
1400 1362
1401 1415
1403 1218
1405 1371
1409 1407
1410 1042
1410 1210
1411 1379
1415 1395
1419 1047
1419 1205
1427 1199
1429 1051
1435 1190
1438 1056
1440 1180
1443 1065
1445 1165
1447 1075
1450 1085
1450 1140
1450 1150
1455 1094
1455 1104
1455 1114
1455 1124
