409 512
409 522
409 532
409 542
409 552
409 562
414 571
417 504
421 579
426 499
431 580
436 495
441 580
446 490
451 580
456 485
461 580
464 477
471 580
472 469
480 575
481 464
490 459
490 575
499 307
499 317
499 327
499 452
500 575
504 336
507 299
507 444
509 345
510 575
514 354
516 294
516 364
517 439
519 374
520 575
521 384
526 294
526 393
526 434
530 575
534 400
534 427
536 294
539 409
540 575
546 294
550 575
556 294
560 575
566 294
570 575
576 294
580 575
586 294
590 575
596 294
599 580
606 294
609 580
616 294
618 585
626 294
628 585
636 294
638 585
646 294
647 590
656 294
656 595
664 601
665 289
674 605
675 289
683 610
685 289
692 615
695 289
701 620
705 289
711 623
715 289
721 625
724 294
730 630
734 296
739 635
743 301
749 635
753 305
759 635
762 310
769 635
770 317
779 322
779 635
789 326
789 635
798 331
799 635
808 335
809 635
817 340
819 635
827 344
829 635
837 344
839 635
847 344
849 635
857 344
859 635
867 344
869 635
877 344
879 635
886 339
888 630
896 339
898 628
906 339
908 625
916 339
918 623
926 335
928 620
936 334
938 620
946 334
948 620
956 334
958 620
966 330
968 620
976 329
978 620
986 329
988 620
996 329
998 620
1005 324
1008 620
1015 324
1018 620
1025 324
1028 620
1035 324
1038 620
1045 324
1048 620
1054 319
1058 620
1064 319
1068 620
1073 314
1078 620
1083 314
1088 620
1093 314
1098 620
1103 314
1107 625
1112 309
1117 625
1122 309
1126 630
1132 309
1136 630
1142 309
1144 636
1151 314
1154 640
1159 321
1160 648
1165 329
1168 655
1175 332
1175 663
1184 337
1185 667
1192 675
1194 341
1202 679
1203 346
1211 684
1213 350
1221 685
1222 355
1230 362
1231 685
1240 364
1240 680
1250 367
1250 680
1259 372
1260 680
1269 376
1270 680
1279 379
1280 680
1289 379
1290 680
1298 374
1300 680
1307 369
1310 680
1317 369
1320 680
1326 364
1330 680
1336 360
1340 680
1346 359
1350 680
1356 355
1360 675
1365 555
1366 350
1367 565
1370 675
1373 548
1375 572
1376 349
1379 582
1380 540
1380 675
1384 591
1385 601
1386 349
1388 533
1390 610
1390 675
1395 344
1395 525
1395 619
1399 670
1400 628
1403 518
1405 341
1405 637
1409 667
1410 510
1410 646
1414 657
1415 339
1418 503
1424 334
1425 495
1433 488
1434 334
1440 480
1444 336
1448 346
1448 473
1453 463
1455 354
1460 363
1460 455
1465 372
1468 448
1472 380
1475 435
1477 389
1480 399
1480 425
1485 408
