24 227
24 237
24 247
24 257
29 217
29 266
36 274
37 209
42 199
46 278
47 189
55 181
56 280
63 174
66 283
73 174
76 285
82 169
86 288
92 169
95 293
100 161
105 151
105 297
109 132
114 117
114 302
119 107
119 311
124 97
129 315
132 89
134 392
134 402
138 320
139 77
142 384
142 409
145 328
149 72
151 379
152 410
153 335
159 69
159 343
159 372
160 160
160 170
162 410
164 352
164 362
167 75
168 153
170 85
170 95
170 174
172 410
173 143
175 104
175 114
175 124
179 169
182 410
189 169
192 410
199 169
202 410
209 169
212 410
218 164
222 409
228 164
232 405
238 164
242 405
247 159
252 405
257 159
259 132
259 142
259 413
260 423
264 92
264 102
264 112
264 122
264 433
265 443
274 89
275 445
284 89
285 445
294 89
295 445
303 94
305 445
313 94
315 445
320 405
323 95
325 105
325 115
325 125
325 135
325 145
325 414
325 424
325 434
327 155
330 400
337 159
340 400
346 164
350 400
354 171
360 400
363 176
370 400
373 180
380 188
380 400
389 395
390 192
395 380
397 200
403 373
405 207
409 217
413 370
417 224
423 370
424 232
430 240
432 250
433 368
435 290
435 300
435 310
437 259
440 269
440 279
440 319
443 365
450 322
452 359
457 330
460 340
460 350
