19 292
25 300
29 287
35 302
37 279
45 305
47 274
55 305
57 269
65 305
67 269
75 307
77 264
85 310
87 264
95 310
97 259
105 310
107 259
115 310
117 259
125 310
127 259
135 310
137 259
145 310
147 259
155 310
157 254
165 310
167 249
174 227
174 237
174 315
180 323
182 219
188 330
192 219
197 335
202 219
205 342
212 219
214 347
221 214
224 350
231 214
234 350
241 214
244 350
250 209
254 350
260 209
264 350
269 202
274 350
277 194
284 350
285 186
290 176
294 350
299 157
299 167
300 358
307 149
308 365
312 139
315 373
320 131
325 377
328 124
332 114
332 385
337 104
341 390
344 92
346 399
349 82
354 405
357 74
360 413
362 64
368 420
369 52
375 428
377 44
383 435
386 39
390 443
395 34
400 447
405 34
407 455
415 31
415 462
422 470
425 32
430 41
430 477
437 485
439 46
445 492
448 51
455 59
455 495
460 68
465 77
465 495
470 86
475 95
475 105
475 495
480 114
480 124
485 495
488 130
492 140
495 490
500 147
500 157
500 480
505 166
510 475
511 174
514 157
515 435
515 445
515 455
515 465
519 147
520 410
520 420
525 385
525 395
527 139
530 360
530 370
535 131
540 362
543 124
547 370
549 112
555 230
555 255
555 377
557 104
559 387
560 239
560 275
560 290
560 300
565 225
565 259
567 104
569 390
570 275
570 304
575 225
575 259
575 398
577 104
579 270
580 304
583 405
585 220
585 259
587 104
590 304
592 410
593 213
597 104
600 114
600 195
600 205
600 307
600 317
601 415
605 123
608 188
609 322
611 415
613 130
613 178
617 140
617 329
621 415
622 149
623 173
624 337
625 159
631 415
634 341
640 349
641 415
645 365
645 375
645 385
645 395
645 405
648 355
