289 552
289 562
289 572
289 582
289 592
294 507
294 517
294 527
294 537
294 601
299 497
299 610
299 620
304 482
305 628
309 472
313 635
314 462
319 452
322 640
327 444
332 640
335 436
341 645
345 431
351 645
353 424
360 416
361 648
368 409
371 650
375 401
380 391
381 650
388 384
390 645
392 374
399 650
400 366
408 359
408 655
415 351
418 655
423 344
428 655
430 336
438 329
438 653
445 645
447 324
453 638
455 316
460 630
463 309
465 620
472 304
473 613
480 605
482 299
490 291
490 605
499 600
499 807
499 817
500 286
504 826
507 799
509 600
509 835
509 845
510 281
514 762
514 772
514 782
514 854
514 864
516 874
518 274
519 600
519 727
519 737
519 747
519 884
519 894
524 712
525 902
527 269
528 605
529 692
529 702
532 910
534 667
534 677
537 269
537 610
537 919
539 620
539 630
539 640
539 650
541 929
546 264
546 938
554 945
555 259
557 955
565 256
565 962
574 967
575 254
582 974
585 251
591 979
593 244
599 232
601 983
607 224
609 990
615 216
618 995
623 209
627 1000
630 201
634 1008
639 1017
640 196
649 1020
650 191
654 1029
659 1038
660 186
664 1047
669 1056
670 184
676 1064
679 179
684 1070
689 179
693 1075
695 510
695 520
695 530
695 540
695 550
695 560
698 174
699 1083
700 460
700 470
700 480
700 490
700 500
700 569
700 579
700 589
704 1092
705 395
705 405
705 415
705 425
705 435
705 445
705 598
705 608
705 618
705 628
708 174
709 1377
709 1387
710 380
710 637
712 1099
714 1396
715 335
715 345
715 360
715 370
715 646
717 169
717 1369
720 655
721 1104
721 1404
722 665
723 328
725 1361
727 169
727 674
729 1110
729 1410
730 310
730 320
732 1120
733 1354
734 682
734 1130
735 300
735 1418
737 169
739 1139
739 1149
739 1187
739 1197
739 1207
739 1217
739 1227
739 1237
739 1247
739 1337
740 290
742 689
744 1158
744 1168
744 1178
745 1420
746 174
747 1254
747 1329
748 283
750 265
751 694
754 1262
754 1312
755 225
755 235
755 245
755 255
755 1420
756 174
759 1292
759 1302
760 205
760 215
761 694
762 1269
764 181
764 1279
765 1422
768 191
771 690
775 1425
779 682
784 1430
787 674
794 1430
795 666
803 659
803 1435
807 649
813 1435
814 637
822 629
823 1435
827 619
832 609
833 1435
839 597
843 1435
847 589
853 1435
857 584
862 1429
867 579
870 1315
870 1325
870 1335
870 1345
870 1355
870 1410
870 1420
875 1295
875 1305
875 1364
875 1395
877 574
880 1285
880 1373
880 1383
882 564
885 1255
885 1265
885 1275
887 554
890 1175
890 1185
890 1240
892 544
892 1195
895 1205
895 1215
895 1230
898 1168
900 536
908 529
908 1165
915 521
918 1165
923 514
928 1165
930 506
937 1160
938 499
945 491
947 1160
953 484
956 1155
960 476
965 1150
968 469
975 461
975 1150
983 454
984 1145
992 449
994 1142
1000 441
1004 1137
1010 439
1014 1132
1019 434
1024 1127
1028 429
1032 1119
1038 429
1040 1110
1048 429
1050 1105
1058 429
1059 1100
1067 1094
1068 429
1075 1085
1078 429
1085 1080
1088 429
1095 1080
1097 434
1103 1073
1106 439
1110 449
1110 1065
1118 455
1120 1060
1125 463
1130 472
1130 482
1130 1055
1134 492
1135 502
1139 512
1140 522
1140 1055
1144 532
1145 542
1145 552
1149 1050
1150 561
1150 571
1153 581
1159 1050
1163 584
1169 1050
1172 579
1174 1059
1176 1069
1179 1079
1179 1372
1179 1382
1179 1392
1182 574
1184 1088
1187 1364
1187 1399
1189 1097
1190 566
1194 1106
1195 556
1195 1356
1195 1405
1201 1114
1203 549
1205 1351
1205 1405
1207 539
1209 1120
1209 1177
1212 529
1214 1167
1214 1186
1215 1128
1215 1346
1215 1407
1219 517
1221 1194
1222 1159
1223 1135
1223 1339
1224 507
1225 1410
1227 1145
1229 1200
1230 1331
1232 499
1232 1210
1234 1317
1234 1415
1237 1219
1239 1229
1239 1239
1239 1249
1239 1259
1239 1269
1239 1279
1239 1289
1239 1299
1240 491
1244 1415
1250 486
1254 1415
1260 484
1263 1420
1269 479
1273 1420
1279 479
1282 1425
1289 479
1292 1425
1299 479
1302 1425
1307 485
1312 1425
1315 492
1321 1420
1324 497
1331 1420
1332 504
1339 512
1340 1415
1345 520
1350 529
1350 1310
1350 1320
1350 1415
1352 1330
1355 538
1355 548
1355 1285
1355 1295
1357 1339
1358 1408
1360 557
1360 567
1360 1275
1360 1349
1365 576
1365 586
1365 1260
1365 1358
1365 1400
1370 595
1370 1250
1370 1367
1373 1393
1374 1377
1375 604
1375 614
1375 1240
1380 623
1380 633
1380 1180
1382 1190
1383 1233
1385 642
1385 1160
1385 1170
1385 1200
1385 1220
1389 652
1390 662
1390 1145
1390 1209
1394 672
1395 1135
1400 680
1400 1055
1400 1065
1400 1105
1400 1115
1400 1125
1405 689
1405 699
1405 1040
1405 1074
1405 1085
1405 1095
1410 708
1410 1030
1415 717
1415 1020
1419 727
1420 990
1420 1000
1420 1010
1424 736
1425 970
1425 980
1430 744
1430 945
1430 955
1435 930
1439 749
1440 900
1440 910
1440 920
1445 855
1445 865
1445 875
1445 885
1447 755
1454 850
1455 762
1460 858
1462 770
1465 867
1467 779
1469 877
1469 887
1470 789
1474 896
1474 906
1474 916
1474 1017
1474 1027
1474 1037
1474 1047
1474 1057
1478 795
1479 925
1479 935
1479 945
1479 955
1479 965
1479 975
1479 985
1479 995
1479 1005
1479 1066
1479 1076
1482 805
1484 1085
1490 812
1490 1093
1494 822
1494 1103
1494 1113
1494 1123
1494 1142
1494 1152
1494 1162
1494 1172
1494 1182
1495 832
1499 1132
1499 1191
1500 841
1503 851
1504 1200
1505 861
1507 1210
1510 870
1512 880
1515 890
1515 900
1515 1217
1517 910
1520 920
1520 930
1520 940
1520 950
1522 960
1522 1225
1525 970
1525 980
1527 990
1530 1000
1530 1010
1530 1020
1530 1030
1530 1232
1532 1040
1535 1050
1535 1060
1535 1070
1535 1080
1539 1237
1540 1089
1545 1098
1549 1240
1550 1107
1557 1115
1558 1245
1565 1122
1568 1245
1574 1127
1577 1250
1582 1134
1586 1245
1589 1142
1594 1151
1594 1237
1595 1161
1600 1170
1602 1180
1602 1229
1605 1215
1607 1189
1610 1199
