249 497
249 507
249 517
249 527
249 537
249 547
249 557
249 567
257 489
257 574
259 584
264 472
264 593
264 603
264 613
265 623
272 464
273 630
280 456
280 638
285 446
288 645
293 439
297 429
297 650
305 421
307 654
313 414
317 655
322 409
327 655
330 401
334 977
337 655
338 394
339 967
339 986
339 996
344 947
344 957
344 1005
344 1015
347 389
347 655
349 932
350 1023
354 862
354 872
354 882
354 892
354 902
354 912
354 922
357 384
357 655
358 1030
362 854
365 1038
367 379
367 655
367 844
369 767
369 777
374 757
374 786
374 1072
374 1082
374 1092
374 1102
375 836
375 1042
377 374
377 654
379 1052
379 1062
379 1111
379 1121
381 794
382 749
383 829
384 1130
386 369
387 650
389 737
389 800
390 1138
392 824
394 809
395 364
397 649
397 729
398 1145
402 719
404 359
405 640
405 1153
410 630
410 711
413 354
414 692
415 1157
418 623
419 682
420 346
422 1165
424 672
425 615
428 339
429 662
429 1173
430 1183
434 610
434 1193
435 331
437 654
439 317
439 1202
442 644
443 615
444 625
444 1211
447 309
449 1220
455 301
455 1228
460 291
463 1235
468 284
470 1243
477 279
478 1250
484 267
488 1250
492 259
497 1255
500 251
507 1255
509 1557
510 249
514 1547
514 1566
517 1255
519 1575
519 1585
520 246
522 1539
522 1595
524 1263
525 1273
528 239
530 1531
530 1602
533 1280
535 231
537 1610
540 1288
540 1529
545 229
547 1610
550 1292
550 1529
555 226
556 1615
559 1524
560 1295
563 219
566 1615
569 1300
569 1524
570 211
575 201
576 1615
578 1519
579 1300
583 194
585 1620
587 1514
589 1300
590 186
595 1620
597 1509
598 179
599 1300
605 1620
606 1504
607 174
609 1300
614 1497
615 1622
617 174
619 1297
622 1630
624 1492
626 169
629 1295
630 1637
632 1484
636 169
639 1295
639 1642
640 1476
646 169
647 1649
648 1469
649 1295
654 1304
655 1461
655 1655
656 169
659 1313
660 1323
663 1454
664 1333
664 1357
664 1367
664 1377
665 1343
665 1657
666 169
667 1444
669 1386
669 1396
669 1406
669 1416
669 1426
675 174
675 1660
685 177
685 1660
694 182
695 1660
702 189
705 1660
709 197
715 205
715 1660
717 215
722 224
725 234
725 244
725 254
725 695
725 705
725 1660
727 715
730 263
730 725
730 735
733 688
734 1655
735 744
738 269
740 680
744 1655
745 744
747 274
750 675
753 1650
754 282
755 665
755 741
760 290
760 300
762 310
763 658
763 1650
765 625
765 635
765 645
765 736
770 317
770 610
772 1645
773 729
778 324
778 603
780 721
782 1645
783 593
785 711
788 325
788 583
790 701
792 1644
795 333
795 520
795 530
795 570
795 691
800 342
800 360
800 370
800 380
800 390
800 450
800 460
800 505
800 539
800 560
800 681
802 400
802 470
802 1639
805 420
805 430
805 440
805 548
805 1340
805 1350
805 1360
805 1380
805 1390
805 1400
805 1410
807 409
807 479
807 1370
807 1420
808 498
808 674
810 1280
810 1290
810 1300
810 1310
810 1320
810 1330
810 1430
810 1440
810 1450
810 1460
810 1470
810 1480
812 664
812 1490
812 1634
815 1255
815 1265
815 1500
819 652
820 1240
820 1509
820 1519
822 1629
825 1528
827 644
828 1233
830 1537
830 1620
832 634
834 1547
835 1557
835 1567
835 1577
838 1230
838 1613
839 622
840 1586
844 612
845 1595
847 1235
848 1608
852 604
857 594
857 1239
859 582
864 562
864 572
867 1240
872 554
874 542
876 1245
882 534
885 1250
889 522
894 1255
897 514
903 1260
904 502
912 494
912 1265
920 486
922 1269
928 479
932 1270
935 471
942 1274
943 464
952 459
952 1275
960 451
962 1279
970 446
972 1280
980 444
982 1280
990 441
991 1285
1000 436
1001 1285
1004 1542
1009 1532
1009 1551
1009 1561
1009 1571
1010 434
1011 1285
1016 1579
1017 1524
1020 434
1021 1285
1026 1519
1026 1583
1030 434
1030 1290
1034 1512
1034 1590
1040 437
1040 1290
1040 1598
1042 1504
1048 1605
1050 439
1050 1290
1050 1496
1058 1489
1058 1605
1060 442
1060 1290
1065 1481
1068 449
1068 1605
1070 1285
1073 1474
1077 454
1078 1605
1079 1462
1080 1285
1086 459
1087 1454
1088 1605
1090 1280
1092 1444
1096 459
1098 1605
1099 1432
1100 1280
1104 466
1104 1422
1108 1605
1109 1407
1110 474
1110 1282
1114 1292
1114 1302
1114 1312
1114 1322
1114 1332
1114 1362
1114 1372
1114 1382
1114 1392
1115 483
1118 1605
1119 1341
1119 1351
1120 492
1120 502
1127 510
1127 1610
1132 519
1135 529
1137 1614
1140 650
1140 660
1143 535
1145 545
1145 630
1145 640
1145 669
1145 1620
1147 555
1150 565
1150 575
1150 585
1150 595
1150 605
1150 615
1150 678
1154 1625
1160 679
1164 1625
1169 672
1174 1625
1177 664
1184 1625
1185 656
1190 646
1194 1625
1198 639
1204 627
1204 1625
1212 619
1214 1625
1220 611
1224 1625
1228 604
1233 1620
1237 599
1243 1620
1246 594
1253 1618
1255 589
1263 1615
1264 582
1272 574
1273 1615
1281 569
1282 1610
1290 1365
1290 1375
1290 1385
1290 1395
1290 1405
1290 1415
1290 1425
1290 1435
1290 1445
1290 1455
1291 569
1292 1465
1292 1609
1295 1345
1295 1355
1297 1474
1300 1330
1300 1484
1301 565
1302 1605
1305 1320
1305 1493
1305 1503
1310 1310
1310 1512
1311 564
1311 1600
1314 1522
1315 1300
1315 1532
1315 1575
1315 1585
1320 1541
1320 1551
1320 1561
1321 564
1323 1293
1328 1283
1330 569
1335 1270
1338 575
1343 1263
1347 580
1350 1250
1355 587
1358 1243
1359 597
1365 1235
1367 604
1373 1228
1374 612
1379 621
1380 1220
1383 631
1385 1210
1390 639
1393 1203
1395 648
1400 1190
1403 655
1408 1183
1410 663
1415 672
1415 1175
1420 681
1423 1168
1425 690
1428 1158
1430 699
1435 708
1435 1150
1440 717
1440 1140
1445 726
1448 1133
1450 735
1452 745
1453 1123
1458 1113
1460 752
1460 762
1463 1103
1464 1312
1464 1322
1464 1332
1464 1342
1467 770
1469 1297
1469 1351
1469 1361
1472 779
1473 1100
1474 1277
1474 1287
1475 789
1476 1369
1480 798
1481 1378
1482 1105
1482 1269
1484 1115
1484 1125
1484 1135
1484 1145
1485 1388
1487 1155
1487 1259
1488 805
1489 1165
1489 1175
1492 815
1492 1185
1492 1249
1493 1395
1494 1195
1494 1205
1494 1215
1494 1225
1494 1235
1494 1405
1500 822
1500 1413
1504 832
1508 1420
1509 841
1510 851
1515 860
1517 1425
1520 869
1520 879
1525 888
1527 1425
1530 897
1530 907
1535 916
1535 1150
1535 1160
1535 1170
1535 1180
1535 1200
1537 1190
1537 1210
1537 1425
1540 925
1540 935
1540 945
1540 955
1540 965
1540 975
1540 995
1540 1025
1540 1035
1540 1045
1540 1055
1540 1065
1540 1075
1540 1090
1540 1100
1540 1110
1540 1120
1540 1130
1540 1140
1540 1220
1540 1230
1540 1240
1540 1250
1542 985
1542 1005
1542 1260
1545 1015
1546 1420
1550 1267
1555 1415
1557 1275
1563 1408
1565 1282
1568 1398
1569 1292
1570 1360
1570 1370
1570 1380
1574 1301
1575 1311
1575 1321
1575 1331
1575 1341
1575 1351
