204 422
204 432
204 442
209 412
209 451
209 487
214 402
214 460
214 470
214 496
219 392
221 504
227 384
229 510
232 374
235 518
240 366
245 520
248 359
254 525
255 351
260 533
265 349
268 540
274 344
278 540
284 342
288 540
294 337
298 538
304 334
304 572
304 582
304 592
304 602
304 612
305 530
309 557
309 621
314 334
314 525
314 547
314 630
314 640
319 534
319 649
323 329
324 658
329 667
333 329
337 674
342 324
347 675
352 319
354 267
357 679
359 232
359 242
359 252
359 276
359 286
362 314
366 294
366 684
367 224
369 304
374 690
375 216
383 695
385 211
390 201
392 700
398 194
402 704
407 189
412 705
417 189
420 712
427 184
430 715
434 1492
434 1502
434 1512
436 179
439 720
439 1477
439 1521
444 1530
445 174
447 1469
449 720
450 1538
455 174
457 1464
458 725
458 1545
465 174
465 1456
467 1550
468 725
473 1449
475 174
477 1554
478 725
482 1444
484 179
485 733
487 1555
491 1439
492 185
493 740
494 750
494 760
494 770
495 1562
499 779
501 789
501 1439
502 189
504 1567
509 795
510 1444
511 184
514 1570
515 803
520 1444
521 180
523 810
523 1575
527 820
530 1444
531 179
532 829
532 1580
539 837
540 1444
541 179
542 1580
547 844
550 174
550 1444
551 1585
554 852
559 179
559 1449
561 1585
562 859
567 185
569 867
569 1449
570 1580
575 192
577 874
579 1447
580 1575
584 882
585 191
589 1444
590 1575
592 889
595 186
599 897
599 1444
600 1575
605 184
609 900
609 1442
610 1575
614 179
614 1422
614 1432
615 908
619 1397
619 1407
620 1570
624 179
624 1372
624 1382
625 910
629 1362
630 1570
634 181
634 915
634 1352
640 1570
642 1344
643 920
644 184
647 1334
648 1563
650 928
652 1324
653 189
654 1312
658 935
658 1558
660 290
660 300
662 194
662 1304
665 280
665 309
665 943
668 1555
669 202
669 1292
670 318
670 328
673 273
673 950
674 211
674 1052
674 1062
674 1072
675 260
675 337
675 347
677 960
677 1284
677 1549
678 221
679 1081
680 231
680 250
680 356
680 366
680 376
680 420
680 430
680 1495
680 1505
680 1515
680 1525
680 1535
682 440
682 1044
682 1274
685 240
685 385
685 967
685 1485
686 1089
687 1264
688 413
689 1252
690 394
690 447
690 610
690 620
690 630
690 1036
690 1475
691 1098
692 640
692 975
694 457
694 1242
695 1108
695 1465
698 603
699 1118
699 1232
700 465
700 560
700 570
700 647
700 1031
700 1455
701 980
704 1127
705 474
705 540
705 550
705 579
705 589
705 1445
707 1224
708 1024
709 986
710 483
710 493
710 503
710 513
710 523
710 649
710 1435
712 1134
712 1214
714 1202
715 1420
716 994
717 1019
719 1004
720 649
720 1410
722 1135
722 1194
724 1182
725 1400
729 644
729 1172
730 1385
732 1135
734 1152
734 1162
735 1375
739 644
739 1143
740 1365
745 1355
749 644
750 1345
755 1330
759 442
759 452
759 644
760 1320
764 461
765 1310
767 434
769 642
770 1295
771 469
775 1285
776 429
779 475
779 639
780 1270
785 483
786 429
788 634
788 1263
793 1253
795 487
796 425
797 629
798 1243
803 1233
805 490
806 420
807 629
808 1223
813 1213
814 372
814 382
814 392
814 402
814 412
815 490
815 1185
815 1195
817 629
819 327
819 337
819 347
819 357
823 1178
824 312
825 490
825 621
829 297
833 614
833 1175
834 282
834 517
834 527
835 490
839 602
842 274
842 509
842 534
843 1175
845 490
847 264
847 594
849 542
852 504
852 584
852 1170
854 1552
854 1562
854 1572
855 256
857 549
857 574
859 559
861 1165
862 1544
862 1579
865 251
869 1587
870 1536
871 1165
873 244
877 1594
878 1529
880 1170
882 239
882 1519
885 1600
890 1172
890 1511
891 234
894 1605
898 1504
900 229
900 1175
903 1610
908 1504
909 1170
909 1618
910 226
914 1627
918 1504
919 1170
920 224
922 1634
925 1178
927 1499
930 221
930 1640
935 1180
936 1494
938 214
940 1640
944 1185
945 1489
948 214
949 1645
954 1185
955 1489
957 209
959 1645
963 1190
965 1486
967 204
969 1198
969 1208
969 1218
969 1645
970 1228
973 1479
974 1238
974 1248
975 1258
977 204
979 1268
979 1278
979 1467
979 1645
980 1288
984 1298
984 1308
985 1318
987 204
987 1459
988 1640
989 1328
989 1338
989 1348
989 1358
989 1368
994 1377
994 1387
994 1397
995 1451
997 204
998 1640
999 1406
999 1416
999 1426
999 1436
1007 204
1008 1638
1010 1155
1012 1165
1015 1145
1015 1630
1016 209
1017 1174
1020 1184
1023 1138
1025 1193
1025 1203
1025 1213
1025 1625
1026 209
1029 1130
1030 1222
1030 1232
1030 1242
1033 1618
1034 1252
1035 214
1035 1262
1035 1272
1039 1130
1040 1281
1040 1291
1040 1301
1040 1610
1045 217
1045 1310
1045 1320
1047 1330
1049 1130
1050 1340
1050 1605
1052 1350
1055 219
1058 1598
1059 1130
1060 1357
1060 1367
1060 1377
1060 1387
1060 1397
1060 1407
1063 1588
1064 1417
1065 222
1065 1055
1065 1427
1065 1437
1065 1447
1065 1457
1067 1065
1067 1124
1068 1578
1069 1467
1070 1477
1070 1487
1070 1497
1070 1507
1070 1517
1070 1555
1070 1565
1072 230
1072 1074
1074 1050
1075 1115
1075 1526
1075 1536
1075 1546
1079 1082
1080 1092
1080 1102
1082 234
1084 1050
1089 242
1094 1050
1097 249
1103 1055
1104 257
1112 264
1113 1053
1121 269
1123 1050
1124 1462
1124 1472
1124 1482
1124 1492
1129 276
1129 1501
1132 1454
1133 286
1133 1050
1134 1510
1137 1520
1140 294
1141 1449
1142 1055
1142 1529
1145 303
1145 425
1145 540
1145 550
1146 1539
1147 435
1147 560
1150 312
1150 395
1150 405
1150 415
1150 530
1150 1444
1151 1548
1152 444
1152 1055
1154 322
1155 332
1155 342
1155 375
1155 385
1155 567
1158 523
1159 452
1159 1439
1159 1555
1160 351
1160 361
1162 1055
1163 574
1165 460
1165 515
1165 1563
1168 1434
1170 469
1172 1054
1173 508
1173 574
1173 1570
1177 1429
1178 475
1180 490
1180 500
1182 1050
1183 574
1183 1570
1187 1424
1189 505
1189 515
1192 525
1192 569
1192 1050
1193 1568
1194 492
1197 1419
1199 533
1199 1407
1202 484
1202 569
1202 1049
1203 1563
1204 542
1207 1399
1209 1387
1210 1555
1211 479
1212 569
1212 1045
1214 545
1214 1372
1219 472
1219 1357
1220 1550
1222 564
1222 1045
1223 550
1224 1337
1224 1347
1227 464
1229 357
1229 367
1229 377
1229 387
1229 397
1229 1072
1229 1082
1229 1092
1229 1312
1229 1322
1230 1545
1232 454
1232 564
1232 1044
1233 550
1234 337
1234 347
1234 406
1234 416
1234 426
1234 436
1234 1101
1234 1297
1237 1064
1238 1538
1239 312
1239 322
1239 1282
1242 1040
1244 1105
1244 1267
1245 1530
1247 304
1247 1059
1249 1257
1252 1040
1253 1523
1254 1105
1254 1242
1257 299
1257 1054
1259 282
1259 1227
1260 1515
1264 272
1264 1105
1264 1212
1265 1385
1265 1395
1265 1405
1268 1508
1269 262
1269 1197
1270 1365
1270 1375
1270 1414
1274 1105
1274 1182
1275 1350
1275 1423
1275 1495
1277 254
1279 1167
1280 1325
1280 1335
1280 1432
1280 1485
1283 1110
1284 1147
1284 1157
1284 1442
1285 246
1285 1300
1285 1310
1285 1452
1285 1462
1285 1472
1289 1118
1289 1128
1289 1138
1290 1280
1290 1290
1293 239
1295 1265
1300 1250
1302 234
1305 1230
1305 1240
1310 1215
1311 229
1315 1200
1320 224
1320 1185
1325 1170
1329 219
1330 1155
1335 1145
1338 214
1343 1138
1348 214
1350 1130
1358 214
1358 1123
1367 209
1368 1120
1377 209
1377 1115
1387 209
1387 1115
1397 209
1397 1115
1406 214
1406 1110
1415 1105
1416 214
1425 219
1425 1107
1432 1115
1435 219
1442 1119
1444 1482
1444 1492
1444 1502
1444 1512
1444 1522
1444 1532
1445 222
1449 1541
1452 1120
1452 1474
1454 227
1456 1549
1460 1466
1462 1120
1464 231
1464 1555
1470 239
1470 1461
1472 1120
1473 1560
1478 245
1480 1459
1482 1124
1482 1565
1485 253
1490 262
1490 272
1490 1459
1490 1572
1492 1125
1497 280
1499 1452
1499 1577
1501 1120
1502 289
1505 299
1505 309
1505 895
1505 905
1507 1444
1509 1580
1510 318
1510 914
1511 1123
1513 888
1514 1133
1515 327
1515 923
1516 1439
1517 1574
1519 1142
1520 880
1522 335
1523 930
1524 1151
1524 1161
1524 1432
1527 344
1527 940
1527 1570
1528 873
1529 1170
1529 1180
1529 1190
1529 1200
1529 1210
1529 1220
1529 1230
1529 1240
1529 1250
1529 1260
1529 1270
1529 1280
1532 1290
1534 352
1534 1300
1534 1427
1535 362
1535 450
1535 460
1535 865
1535 947
1537 1310
1537 1570
1539 957
1539 1320
1539 1330
1539 1340
1539 1350
1539 1360
1540 371
1540 381
1540 430
1540 440
1540 469
1542 1419
1543 391
1543 858
1544 1369
1545 401
1545 411
1545 421
1545 478
1545 565
1545 575
1545 585
1546 1379
1546 1575
1547 964
1549 1389
1550 535
1550 545
1550 555
1550 594
1550 840
1550 850
1550 1411
1553 485
1554 1398
1555 603
1556 969
1556 1575
1558 833
1559 530
1560 493
1560 820
1563 610
1565 810
1566 969
1566 1575
1567 524
1568 500
1570 510
1570 618
1570 785
1570 795
1575 627
1576 969
1576 1575
1579 780
1582 635
1585 1045
1585 1055
1585 1065
1585 1075
1585 1085
1585 1095
1585 1105
1585 1115
1585 1125
1585 1135
1585 1570
1586 969
1587 644
1588 785
1590 1025
1590 1035
1590 1144
1590 1154
1593 1563
1594 652
1595 974
1595 1015
1595 1163
1598 785
1600 660
1600 995
1600 1005
1600 1172
1600 1182
1603 980
1603 1558
1605 669
1605 679
1605 1191
1607 790
1608 1201
1610 688
1610 1211
1610 1221
1610 1550
1614 1047
1614 1057
1614 1067
1614 1077
1614 1087
1614 1097
1614 1107
1614 1117
1614 1127
1615 797
1615 1230
1615 1240
1615 1250
1615 1260
1615 1270
1615 1280
1615 1290
1615 1300
1615 1310
1615 1320
1615 1330
1615 1340
1615 1350
1615 1360
1617 1370
1618 695
1619 1032
1619 1136
1620 1380
1620 1545
1622 1390
1624 802
1624 1145
1625 703
1625 1400
1627 1024
1627 1155
1629 1007
1629 1540
1630 712
1630 1409
1632 809
1635 1162
1635 1418
1635 1428
1637 720
1637 999
1637 1534
1640 1437
1641 814
1642 1170
1644 1447
1645 727
1645 991
1645 1520
1649 820
1649 1456
1650 736
1650 1466
1650 1500
1650 1510
1652 1170
1653 984
1655 828
1655 1485
1656 744
1656 1474
1661 1175
1662 979
1663 835
1664 751
1667 845
1668 761
1671 974
1671 1178
1672 854
1673 770
1679 862
1679 967
1680 778
1681 1180
1684 871
1684 881
1684 891
1684 901
1684 911
1684 921
1684 931
1684 952
1688 785
1689 940
1690 1175
1695 793
1700 1175
1703 800
1707 810
1710 1170
1715 817
1720 826
1720 1165
1723 836
1728 845
1730 1165
1732 855
1737 864
1738 1158
1740 874
1740 884
1745 893
1745 903
1745 1145
1750 912
1750 922
1750 932
1750 942
1750 952
1753 1138
1755 961
1758 971
1758 1128
1765 979
1765 989
1765 1115
1770 998
1770 1008
1770 1018
1770 1105
1775 1027
1775 1037
1775 1055
1775 1065
1775 1075
1775 1085
1775 1095
1780 1046
