239 387
239 397
239 407
239 417
239 427
239 437
239 447
244 372
247 454
249 362
254 352
254 462
259 342
264 465
267 334
274 465
275 326
280 473
283 319
284 612
284 622
284 632
284 642
284 692
284 702
284 712
284 722
284 732
289 587
289 597
289 651
289 667
289 677
289 741
289 751
290 475
292 314
294 572
294 760
294 802
294 812
294 822
294 832
294 842
297 770
299 480
299 552
299 562
299 780
299 790
299 851
299 861
300 306
304 237
304 247
304 870
307 544
309 227
309 256
309 266
309 276
309 480
310 304
310 878
312 534
316 284
317 219
317 524
318 485
319 294
320 882
324 197
324 207
324 892
324 902
325 516
327 490
329 187
329 911
329 921
333 509
334 498
334 930
337 179
337 940
345 171
345 947
349 957
353 164
354 966
359 975
363 164
364 984
364 1572
364 1582
369 1562
370 992
372 159
372 1589
377 1000
377 1554
379 1597
382 154
382 1544
387 1004
387 1534
389 1600
390 146
391 1014
392 1524
397 1514
398 139
399 1020
399 1600
405 1028
405 1506
407 134
409 1602
413 1035
413 1499
414 1045
416 129
419 1054
419 1597
420 1491
421 1064
426 129
426 1073
428 1484
429 1083
429 1592
434 1092
435 1476
436 129
439 1101
439 1590
443 1469
446 129
448 1585
449 1102
450 1461
455 134
455 1085
455 1451
457 1579
460 1441
464 1080
465 134
465 1570
468 1434
470 1088
472 1424
474 1565
475 131
475 1097
477 1414
479 1107
482 1404
483 1560
484 1116
485 129
487 1394
489 1125
492 1135
492 1384
492 1554
494 1145
495 129
499 1154
499 1372
500 1545
503 135
504 1163
504 1362
505 1535
509 1172
509 1352
510 143
510 1520
514 1181
514 1342
515 152
515 1500
515 1510
519 1327
522 160
523 1493
524 1185
527 1319
530 167
530 1485
532 1309
534 1185
537 1299
538 1478
540 169
540 1465
542 1289
543 1190
544 1200
544 1262
544 1272
545 1430
545 1440
545 1450
548 175
549 1242
549 1252
550 1208
550 1420
552 185
554 1218
554 1228
555 1410
557 194
560 1400
565 1390
566 199
569 1512
569 1522
573 1383
574 206
574 1531
575 216
575 226
575 236
577 1504
578 246
580 1375
581 1539
582 1494
585 1365
588 249
589 1545
590 1486
593 1358
598 250
598 1479
599 1542
600 1350
605 258
605 268
605 278
605 288
605 298
605 1471
608 1343
609 1540
613 304
615 1335
615 1469
619 1540
622 309
623 1328
624 1464
629 1540
632 309
633 1323
633 1459
638 1535
640 330
640 340
641 314
643 1320
643 1459
645 349
648 1535
653 355
653 1320
653 1459
655 365
655 380
655 390
655 400
657 1540
660 409
660 1451
662 1325
665 418
665 428
665 1441
666 1535
669 1333
670 437
670 1431
674 447
674 1342
674 1417
675 457
675 467
675 477
676 1535
679 487
679 1351
679 1361
679 1407
684 1370
684 1380
684 1390
686 1535
689 491
695 1530
699 494
705 1530
709 494
714 1525
719 494
723 1520
729 494
732 1514
738 489
740 1230
740 1500
742 1240
745 1250
745 1260
745 1270
745 1280
745 1290
745 1300
745 1310
747 484
748 1223
748 1493
750 1319
750 1329
750 1339
753 1483
755 476
755 1215
755 1348
755 1358
755 1470
760 1367
760 1455
763 469
763 1208
764 1377
765 1387
768 1198
768 1448
770 461
770 1396
773 1406
773 1438
775 1416
778 454
778 1193
780 1425
784 442
785 1185
792 434
795 1180
800 426
803 1173
808 419
808 1163
812 409
813 1153
818 1143
820 401
820 1130
825 391
829 377
829 1125
834 362
838 1130
839 342
839 352
844 332
847 1124
852 324
852 1114
857 1104
860 316
862 1094
865 306
870 1085
873 299
878 1078
882 294
888 1073
890 286
894 1457
894 1467
898 1070
900 281
902 1449
902 1474
907 1065
909 1437
910 279
912 1475
916 1060
917 1429
919 274
921 1480
924 1417
926 1060
929 274
930 1485
932 1409
935 1055
939 274
939 1480
940 1401
945 1055
948 269
949 1480
950 1396
954 1050
958 270
958 1475
960 1391
964 1047
968 274
968 1475
970 1389
974 1045
978 275
978 1475
980 1386
983 1040
987 280
988 1379
988 1473
992 1045
994 1347
994 1357
994 1367
995 1465
997 284
997 1054
999 1332
1001 1064
1003 1458
1006 289
1006 1073
1007 1324
1010 1450
1014 1080
1014 1312
1015 294
1017 1090
1018 1443
1022 1304
1024 299
1025 1097
1025 1430
1027 1294
1030 1420
1032 305
1032 1105
1032 1284
1037 1114
1038 1413
1039 1272
1040 312
1044 1122
1044 1262
1045 321
1045 1405
1051 329
1052 1129
1052 1254
1053 1398
1054 1242
1059 336
1060 1135
1060 1390
1062 1234
1064 1222
1065 344
1065 1380
1069 1140
1070 353
1070 1370
1072 1214
1075 1148
1075 1350
1075 1360
1077 1204
1078 360
1080 1340
1082 370
1082 1194
1083 1155
1084 1165
1084 1175
1085 380
1087 390
1088 1333
1090 400
1092 410
1095 1320
1100 417
1103 1313
1110 419
1110 1305
1115 1295
1120 419
1123 1288
1129 412
1130 1280
1134 402
1138 1273
1142 394
1145 1265
1150 386
1150 1010
1150 1020
1155 1029
1155 1039
1155 1260
1158 379
1159 1005
1160 1048
1160 1058
1163 1253
1165 371
1165 1067
1168 1010
1168 1243
1170 1076
1173 364
1173 1086
1174 1018
1175 1235
1178 1095
1179 1027
1182 359
1183 1228
1184 1036
1185 1103
1190 1112
1190 1220
1191 354
1191 1044
1197 1120
1198 1213
1199 1050
1200 349
1205 1127
1205 1205
1208 1055
1210 346
1212 1135
1213 1198
1215 1063
1220 344
1220 1142
1220 1185
1223 1070
1225 1165
1225 1175
1227 1150
1229 339
1230 1078
1238 1085
1239 341
1245 1093
1249 344
1255 1097
1259 344
1264 1102
1268 349
1272 1109
1278 349
1281 1114
1287 354
1291 1118
1294 362
1300 1123
1304 366
1308 1130
1310 374
1317 1135
1318 380
1325 388
1327 1139
1333 395
1334 1147
1339 1156
1340 403
1340 413
1345 422
1346 1164
1350 431
1351 1173
1353 441
1355 451
1355 1183
1358 461
1360 471
1360 481
1360 491
1360 501
1360 1192
1364 1202
1365 510
1365 520
1365 530
1365 540
1365 550
1367 560
1369 1211
1369 1221
1369 1231
1369 1241
1369 1251
1369 1282
1369 1292
1369 1302
1369 1312
1369 1322
1369 1332
1369 1342
1369 1352
1369 1362
1372 569
1374 1260
1374 1270
1374 1371
1374 1381
1375 579
1379 1390
1380 588
1380 598
1384 1399
1385 607
1390 616
1390 1407
1393 626
1398 635
1399 1412
1402 645
1405 905
1405 915
1405 925
1405 935
1405 945
1405 955
1405 965
1405 975
1405 985
1405 995
1407 1419
1410 652
1410 890
1410 1004
1410 1014
1410 1024
1410 1034
1411 1429
1415 875
1415 1043
1415 1053
1418 659
1419 1435
1420 860
1420 1062
1420 1072
1422 1445
1425 845
1427 664
1427 1080
1427 1454
1430 830
1430 1280
1430 1290
1430 1300
1430 1310
1431 1464
1432 1089
1435 815
1435 1099
1435 1270
1435 1319
1436 669
1439 1470
1440 800
1440 1260
1443 1105
1443 1325
1445 674
1445 780
1445 790
1445 1478
1448 1253
1449 927
1450 735
1450 745
1450 755
1450 765
1450 1333
1452 1110
1453 1243
1453 1485
1455 674
1455 935
1457 919
1458 1340
1459 730
1460 1117
1460 1230
1460 1370
1460 1493
1462 1380
1465 674
1465 935
1465 1220
1465 1348
1465 1358
1467 914
1468 1124
1468 1500
1469 730
1472 1384
1473 928
1473 1213
1474 679
1475 906
1477 1129
1477 1505
1478 1203
1479 730
1480 896
1480 920
1481 1389
1483 1193
1484 681
1484 1137
1485 886
1485 1180
1487 1509
1489 730
1490 920
1490 1145
1490 1155
1490 1165
1491 1389
1493 879
1494 684
1497 869
1497 1510
1499 730
1499 827
1499 837
1499 847
1499 857
1499 915
1499 1396
1503 689
1503 1406
1505 738
1506 1515
1507 819
1508 910
1510 1414
1512 694
1513 745
1515 811
1515 1423
1515 1510
1517 904
1519 753
1521 699
1523 804
1523 1430
1524 762
1525 1510
1527 794
1527 899
1529 706
1529 771
1529 781
1532 1435
1535 714
1535 890
1535 1505
1540 880
1540 1442
1540 1495
1543 720
1545 865
1545 1470
1545 1480
1547 1450
1550 728
1550 830
1550 840
1550 850
1550 1460
1555 737
1558 823
1560 746
1560 810
1563 756
1565 766
1565 776
1565 786
1565 796
