239 1072
239 1082
244 1042
244 1052
244 1062
244 1091
244 1101
249 1012
249 1022
249 1032
249 1110
249 1120
254 967
254 977
254 987
254 997
254 1129
254 1139
254 1149
256 1159
259 952
264 942
264 1165
267 1175
269 932
275 1182
277 924
279 902
279 912
282 1190
284 887
289 867
289 877
292 1190
297 859
301 1195
302 849
310 841
310 1190
315 831
320 1190
323 824
327 814
329 1185
335 806
339 1182
343 799
345 1170
350 791
353 1163
358 784
358 1153
363 1143
365 776
368 1133
373 769
375 1120
379 757
380 1110
384 747
384 1562
384 1572
384 1582
385 1100
389 1552
389 1591
392 739
394 1600
395 1100
397 1544
400 731
400 1608
404 1105
405 1536
408 724
409 577
409 587
409 597
409 702
409 712
409 1114
409 1512
409 1522
410 1610
414 557
414 567
414 606
414 692
414 1502
415 1122
419 477
419 487
419 615
419 682
419 1132
419 1267
419 1277
419 1287
419 1297
419 1307
419 1457
419 1467
419 1477
419 1487
420 1612
422 549
422 625
424 496
424 635
424 645
424 655
424 665
424 1141
424 1247
424 1257
424 1316
424 1326
424 1392
424 1402
424 1412
424 1422
424 1432
424 1442
427 469
427 539
429 527
429 1150
429 1160
429 1170
429 1180
429 1217
429 1227
429 1237
429 1335
429 1345
429 1377
429 1617
431 504
432 1190
432 1355
434 514
434 1200
434 1365
435 461
437 1624
439 442
444 427
447 1625
452 419
457 1625
462 414
466 1630
467 404
475 396
476 1630
485 391
486 1630
493 384
495 1360
495 1370
495 1380
495 1390
495 1400
495 1410
495 1420
495 1430
495 1440
496 1630
500 376
500 1449
500 1459
500 1469
503 1353
505 1478
505 1488
506 1630
508 369
510 1345
510 1497
514 1507
516 1630
517 364
520 1345
524 1509
525 1635
527 364
530 1340
534 1511
534 1630
537 359
540 1335
544 1514
544 1630
547 354
550 1330
552 344
553 1519
554 1630
560 336
560 1325
563 1520
564 1630
568 329
570 1320
572 1525
574 1630
578 329
579 1315
582 1529
583 1635
587 334
587 1309
592 1529
592 1640
597 334
597 1304
599 1537
601 1635
605 1295
607 334
609 1541
611 1635
613 1288
616 329
618 1546
620 1280
621 1635
626 329
628 1550
629 1275
630 1630
635 1558
636 329
638 1270
638 1623
643 1613
645 1562
646 329
647 1275
650 1605
652 1570
654 1512
654 1522
654 1532
655 334
655 1580
655 1590
657 1279
662 1504
662 1539
664 339
665 1285
669 1547
672 1499
673 334
675 1287
677 1554
679 1487
681 1564
682 1295
683 334
687 1479
689 1570
690 1302
692 1469
693 334
695 1578
697 1310
699 1457
702 329
703 1585
704 1447
705 1317
709 1432
712 329
712 1325
712 1590
714 1417
719 1407
720 1332
720 1597
721 324
724 1382
724 1392
727 1340
729 331
729 1362
729 1372
729 1602
734 1348
737 1609
738 336
745 344
746 1614
753 350
756 1618
760 358
764 1625
768 365
773 1630
775 373
782 1635
783 380
785 390
790 399
792 1635
795 408
800 1460
800 1470
801 1640
802 1480
803 415
805 660
805 1450
810 423
810 650
810 669
810 1430
810 1440
810 1487
811 1640
815 432
815 625
815 635
815 1415
817 1495
819 442
820 452
820 595
820 605
820 615
820 666
820 1265
820 1275
820 1390
820 1400
821 1643
824 647
825 461
825 585
825 1284
825 1294
825 1304
825 1375
827 1499
829 620
829 630
829 1260
830 470
830 480
830 490
830 500
830 510
830 520
830 530
830 540
830 550
830 560
830 570
830 1313
830 1323
830 1355
830 1365
831 610
831 1645
834 592
834 1507
835 1332
835 1342
839 495
839 505
839 515
839 545
839 555
839 565
839 575
839 1260
841 535
841 1648
842 1514
844 437
844 447
844 524
845 486
849 427
849 456
849 1260
849 1522
851 1650
853 479
854 465
854 1531
857 419
858 1265
860 1539
861 1653
864 402
867 1270
868 1545
871 1650
872 394
875 1553
877 1270
880 1562
880 1572
880 1645
882 394
885 1581
885 1591
886 1275
888 1638
890 1600
890 1610
890 1620
892 394
895 1280
902 394
905 1280
912 394
915 1280
922 394
925 1280
930 386
935 1280
938 379
945 371
945 1280
954 1285
955 369
959 1587
959 1597
963 1280
964 1572
965 369
967 1604
972 1564
973 1280
975 369
975 1610
977 1554
979 1542
982 1285
983 375
984 1532
984 1615
990 1292
992 1524
993 379
994 1302
994 1327
994 1337
994 1615
999 1311
999 1346
1000 1516
1003 379
1003 1610
1004 1355
1008 1509
1009 1364
1012 374
1012 1615
1014 1373
1014 1383
1014 1393
1014 1403
1014 1413
1014 1492
1015 1423
1019 1433
1019 1443
1019 1453
1019 1463
1019 1473
1019 1483
1022 374
1022 1615
1031 379
1032 1619
1039 386
1042 1620
1049 389
1052 1624
1059 389
1062 1625
1069 387
1071 1630
1079 386
1081 1633
1088 391
1091 1635
1095 399
1100 1640
1103 405
1110 413
1110 1640
1115 1400
1115 1440
1115 1450
1115 1460
1115 1470
1117 1410
1118 420
1119 1635
1120 1320
1120 1330
1120 1340
1120 1350
1120 1360
1120 1370
1120 1380
1120 1390
1120 1420
1120 1430
1120 1479
1125 1488
1127 425
1128 1313
1129 1635
1133 1494
1135 1300
1137 429
1139 1635
1143 1495
1144 437
1144 1295
1145 615
1145 625
1145 635
1149 1635
1150 475
1150 485
1150 495
1150 505
1150 515
1150 525
1150 535
1150 545
1150 555
1150 565
1150 575
1150 585
1150 595
1150 605
1150 644
1152 444
1153 1290
1153 1499
1155 454
1155 464
1159 627
1159 637
1159 1635
1162 1504
1163 1288
1164 562
1164 572
1164 582
1164 592
1164 602
1164 612
1169 542
1169 552
1169 1632
1171 1509
1173 1285
1174 462
1174 532
1174 1422
1174 1432
1174 1442
1174 1452
1179 471
1179 517
1179 1412
1179 1630
1181 1509
1182 454
1182 1459
1183 1285
1184 427
1186 1469
1187 509
1187 1404
1189 407
1189 417
1189 436
1189 475
1189 497
1189 1627
1190 1514
1192 449
1192 1394
1193 1285
1194 337
1194 347
1194 357
1194 367
1194 1475
1197 399
1197 489
1199 376
1199 1625
1200 1483
1200 1517
1201 1389
1202 329
1202 1280
1204 385
1208 1490
1208 1524
1209 1625
1211 1385
1212 324
1212 1280
1215 1498
1217 1529
1218 1620
1221 319
1221 1384
1222 1280
1223 1505
1226 1534
1227 1615
1230 314
1230 1513
1231 1380
1232 1280
1234 1541
1235 1522
1236 1610
1240 311
1240 1549
1241 1285
1241 1375
1242 1530
1244 1347
1244 1357
1245 1558
1245 1605
1249 1332
1250 309
1250 1537
1250 1567
1250 1577
1250 1587
1251 1288
1254 1307
1254 1317
1257 1545
1259 1295
1260 309
1265 1552
1270 309
1274 1557
1280 306
1282 1564
1289 1572
1290 301
1295 1180
1297 1190
1297 1579
1300 299
1303 1173
1304 1587
1307 1194
1309 292
1310 1165
1314 282
1314 1590
1315 1155
1316 1199
1322 274
1323 1148
1323 1595
1325 1204
1330 266
1330 1140
1330 1365
1330 1375
1332 1385
1332 1590
1335 1207
1335 1340
1335 1350
1335 1395
1337 1405
1338 1133
1340 264
1340 1330
1341 1585
1343 1123
1343 1214
1345 1412
1345 1570
1348 1323
1349 1422
1350 264
1350 1110
1350 1432
1352 1219
1353 1563
1355 1310
1355 1441
1355 1451
1355 1461
1358 270
1358 1103
1358 1553
1359 1227
1360 1470
1360 1480
1360 1490
1360 1500
1360 1510
1360 1520
1360 1530
1360 1540
1363 1093
1363 1303
1365 1080
1367 275
1367 1234
1370 1070
1370 1290
1374 1242
1375 1060
1375 1280
1377 279
1380 1050
1380 1270
1382 1249
1385 1025
1385 1035
1385 1259
1387 279
1390 1015
1397 279
1398 1008
1400 985
1400 995
1405 970
1407 279
1410 950
1410 960
1415 910
1415 920
1415 930
1415 940
1417 279
1420 865
1420 875
1420 885
1420 895
1425 745
1425 755
1425 765
1425 775
1425 785
1425 795
1425 805
1425 815
1425 825
1425 835
1425 845
1425 855
1427 279
1430 720
1430 730
1435 690
1435 700
1435 710
1437 279
1440 670
1440 680
1445 620
1445 630
1445 640
1445 650
1445 660
1446 284
1450 600
1450 610
1456 280
1458 593
1465 585
1466 284
1475 580
1476 284
1485 575
1486 284
1493 568
1495 289
1500 560
1504 294
1508 553
1513 299
1515 545
1522 304
1523 538
1530 530
1531 309
1540 525
1541 309
1549 316
1550 527
1558 321
1560 530
1568 325
1570 525
1577 330
1580 525
1587 334
1589 520
1594 342
1599 520
1604 344
1608 515
1612 350
1617 359
1618 513
1620 369
1625 378
1625 505
1630 387
1633 498
1634 397
1635 407
1635 417
1635 427
1635 480
1640 436
1640 446
1640 456
1640 466
