304 312
309 321
309 331
309 341
309 351
309 361
312 304
314 370
317 380
322 299
325 387
327 289
332 279
332 395
340 402
341 274
347 410
350 269
357 410
360 269
367 414
370 269
377 415
379 264
387 415
388 259
397 415
398 259
406 410
408 259
416 410
417 254
424 727
424 737
424 747
424 757
425 246
426 410
429 592
429 602
429 612
429 622
429 632
429 677
429 687
429 697
429 707
429 717
429 766
429 776
434 641
434 651
434 661
435 244
436 413
436 784
437 584
439 572
441 793
444 239
446 415
447 564
449 800
452 554
454 239
456 415
457 544
458 805
462 534
464 237
464 421
465 813
469 517
472 229
473 820
474 425
477 509
479 434
479 492
480 221
480 828
484 443
485 837
487 484
488 214
489 452
489 462
489 472
489 847
494 856
494 866
497 209
499 875
504 884
505 201
510 892
515 199
517 900
524 194
525 907
532 915
534 194
540 922
543 189
547 930
552 939
553 189
559 947
563 189
564 956
569 1292
569 1302
569 1312
571 964
573 189
574 974
577 1284
577 1319
579 983
583 189
584 992
585 1325
586 1279
589 1001
593 189
594 1010
594 1330
595 1274
597 1020
602 184
602 1029
603 1335
604 1267
609 1037
609 1047
610 1343
612 184
612 1259
617 1054
618 1350
619 1247
621 189
621 1064
622 1360
624 1232
626 1073
629 1083
629 1217
630 1367
631 189
634 1092
634 1102
634 1182
634 1192
634 1202
637 1375
639 1111
639 1121
639 1131
639 1162
639 1172
640 194
644 1140
644 1150
645 1382
650 197
652 1390
659 202
662 1394
669 206
670 1400
678 211
680 1400
685 219
690 1400
695 222
700 1400
704 227
710 1400
712 234
719 1395
721 239
729 246
729 1395
735 254
735 264
738 1390
743 270
745 280
745 510
745 520
745 530
745 540
747 550
748 1388
750 289
750 299
750 309
750 319
750 329
750 339
750 490
750 500
750 560
755 348
755 475
755 569
755 1380
760 357
760 367
760 425
760 435
760 445
760 455
760 465
763 1373
764 574
765 376
765 1185
765 1195
765 1205
765 1215
765 1225
765 1235
765 1245
765 1255
765 1265
765 1275
765 1285
765 1295
765 1305
765 1315
765 1325
765 1335
765 1345
765 1355
768 386
768 418
770 396
770 406
770 1135
770 1145
770 1155
770 1165
770 1175
773 569
775 1095
775 1105
775 1115
775 1125
780 1075
780 1085
783 569
785 1065
790 561
790 1050
795 1040
800 556
800 1025
805 1015
808 549
810 995
810 1005
814 537
818 988
819 517
819 527
820 965
820 975
824 492
824 502
828 958
829 472
829 482
835 950
837 464
839 447
845 950
847 439
852 429
855 952
861 424
864 957
869 417
874 960
877 409
883 965
886 404
892 970
895 399
902 970
905 399
911 975
915 399
920 980
924 394
930 980
934 394
940 980
944 394
950 982
954 394
960 985
964 394
970 985
974 396
980 404
980 985
990 404
990 985
999 409
1000 980
1007 415
1010 980
1015 422
1020 980
1022 430
1030 437
1030 980
1035 446
1040 980
1041 454
1045 464
1050 975
1054 469
1060 975
1064 467
1069 457
1069 1302
1069 1312
1069 1322
1070 975
1077 449
1077 1294
1077 1329
1080 977
1084 437
1085 1286
1085 1335
1089 982
1092 429
1094 991
1094 1340
1095 1281
1100 421
1101 999
1103 1274
1104 1337
1106 1008
1108 414
1110 1018
1112 1269
1114 1335
1117 409
1118 1025
1119 1257
1123 1330
1125 1033
1127 409
1127 1249
1132 1239
1133 1040
1133 1330
1135 401
1139 1222
1140 1048
1142 1325
1144 1212
1145 399
1148 1055
1149 1197
1152 1065
1152 1324
1154 1075
1154 1182
1155 396
1159 1084
1159 1167
1162 1320
1164 1093
1164 1103
1164 1113
1164 1123
1164 1133
1164 1143
1164 1153
1165 394
1172 1320
1174 399
1182 1320
1184 399
1192 1324
1194 399
1202 1325
1204 399
1211 1330
1214 401
1220 409
1220 1335
1229 414
1230 1335
1239 414
1240 1337
1247 420
1250 1340
1255 427
1260 1340
1262 435
1270 442
1270 1342
1277 450
1280 1345
1285 457
1290 1345
1292 465
1300 472
1300 1340
1308 479
1309 1335
1317 484
1317 1329
1320 494
1325 503
1325 513
1325 523
1325 1315
1330 532
1330 542
1330 1300
1335 551
1335 1290
1338 561
1340 1280
1345 569
1345 1270
1350 1260
1353 575
1355 1250
1360 583
1360 1235
1365 1220
1368 589
1370 1205
1375 1190
1377 594
1380 1175
1385 1155
1385 1165
1386 599
1390 1140
1394 606
1395 1120
1395 1130
1400 614
1400 990
1400 1000
1400 1010
1400 1020
1400 1030
1400 1090
1400 1100
1400 1110
1402 1040
1405 970
1405 980
1405 1050
1405 1060
1405 1070
1405 1080
1408 620
1410 950
1410 960
1415 628
1415 935
1420 925
1423 635
1425 910
1430 643
1430 895
1435 885
1438 650
1443 878
1445 658
1445 865
1450 667
1453 858
1455 676
1461 684
1463 855
1465 694
1470 863
1473 700
1475 710
1478 870
1479 880
1480 719
1482 890
1484 900
1484 910
1487 920
1488 725
1489 930
1492 735
1492 940
1494 950
1499 959
1499 969
1500 742
1504 978
1507 750
1509 987
1509 997
1515 757
1517 1004
1522 765
1524 1012
1530 772
1534 1015
1537 780
1544 1015
1545 787
1550 796
1552 1009
1556 804
1560 814
1560 995
1565 823
1565 980
1570 832
1570 842
1570 852
1570 880
1570 890
1570 900
1570 910
1570 920
1570 930
1570 940
1570 950
1570 960
1570 970
1575 861
1575 871
