154 1127
154 1137
154 1147
154 1157
154 1167
154 1177
154 1187
159 1117
159 1196
164 1107
166 1204
172 1099
176 1205
180 1091
184 1211
188 1084
189 1072
194 1215
197 1064
202 1054
203 1220
209 1032
209 1042
213 1220
214 1017
219 1007
223 1220
224 987
224 997
229 967
229 977
233 1220
234 952
239 927
239 937
243 1220
244 912
249 892
249 902
252 1225
254 882
259 867
262 1225
264 847
264 857
269 832
271 1220
274 817
279 792
279 802
279 1212
279 1427
279 1437
279 1447
279 1457
280 1185
280 1195
284 772
284 782
284 1397
284 1407
284 1417
285 1175
287 1464
289 752
289 762
289 1387
294 737
294 1180
294 1377
297 1465
299 727
299 1189
299 1352
299 1362
304 717
304 1198
304 1322
304 1332
304 1342
305 1208
307 1465
309 707
309 1218
309 1228
309 1238
309 1272
309 1282
309 1292
309 1302
309 1312
310 1248
314 1258
317 699
317 1465
322 689
327 1469
330 681
335 1475
338 674
342 664
345 1475
350 656
355 1475
358 649
365 1475
367 644
375 636
375 1475
385 631
385 1475
395 626
395 1477
405 621
405 1480
413 614
415 1480
419 427
419 437
419 447
419 457
419 467
419 477
420 606
424 392
424 402
424 412
424 486
425 1480
429 382
429 495
430 601
432 505
435 1480
437 374
438 594
440 512
444 1485
445 366
447 520
447 589
450 356
453 1480
456 584
457 520
458 349
463 1480
464 577
467 344
467 520
472 569
473 1480
475 1295
475 1305
475 1315
475 1325
476 339
476 525
477 1335
480 1265
480 1275
480 1285
482 564
482 1344
483 1480
485 334
485 1235
485 1245
485 1255
486 528
490 538
490 556
490 1215
490 1225
491 1349
493 1480
494 329
495 1200
500 1170
500 1180
500 1190
500 1354
503 1480
504 327
505 1160
510 1150
510 1354
513 1480
514 324
515 1140
520 1120
520 1130
520 1354
523 1480
524 324
528 1113
530 1100
530 1354
532 1474
533 319
535 1090
540 1075
540 1354
540 1455
540 1465
542 314
545 1065
549 1450
550 1050
550 1354
552 309
558 1043
559 1447
560 1354
562 304
563 1033
568 1023
569 1445
570 1357
572 304
573 1013
578 1003
579 1445
580 985
580 1359
582 304
585 975
589 1364
589 1445
590 965
591 299
598 958
599 1366
599 1442
600 304
605 1374
605 1425
608 955
610 304
610 1383
613 1418
615 1392
615 1402
617 960
619 309
627 315
627 960
635 322
636 965
645 324
645 970
653 330
655 972
660 338
665 975
668 345
670 355
675 364
675 975
684 980
685 367
690 376
690 386
690 396
693 985
695 405
700 414
702 990
710 414
712 994
720 411
721 999
730 406
731 1000
735 396
739 1057
739 1067
739 1077
739 1087
739 1097
740 386
741 1000
744 292
744 302
744 1032
744 1042
744 1106
744 1116
744 1126
744 1136
744 1146
745 376
749 311
749 321
749 331
749 341
749 362
749 1006
749 1016
749 1155
752 284
754 350
754 1402
754 1412
754 1422
758 1160
759 1387
759 1431
759 1441
759 1451
759 1461
760 276
764 1352
764 1362
764 1372
764 1470
765 1168
768 269
769 1342
770 1177
770 1478
774 1187
774 1332
777 264
779 1196
779 1322
780 1480
784 1307
785 256
786 1204
789 1292
790 1482
794 1210
794 1282
795 251
799 1219
799 1262
799 1272
800 1485
804 1228
804 1238
804 1248
805 249
810 1487
814 244
819 1492
824 244
829 1495
834 244
838 1500
843 239
848 1500
850 231
858 224
858 1500
865 216
868 1500
873 209
878 1500
882 204
888 1498
891 199
898 1495
901 195
907 1500
911 194
916 1495
921 190
926 1495
931 189
935 1490
941 189
945 1485
951 189
955 1480
960 1275
960 1285
960 1295
960 1305
961 189
962 1315
965 1265
965 1325
965 1335
965 1480
970 194
970 1255
970 1344
970 1354
970 1364
974 1475
975 1245
975 1373
979 199
983 1238
983 1379
984 1475
989 201
990 1230
993 1379
994 1475
995 209
1000 1225
1002 1384
1004 214
1004 1475
1010 1225
1012 220
1012 1384
1014 1475
1018 1218
1020 227
1022 1384
1024 1475
1025 236
1025 380
1025 390
1025 400
1025 410
1025 420
1025 1210
1030 245
1030 429
1031 1389
1033 1203
1034 375
1034 1475
1035 254
1038 435
1041 1389
1043 260
1043 370
1043 1198
1044 1475
1045 270
1045 443
1047 280
1050 290
1050 300
1050 1190
1051 1389
1052 364
1053 450
1054 1472
1055 309
1058 1183
1060 355
1060 1394
1062 455
1063 315
1063 1173
1064 1467
1069 350
1069 1399
1070 323
1072 459
1073 1170
1074 1465
1075 332
1075 342
1078 1404
1081 464
1082 1164
1082 1459
1085 1140
1085 1150
1087 1409
1090 469
1090 1120
1090 1130
1090 1450
1094 1417
1095 1427
1095 1440
1098 475
1098 1113
1103 1103
1105 483
1108 1093
1115 487
1115 1085
1120 1040
1120 1050
1120 1060
1120 1070
1124 492
1125 1030
1133 1023
1134 492
1138 1013
1142 484
1143 1003
1148 993
1149 472
1157 464
1158 995
1159 452
1164 442
1168 995
1169 432
1174 402
1174 412
1174 422
1175 1003
1179 392
1185 1007
1187 384
1192 374
1192 1015
1194 352
1194 362
1199 337
1202 1015
1204 327
1209 312
1212 1015
1214 302
1219 287
1222 1015
1227 279
1229 267
1232 1015
1237 259
1239 247
1242 1015
1247 239
1252 229
1252 1019
1257 219
1259 207
1260 1025
1264 197
1269 167
1269 177
1269 187
1269 1020
1274 147
1274 157
1279 137
1279 1020
1284 127
1289 1020
1292 119
1298 1015
1300 111
1308 104
1308 1015
1318 104
1318 1013
1325 96
1325 1005
1330 995
1333 89
1339 990
1342 84
1347 984
1350 76
1355 975
1358 69
1364 970
1368 69
1372 964
1378 69
1380 955
1388 69
1388 948
1395 935
1397 64
1403 928
1406 59
1413 923
1416 59
1420 915
1425 64
1428 908
1434 69
1435 900
1443 74
1443 893
1448 883
1453 74
1458 878
1462 79
1465 870
1470 860
1472 79
1478 853
1481 84
1485 840
1490 810
1490 820
1490 830
1491 84
1498 803
1501 84
1505 780
1505 790
1510 89
1510 760
1510 770
1518 753
1520 92
1524 102
1525 725
1525 735
1525 745
1530 715
1532 109
1535 700
1539 117
1540 685
1545 655
1545 665
1545 675
1547 124
1550 630
1550 640
1555 610
1555 620
1557 124
1560 600
1565 560
1565 570
1565 580
1565 590
1567 124
1573 553
1575 495
1575 505
1575 515
1577 124
1577 525
1580 425
1580 435
1580 445
1580 455
1580 465
1580 475
1580 485
1580 535
1580 545
1585 325
1585 335
1585 385
1585 395
1585 405
1585 415
1587 124
1590 344
1590 354
1590 364
1590 374
1595 325
1597 124
1605 325
1607 124
1615 325
1616 129
1625 134
1625 320
1634 139
1635 315
1643 144
1645 310
1650 280
1650 290
1650 300
1652 149
1658 273
1659 157
1665 265
1667 164
1670 174
1673 258
1675 183
1675 245
1680 192
1680 202
1680 235
1684 212
1685 222
