314 772
314 782
314 792
314 802
314 812
314 822
319 742
319 752
319 762
319 831
319 841
319 851
324 717
324 727
324 860
329 707
329 869
331 879
334 697
334 927
334 937
336 888
339 687
339 898
339 908
339 918
339 946
344 677
344 955
349 964
351 974
352 669
357 659
359 980
362 649
365 988
370 641
370 997
375 631
377 1005
379 1015
379 1025
379 1035
383 624
384 1044
384 1054
384 1064
384 1074
386 1084
389 612
394 602
394 1090
400 1098
402 594
408 1105
410 586
417 1110
418 579
419 1357
424 1347
424 1366
425 571
427 1110
429 1332
429 1375
434 1317
435 566
435 1117
438 1380
439 1127
439 1137
439 1307
443 559
444 1146
444 1292
447 1385
449 1155
449 1165
449 1227
449 1237
449 1267
449 1277
450 551
454 1174
454 1184
454 1194
454 1204
454 1214
454 1246
454 1256
457 1385
458 544
467 539
467 1389
475 531
477 1390
483 524
487 1390
490 516
497 1394
498 509
507 504
507 1395
514 367
514 377
515 496
516 1400
519 386
519 396
519 406
522 359
523 489
524 415
524 425
526 1400
527 435
529 445
530 481
531 354
534 454
535 1395
538 474
539 463
541 350
545 1395
549 342
555 1395
557 334
564 1390
567 334
574 1390
577 334
583 1385
585 326
592 1380
593 319
600 311
600 1125
600 1135
601 1375
605 1115
605 1144
605 1154
608 304
609 1367
610 1085
610 1095
610 1105
610 1163
615 1065
615 1075
615 1172
615 1182
617 1360
618 304
619 1192
620 1055
620 1202
624 1212
625 1222
625 1232
627 299
627 1360
628 1048
629 1242
630 1005
630 1030
630 1252
632 1015
635 995
637 299
637 1260
637 1360
643 988
647 299
647 1264
647 1360
648 978
650 965
655 955
656 1269
657 299
657 1360
660 945
664 1276
666 294
667 1360
669 940
670 1284
675 289
677 1360
678 945
680 1287
685 292
685 1296
687 950
687 1360
691 1304
693 299
695 1314
696 1355
697 954
700 1323
700 1333
700 1343
703 299
706 959
712 294
716 960
722 294
725 965
732 294
734 970
739 302
744 970
747 309
753 975
757 309
763 975
767 304
772 980
776 309
782 980
785 314
790 323
792 980
798 329
800 425
800 435
800 445
802 984
805 410
805 454
807 334
810 400
812 985
813 460
815 390
816 339
820 370
820 380
821 990
822 465
824 346
825 356
831 990
832 469
841 474
841 990
844 1107
844 1117
844 1127
849 1136
851 470
851 990
852 1099
854 332
854 342
854 352
854 362
854 372
854 382
854 1145
854 1377
859 322
859 391
859 401
859 1087
859 1154
859 1367
859 1386
861 465
861 990
864 1062
864 1072
865 1162
866 409
866 1394
867 314
867 1359
869 419
869 457
869 1022
869 1032
869 1042
869 1052
871 990
872 1170
872 1349
874 428
874 438
874 448
874 1012
876 1398
877 314
877 1339
879 996
880 1177
884 1327
886 1400
887 314
887 1185
889 1317
894 302
894 1297
894 1307
895 1192
896 1403
899 1277
899 1287
902 294
902 1200
904 1237
904 1247
904 1257
904 1267
904 1410
909 1208
909 1218
909 1228
912 289
913 1415
921 294
922 1420
931 294
932 1420
940 289
942 1420
949 282
952 1420
957 274
961 1415
967 274
971 1415
976 279
981 1415
986 279
991 1415
996 279
1001 1415
1006 279
1010 1410
1016 279
1020 1412
1026 279
1030 1415
1035 274
1035 1230
1035 1240
1035 1250
1035 1260
1035 1270
1037 1280
1039 1420
1040 1200
1040 1210
1040 1220
1045 274
1047 1284
1048 1193
1048 1415
1053 280
1055 1180
1056 1289
1058 1413
1060 288
1063 1173
1065 297
1065 1405
1066 1289
1070 1160
1072 305
1073 1398
1076 1289
1078 1153
1080 312
1083 1143
1083 1395
1084 322
1085 1130
1086 1289
1090 1080
1090 1090
1090 1100
1090 1110
1090 1120
1093 1395
1094 326
1096 1289
1098 1073
1100 334
1100 415
1100 425
1100 435
1100 445
1100 455
1102 465
1103 1393
1105 400
1105 1065
1106 1289
1107 474
1109 339
1110 484
1113 1058
1113 1388
1114 395
1115 1294
1117 345
1118 490
1118 1048
1122 389
1123 1385
1125 352
1125 498
1125 1040
1125 1294
1130 361
1130 371
1130 381
1130 507
1133 1033
1133 1385
1135 1294
1137 515
1140 1025
1143 1385
1145 522
1145 1010
1145 1297
1150 1000
1152 1379
1154 527
1154 1302
1159 995
1160 1370
1162 1309
1164 531
1165 1003
1168 1363
1169 1317
1170 1012
1170 1345
1173 536
1174 1022
1175 1325
1175 1335
1179 1031
1183 540
1184 1040
1190 1048
1192 545
1195 1057
1202 549
1202 1065
1207 1074
1211 554
1214 1082
1221 554
1222 1089
1231 554
1232 1090
1240 549
1242 1089
1249 382
1249 392
1249 402
1249 412
1249 422
1250 546
1250 1080
1254 372
1254 431
1254 441
1254 451
1255 536
1258 1073
1259 357
1259 460
1259 470
1260 526
1262 480
1264 347
1265 1065
1267 489
1268 519
1269 337
1269 499
1269 509
1274 327
1275 1065
1279 257
1279 267
1279 277
1279 287
1279 297
1279 307
1279 317
1284 1060
1287 249
1294 1060
1297 244
1302 1054
1307 244
1310 1045
1317 239
1320 1045
1327 239
1330 1045
1334 227
1339 1050
1342 219
1348 1045
1352 214
1357 1040
1362 214
1366 1035
1372 214
1375 1030
1382 214
1383 1023
1390 1015
1392 209
1399 1010
1401 204
1409 1007
1411 204
1419 1002
1421 204
1429 997
1431 204
1435 985
1441 204
1443 978
1450 970
1451 204
1460 965
1461 204
1468 958
1471 204
1475 950
1479 211
1483 943
1488 933
1489 214
1495 925
1497 220
1503 918
1505 227
1505 535
1505 545
1510 236
1510 554
1510 895
1510 905
1514 530
1515 245
1515 255
1515 620
1515 630
1518 560
1518 888
1520 264
1520 570
1520 610
1520 639
1520 830
1520 840
1520 850
1520 860
1520 870
1523 525
1525 579
1525 589
1525 648
1528 270
1528 603
1528 823
1532 530
1533 655
1535 278
1535 288
1535 298
1535 308
1535 800
1535 810
1539 567
1539 577
1539 587
1539 597
1540 663
1540 745
1540 755
1540 765
1540 775
1540 785
1542 530
1543 314
1544 557
1544 606
1545 672
1548 738
1549 547
1549 615
1549 682
1550 692
1550 702
1550 712
1552 534
1552 625
1553 315
1554 722
1560 632
1563 319
1570 635
1573 319
1580 635
1582 324
1589 640
1592 324
1598 645
1601 329
1608 645
1610 334
1618 645
1620 334
1628 645
1629 339
1637 639
1638 344
1645 630
1647 349
1653 623
1656 354
1660 610
1664 361
1665 595
1670 369
1670 560
1670 570
1670 580
1675 550
1678 375
1680 540
1685 383
1685 530
1690 460
1690 470
1690 520
1692 480
1693 390
1695 400
1695 420
1695 430
1695 450
1695 490
1695 500
1695 510
1700 409
1700 439
