444 742
444 752
449 727
452 759
454 717
460 765
462 709
464 775
464 785
464 795
464 805
464 815
464 825
464 835
464 845
464 855
464 865
467 699
470 873
472 689
478 880
480 681
487 885
490 679
495 892
499 902
500 676
507 909
510 674
515 915
519 669
524 920
529 667
534 920
539 664
544 920
548 659
554 920
557 654
564 920
567 649
574 917
577 644
584 912
587 639
589 902
597 639
599 900
606 634
609 900
616 634
619 900
626 634
629 900
636 634
639 900
646 634
649 900
656 634
659 900
665 639
669 900
675 636
679 900
685 634
689 617
689 900
694 607
699 900
704 602
709 900
714 604
719 900
724 604
729 900
734 604
739 900
740 596
745 586
749 900
750 576
759 900
760 571
769 900
770 569
779 900
780 569
789 900
790 569
799 900
800 569
808 905
810 569
818 575
818 905
825 583
828 905
830 592
838 599
838 905
848 599
848 905
857 594
858 903
859 532
859 542
859 552
859 562
859 572
859 582
864 517
865 895
869 507
874 497
874 900
879 487
879 909
881 919
886 928
887 479
894 935
897 474
903 940
907 474
912 945
917 474
922 945
927 474
931 950
937 474
941 950
947 474
950 945
957 474
960 940
967 474
968 933
973 923
977 474
978 913
983 903
987 474
989 895
997 474
999 895
1006 479
1009 895
1016 479
1019 895
1025 484
1029 892
1035 484
1039 890
1045 484
1049 887
1055 487
1059 885
1065 489
1068 880
1075 489
1078 878
1084 494
1088 875
1094 496
1098 875
1104 499
1107 870
1114 499
1117 870
1124 501
1126 865
1134 504
1136 865
1144 504
1145 860
1153 509
1155 860
1163 510
1165 860
1173 514
1175 860
1182 519
1185 860
1189 527
1190 537
1190 547
1190 557
1190 567
1190 577
1194 587
1195 597
1195 860
1200 606
1204 855
1204 865
1204 875
1206 614
1210 883
1216 614
1218 890
1226 614
1228 890
1236 614
1237 895
1246 614
1247 895
1256 614
1257 894
1266 614
1267 889
1276 614
1277 884
1286 614
1287 879
1295 870
1296 614
1303 863
1306 614
1308 853
1310 840
1315 810
1315 820
1315 830
1316 614
1325 810
1326 614
1335 805
1336 614
1343 798
1346 614
1348 788
1353 778
1355 619
1355 750
1355 760
1360 735
1365 622
1365 725
1370 631
1373 718
1375 640
1380 649
1380 710
1388 703
1389 654
1393 693
1395 662
1398 683
1400 671
