499 742
499 752
499 762
504 732
504 771
504 781
509 790
512 724
514 799
517 714
519 808
519 818
519 828
519 838
519 848
519 858
519 868
519 878
524 887
525 706
530 895
533 699
539 900
542 694
544 909
544 919
549 928
552 694
554 937
560 945
561 689
569 950
571 685
578 955
581 684
588 955
591 680
598 955
601 679
608 955
611 679
617 950
621 679
626 945
631 679
634 937
640 925
641 679
645 915
651 679
655 915
661 679
665 915
671 679
675 915
681 679
685 915
691 679
695 915
701 679
705 915
711 679
715 915
721 679
725 915
730 674
734 662
735 915
742 654
745 915
752 654
755 915
762 654
765 915
772 654
775 915
782 649
785 915
790 641
795 915
800 636
805 915
810 634
815 915
820 634
825 915
830 634
835 915
840 634
844 920
849 639
849 929
851 939
858 644
859 945
868 644
868 950
877 955
878 644
887 639
887 955
889 597
889 607
889 617
889 627
894 582
897 955
902 574
907 955
910 566
917 955
918 559
925 551
927 955
935 549
937 955
945 549
947 955
955 549
957 955
965 549
967 954
975 549
977 949
985 549
985 940
995 549
995 930
1003 923
1005 549
1010 915
1015 549
1020 915
1025 549
1030 915
1035 549
1040 915
1045 549
1050 915
1055 549
1060 915
1065 549
1070 915
1075 549
1080 915
1085 549
1090 915
1095 549
1100 910
1105 552
1110 910
1115 554
1120 910
1125 554
1130 905
1135 554
1140 905
1144 559
1150 905
1154 561
1160 905
1164 564
1170 905
1174 566
1180 905
1183 571
1188 580
1190 590
1190 600
1190 610
1190 620
1190 907
1192 630
1194 917
1195 640
1199 926
1200 649
1200 659
1205 668
1209 930
1213 674
1218 935
1223 674
1227 940
1233 674
1236 945
1243 674
1246 945
1253 674
1256 945
1263 674
1265 950
1273 674
1275 950
1282 669
1285 950
1292 669
1295 950
1302 669
1305 950
1311 664
1314 945
1321 664
1322 939
1330 930
1331 664
1335 920
1340 910
1341 664
1348 903
1351 664
1353 893
1355 880
1360 870
1361 664
1365 860
1370 669
1370 780
1370 790
1370 800
1370 810
1370 820
1370 830
1370 840
1370 850
1375 770
1380 672
1383 763
1387 680
1388 753
1393 743
1395 687
1395 725
1399 697
1400 707
