454 722
454 732
459 712
459 741
464 750
467 704
470 758
472 694
474 768
477 684
479 777
479 787
484 796
484 806
484 816
484 826
484 836
484 846
484 856
484 866
484 876
485 676
489 885
489 895
493 669
494 904
499 913
502 664
504 922
512 659
512 929
521 934
522 654
531 935
532 649
541 935
542 644
551 935
552 644
560 930
562 644
570 930
572 639
580 925
582 639
590 920
592 639
598 913
602 639
608 910
612 639
618 910
622 639
628 910
632 639
638 910
642 639
648 910
652 639
657 915
662 639
667 915
672 639
677 915
682 639
687 915
691 634
697 915
701 634
707 915
710 629
717 915
720 629
727 915
729 612
730 629
734 602
737 915
742 594
747 915
752 589
757 915
762 589
767 915
771 594
777 915
781 594
786 910
791 594
796 910
800 589
806 910
809 584
815 905
818 579
825 900
828 579
835 900
837 574
844 895
846 569
850 885
856 565
858 878
865 870
866 564
874 865
875 569
883 860
884 574
893 860
894 562
894 572
899 552
899 868
899 878
899 888
900 898
904 542
904 908
904 918
905 928
909 532
910 937
917 524
917 945
924 512
925 952
932 504
932 960
937 494
941 965
942 484
951 479
951 965
960 474
961 965
969 469
971 965
979 469
980 960
989 469
990 960
999 469
999 955
1007 949
1009 469
1017 944
1018 464
1025 935
1028 464
1030 910
1030 920
1038 464
1038 903
1048 464
1048 900
1057 895
1058 464
1067 895
1068 464
1076 890
1078 464
1086 890
1088 464
1096 890
1098 464
1105 885
1108 465
1115 885
1118 469
1125 885
1128 470
1135 885
1138 474
1144 880
1147 479
1154 880
1157 479
1164 877
1167 479
1174 875
1176 484
1184 875
1186 484
1194 875
1195 489
1204 875
1205 489
1214 494
1214 875
1220 502
1224 875
1225 511
1230 520
1234 875
1235 529
1235 539
1240 548
1240 558
1240 568
1240 883
1245 577
1245 892
1249 902
1250 586
1256 594
1259 905
1264 601
1268 611
1268 910
1275 619
1278 910
1285 619
1288 910
1295 619
1298 910
1305 619
1307 905
1315 619
1317 904
1325 619
1327 900
1335 622
1336 895
1345 624
1345 890
1355 624
1355 885
1365 624
1365 875
1370 830
1370 840
1370 850
1370 860
1375 624
1378 823
1384 629
1388 818
1394 629
1398 815
1404 629
1407 810
1413 634
1416 805
1420 795
1422 639
1425 785
1430 645
1430 775
1435 654
1435 664
1435 720
1435 730
1435 740
1435 750
1435 760
1440 673
1443 713
1445 682
1450 705
1452 690
