574 727
574 737
579 717
579 746
579 756
584 765
587 709
589 774
595 782
596 714
599 792
604 702
604 801
604 811
604 821
604 831
604 841
604 851
604 861
604 871
604 881
604 891
604 901
604 911
604 921
609 930
609 940
609 950
614 697
614 959
620 967
624 692
627 975
634 687
636 970
644 677
646 970
654 672
656 970
664 667
666 970
674 662
676 970
684 659
686 970
693 654
695 965
703 654
705 960
712 649
715 955
722 649
725 950
732 649
734 945
742 649
742 939
752 649
752 935
762 649
762 935
772 649
772 935
781 644
782 935
791 644
792 935
801 644
802 935
811 644
812 935
821 644
822 935
831 644
832 935
841 644
842 935
849 622
849 632
852 935
854 612
859 602
862 935
869 597
872 935
879 592
882 935
889 589
892 935
899 591
902 935
909 594
912 935
918 589
922 935
927 584
932 935
937 579
942 935
947 574
952 935
957 569
962 935
967 564
972 935
977 564
982 934
986 569
992 929
994 576
997 919
998 586
1004 594
1005 910
1013 903
1014 594
1018 893
1024 594
1025 885
1033 589
1033 878
1039 567
1039 577
1043 875
1044 547
1044 557
1049 532
1049 883
1049 893
1054 517
1054 902
1054 912
1054 922
1054 932
1054 942
1059 507
1059 951
1064 497
1064 960
1070 968
1072 489
1078 975
1082 484
1085 983
1092 479
1095 987
1102 474
1105 990
1112 474
1115 990
1121 469
1125 985
1131 469
1135 980
1141 469
1143 973
1150 965
1151 469
1158 958
1160 945
1161 469
1165 930
1170 920
1171 469
1175 905
1181 469
1184 900
1191 469
1194 900
1201 469
1204 900
1211 469
1214 900
1221 469
1223 895
1231 469
1233 895
1241 469
1243 895
1251 469
1253 895
1261 469
1263 895
1271 469
1273 893
1280 474
1283 890
1290 474
1293 890
1300 474
1303 890
1310 474
1313 890
1320 474
1323 890
1330 474
1333 890
1340 477
1343 890
1350 479
1352 885
1360 482
1362 885
1369 487
1372 885
1377 494
1382 885
1384 502
1389 511
1392 885
1393 521
1395 531
1395 541
1398 551
1400 561
1400 571
1402 885
1403 581
1410 589
1412 885
1418 595
1422 885
1427 600
1429 893
1429 903
1434 912
1437 604
1439 921
1444 930
1446 609
1450 938
1455 614
1460 942
1465 617
1470 945
1475 619
1480 945
1484 624
1488 938
1494 624
1495 930
1500 920
1504 624
1508 913
1514 624
1515 900
1520 890
1524 624
1525 865
1525 875
1533 629
1533 858
1543 629
1543 853
1553 629
1553 848
1560 840
1563 630
1568 833
1573 634
1575 825
1582 639
1583 818
1590 810
1592 639
1598 803
1600 790
1601 644
1605 750
1605 760
1605 770
1605 780
1609 651
1610 740
1615 659
1615 669
1615 679
1615 689
1615 730
1623 695
1625 725
1630 703
1633 718
