369 747
369 757
369 767
369 777
369 787
374 737
374 796
381 804
384 732
386 813
392 724
394 820
394 830
394 840
394 850
394 860
394 870
397 880
402 719
402 889
409 897
412 719
419 900
422 714
429 897
432 714
434 702
439 895
444 697
448 890
454 694
458 890
464 694
468 890
474 694
478 890
484 694
488 890
494 694
498 890
504 694
508 890
514 694
518 890
524 694
528 890
534 694
538 890
544 694
548 890
554 694
558 890
564 692
568 890
574 689
578 890
584 689
588 890
594 689
598 890
604 689
608 890
613 684
618 890
620 676
628 669
628 890
637 664
638 890
647 659
648 890
657 654
658 890
667 649
668 890
677 649
678 890
686 644
687 895
696 644
697 895
705 649
707 895
709 905
709 915
714 924
715 652
722 930
725 654
731 935
735 654
740 940
744 637
744 647
749 627
750 942
754 617
760 945
762 609
767 599
770 945
775 591
779 940
783 584
788 935
792 579
797 929
801 574
802 919
810 905
811 574
818 898
821 574
825 890
831 574
835 885
841 570
844 880
851 569
854 880
861 569
864 880
871 569
874 880
881 569
884 880
891 569
894 880
901 569
904 880
911 569
914 880
921 569
924 880
931 569
934 880
941 569
944 880
951 569
954 880
961 569
964 880
971 569
974 880
981 569
984 880
990 574
994 880
998 580
1004 880
1005 588
1010 597
1014 607
1014 880
1019 616
1020 626
1020 636
1020 646
1023 885
1025 655
1029 893
1030 664
1030 903
1038 670
1038 910
1047 915
1048 674
1057 679
1057 915
1067 679
1067 915
1077 679
1077 915
1087 679
1087 915
1097 679
1097 914
1106 684
1107 909
1116 684
1117 904
1125 689
1125 890
1130 860
1130 870
1130 880
1135 689
1135 850
1144 694
1145 845
1154 694
1155 845
1164 696
1164 840
1170 830
1174 699
1178 823
1183 813
1184 699
1190 800
1192 705
1195 790
1200 712
1200 722
1200 732
1200 742
1200 752
1200 762
1200 772
