509 737
509 747
509 757
509 767
509 777
514 727
514 786
514 796
514 806
514 816
519 825
519 835
519 845
522 719
524 854
524 864
524 874
529 883
529 893
532 714
534 902
539 911
541 709
546 919
550 704
554 925
559 699
560 933
568 694
568 940
577 945
578 694
586 950
587 689
596 950
597 689
606 950
607 689
615 945
617 689
625 935
627 689
630 925
635 915
637 689
644 910
647 689
654 910
657 689
664 910
667 689
674 910
677 689
684 910
687 689
694 910
697 684
703 915
707 684
713 915
717 684
723 915
727 684
733 915
737 679
742 669
743 915
747 659
753 915
757 654
762 920
766 659
772 924
775 664
782 925
785 664
791 930
795 661
801 930
803 654
810 646
811 930
818 639
821 933
827 634
831 935
837 634
841 935
847 634
851 938
857 634
861 940
867 634
871 940
877 634
879 946
886 954
887 634
889 612
889 622
894 597
894 960
899 582
903 965
904 572
910 973
912 564
920 556
920 977
930 551
930 980
940 549
940 980
949 975
950 549
958 970
960 549
967 965
970 549
976 960
980 549
984 952
989 942
990 549
994 932
995 915
1000 549
1005 915
1009 554
1015 915
1019 554
1025 915
1029 554
1035 915
1039 556
1045 915
1049 559
1055 915
1059 559
1065 915
1069 559
1075 915
1079 559
1085 915
1089 559
1095 915
1099 559
1105 915
1108 564
1115 915
1118 564
1125 915
1128 564
1135 915
1138 564
1145 915
1148 564
1155 915
1157 569
1165 915
1167 569
1174 577
1175 915
1180 585
1180 595
1180 605
1180 615
1180 625
1180 635
1180 645
1182 655
1185 915
1187 664
1191 923
1196 669
1199 930
1202 940
1206 669
1212 944
1216 669
1222 945
1226 669
1232 945
1236 669
1242 945
1246 665
1252 944
1256 664
1260 935
1265 925
1266 664
1270 895
1270 905
1270 915
1275 880
1276 664
1280 870
1285 860
1286 664
1290 850
1296 664
1300 850
1306 664
1310 850
1316 664
1320 845
1326 664
1330 840
1335 830
1336 664
1340 820
1345 669
1345 795
1345 805
1350 785
1353 675
1355 775
1360 683
1363 768
1368 758
1370 687
1373 748
1377 695
1378 738
1380 725
1382 704
1385 714
