689 1017
694 1002
694 1026
699 992
701 1034
704 982
709 972
711 1038
714 962
719 952
721 1035
727 944
729 1027
734 1017
735 936
744 1015
745 931
754 1015
755 929
763 1020
765 929
769 1028
769 1038
769 1048
774 1057
774 1067
775 932
779 1076
784 1085
785 934
789 1262
789 1272
789 1282
790 1093
794 1247
794 1291
795 934
799 1237
800 1097
804 939
804 1107
804 1227
804 1295
809 1116
812 945
812 1219
813 1300
814 1125
817 1135
819 1207
820 952
823 1300
824 1192
827 960
827 1139
829 1149
829 1159
829 1169
829 1179
833 1300
835 967
839 977
843 1300
847 984
852 1295
857 984
860 1285
865 1255
865 1265
865 1275
866 989
870 1215
870 1225
870 1235
870 1245
875 1180
875 1190
875 1200
876 989
883 1173
886 989
890 1165
895 994
900 1160
905 994
909 1155
915 994
918 1150
925 994
927 1145
934 999
937 1145
944 999
947 1145
953 1004
957 1145
963 1004
967 1145
973 1004
977 1145
983 1004
987 1145
993 1004
997 1145
1003 1004
1004 1267
1004 1277
1004 1287
1005 1152
1009 1162
1009 1172
1009 1182
1009 1247
1009 1257
1009 1296
1013 1004
1014 1191
1014 1201
1014 1211
1014 1221
1014 1231
1016 1304
1023 1004
1024 1310
1033 1004
1034 1310
1043 1004
1044 1310
1053 1004
1054 1310
1063 1005
1064 1310
1072 1010
1074 1310
1080 1017
1084 1310
1085 1026
1090 1035
1094 1310
1095 1044
1095 1054
1095 1064
1100 1073
1100 1083
1100 1093
1100 1103
1104 1307
1105 1170
1105 1180
1105 1190
1105 1200
1105 1210
1110 1104
1110 1219
1114 1302
1115 1170
1115 1228
1120 1104
1120 1237
1122 1294
1125 1170
1125 1246
1125 1256
1127 1284
1130 1104
1130 1265
1135 1170
1140 1104
1144 1232
1144 1242
1144 1252
1145 1170
1149 1207
1149 1217
1149 1261
1150 1104
1154 1187
1154 1197
1154 1270
1155 1170
1157 1280
1160 1104
1167 1284
1170 1104
1175 1290
1180 1104
1184 1295
1190 1104
1194 1295
1199 1052
1199 1062
1199 1072
1199 1082
1199 1092
1203 1300
1204 1042
1209 1032
1210 1308
1217 1024
1218 1315
1222 1014
1227 1320
1230 1006
1236 1325
1238 999
1244 932
1244 942
1245 991
1246 1325
1249 917
1249 951
1249 961
1249 971
1249 981
1254 902
1255 1330
1259 892
1265 1330
1267 884
1275 1330
1277 879
1285 1330
1286 884
1294 891
1295 1330
1300 899
1304 1325
1308 905
1312 915
1312 1319
1317 924
1320 934
1320 944
1320 1305
1325 953
1325 963
1325 1295
1330 972
1330 982
1330 1280
1335 991
1335 1001
1335 1011
1335 1021
1335 1215
1335 1225
1335 1235
1335 1245
1335 1255
1335 1265
1338 1031
1340 1041
1340 1051
1340 1061
1345 1070
1345 1215
1350 1079
1355 1215
1358 1085
1365 1215
1368 1089
1375 1215
1378 1089
1385 1215
1388 1089
1395 1215
1398 1089
1405 1215
1408 1089
1415 1215
1417 1084
1422 1074
1425 1215
1429 1062
1435 1215
1437 1054
1442 1044
1445 1215
1450 1036
1454 1022
1455 1215
1459 992
1459 1002
1459 1012
1464 982
1465 1215
1469 972
1474 962
1475 1215
1484 957
1485 1215
1494 954
1495 1215
1501 1223
1504 954
1509 1230
1509 1240
1512 1250
1513 959
1517 1259
1521 1269
1522 964
1524 1279
1526 1289
1529 1299
1530 970
1535 979
1535 1307
1542 1315
1543 985
1552 990
1552 1319
1562 994
1562 1320
1572 994
1572 1320
1581 999
1582 1320
1590 1004
1592 1320
1600 1004
1602 1320
1610 1007
1612 1320
1619 1012
1622 1320
1629 1014
1632 1320
1639 1014
1642 1320
1649 1014
1652 1320
1659 1014
1662 1320
1669 1014
1671 1315
1678 1019
1681 1315
1687 1024
1690 1310
1695 1030
1698 1303
1700 1039
1700 1049
1700 1059
1700 1069
1700 1079
1700 1089
1700 1099
1705 1108
1705 1118
1705 1295
1713 1288
1715 1122
1720 1275
1724 1127
1725 1265
1730 1255
1732 1134
1735 1225
1735 1235
1735 1245
1739 1142
1740 1152
1740 1162
1740 1172
1740 1182
1740 1192
1740 1202
1740 1212
