24 102
24 112
24 122
29 131
29 141
34 99
34 150
43 94
43 155
52 160
53 94
62 89
62 164
64 174
64 184
64 194
64 517
64 527
69 203
69 213
69 223
69 233
69 243
69 253
69 263
69 273
69 283
69 293
72 84
72 534
74 302
74 312
74 514
79 321
82 79
82 535
84 330
84 512
90 338
91 84
92 535
94 509
98 345
99 355
99 482
99 492
100 89
102 535
104 432
104 442
104 452
104 462
104 472
105 363
109 82
109 373
109 422
110 520
114 72
114 382
114 392
114 402
114 412
118 513
124 71
125 500
130 79
135 480
135 490
139 72
139 532
140 470
144 541
145 460
147 64
147 524
150 85
150 95
150 105
150 115
150 125
154 72
154 455
154 545
155 134
155 144
155 154
157 465
157 519
159 475
159 485
159 495
159 505
160 163
160 173
163 550
165 182
170 191
173 548
180 194
180 540
185 530
190 194
190 520
195 430
195 440
195 450
195 460
195 470
195 480
195 490
195 500
195 510
200 194
200 385
200 395
200 405
200 420
205 375
210 194
214 370
219 189
224 370
229 189
234 370
239 187
244 370
249 184
254 370
259 184
264 370
269 184
274 367
279 184
284 365
289 184
293 360
299 184
302 355
309 184
312 354
319 184
320 345
329 184
330 340
339 184
340 340
349 184
350 340
359 184
359 345
365 353
369 184
373 360
377 370
378 189
382 379
386 389
388 189
391 398
395 408
398 190
403 415
407 425
408 194
415 432
418 194
422 440
424 547
424 557
427 199
429 448
429 566
432 539
436 574
437 199
437 455
442 534
445 462
446 204
446 575
449 472
449 522
454 481
454 502
454 512
456 204
456 575
459 490
465 570
466 204
473 563
475 199
475 550
480 540
485 196
485 250
485 420
485 430
485 440
485 520
485 530
487 260
489 82
490 270
490 449
490 490
490 500
490 510
493 243
494 425
495 90
495 194
495 279
495 289
495 299
495 309
495 319
495 329
495 458
495 480
499 77
500 338
500 467
501 185
503 238
503 430
504 95
505 347
507 440
509 74
509 357
510 367
511 184
513 233
514 95
514 377
517 444
519 74
519 522
519 532
520 385
520 395
521 184
521 454
523 100
523 230
527 514
528 401
529 74
529 460
529 470
529 535
531 180
532 224
533 100
534 409
534 479
534 489
534 499
538 79
539 535
541 175
542 105
542 220
543 414
548 79
549 537
550 422
551 170
551 215
552 109
557 84
559 427
559 532
560 115
560 437
560 447
561 165
561 215
565 456
565 475
565 485
565 495
565 505
565 515
566 155
567 84
569 120
570 210
570 465
574 92
574 129
574 139
574 149
578 203
582 99
588 198
591 104
595 185
599 111
605 119
605 180
610 128
610 170
615 137
615 147
615 157
