24 262
24 272
24 282
32 254
32 289
39 242
40 295
44 232
49 300
52 224
59 192
59 202
59 300
60 216
68 305
69 191
75 199
77 310
85 202
87 314
93 209
94 322
102 214
102 329
106 339
111 219
114 345
119 467
120 224
123 350
124 476
125 233
127 459
130 358
134 480
135 237
137 454
138 365
142 444
143 485
144 242
144 432
147 370
149 417
152 379
152 480
154 246
154 389
154 399
159 502
159 512
161 475
164 249
165 465
167 494
169 515
170 455
174 249
175 440
177 489
179 515
180 425
184 249
184 472
185 410
189 437
189 447
189 457
189 515
194 249
194 415
194 425
199 512
204 251
205 500
210 490
214 254
215 465
215 475
220 455
224 254
225 430
225 440
230 415
233 249
235 400
243 249
245 400
253 249
255 400
263 249
265 395
273 249
274 400
283 249
284 400
293 249
293 395
303 249
303 395
313 249
313 395
323 249
323 395
329 472
329 482
332 244
333 393
337 464
337 489
342 244
343 390
347 464
347 490
352 244
353 390
355 456
356 485
360 446
362 239
363 390
366 485
368 439
372 239
372 395
372 429
374 405
374 415
374 477
380 465
382 239
390 455
392 239
394 507
395 445
399 516
402 239
402 499
403 438
406 524
410 430
412 239
412 494
416 525
418 423
422 239
422 494
425 520
428 420
429 477
432 239
433 513
434 462
435 428
439 447
440 437
440 505
442 239
448 498
451 244
455 485
460 249
463 478
468 468
470 252
473 458
479 257
480 385
480 395
480 405
480 415
480 445
482 425
485 370
485 435
489 261
490 355
495 269
495 340
500 325
505 269
508 318
513 308
514 274
520 266
523 303
530 261
533 298
540 256
540 290
548 249
549 285
557 244
557 279
564 232
565 270
574 227
575 265
582 219
583 258
589 207
590 250
595 240
597 199
602 189
603 233
607 179
608 223
614 152
614 162
615 215
619 137
620 205
625 195
629 136
630 185
635 144
635 154
635 164
635 174
