114 222
114 232
114 242
119 207
119 251
124 197
124 260
130 268
132 189
138 275
141 184
147 280
150 179
157 280
160 179
167 280
170 179
177 280
180 179
187 280
190 179
197 280
200 179
207 280
210 179
217 280
220 179
227 280
230 179
237 280
240 179
247 280
250 179
257 280
260 179
267 280
270 179
277 280
280 179
287 280
290 179
297 280
300 179
307 280
310 179
317 280
320 179
327 280
330 179
337 280
340 179
347 280
350 179
357 280
360 179
367 280
370 179
377 280
380 179
387 280
390 179
397 280
400 179
406 285
410 179
416 285
420 179
426 285
430 179
434 442
434 452
434 462
434 472
434 482
434 492
434 502
434 512
434 522
434 532
434 542
434 552
434 562
434 572
434 582
434 592
434 602
434 612
436 285
439 174
439 377
439 387
439 397
439 407
439 417
439 427
439 621
439 631
439 641
439 651
444 291
444 337
444 347
444 357
444 367
444 660
444 670
447 680
448 169
449 300
449 310
449 320
452 689
457 164
459 697
464 706
467 164
469 715
474 724
477 164
480 732
484 742
487 164
494 745
497 164
500 753
507 164
510 757
517 164
517 765
527 164
527 769
537 164
537 770
547 164
547 774
556 779
557 164
566 780
567 164
576 780
577 164
586 780
587 164
596 169
596 780
605 785
606 169
615 785
616 169
625 785
626 169
635 787
636 169
645 790
646 169
655 790
656 169
665 790
666 169
675 174
675 790
684 795
685 174
694 795
695 174
704 795
705 174
714 169
714 795
724 169
724 795
734 169
734 795
743 800
744 169
753 800
754 169
763 800
764 169
773 800
774 169
783 800
784 169
793 800
794 169
802 805
804 169
812 809
814 169
820 815
824 169
830 815
834 169
839 820
844 169
849 820
854 169
859 820
864 169
869 820
874 169
879 820
884 169
889 820
894 167
899 820
904 164
909 817
914 164
919 812
924 164
927 805
934 164
937 805
944 164
947 805
954 164
957 809
964 164
964 817
972 824
974 164
982 825
984 164
991 820
994 164
1001 820
1004 164
1011 820
1014 164
1021 820
1024 164
1031 820
1034 164
1041 820
1044 162
1051 820
1054 159
1060 815
1064 159
1069 810
1074 159
1078 805
1084 159
1088 805
1094 159
1098 805
1104 159
1108 805
1114 159
1118 805
1124 159
1128 805
1134 159
1138 805
1144 159
1148 805
1154 159
1158 805
1164 159
1168 805
1174 159
1178 805
1184 159
1188 805
1194 159
1198 805
1204 159
1208 805
1214 159
1218 805
1224 159
1228 805
1234 159
1238 805
1244 159
1248 805
1254 159
1258 805
1264 159
1268 805
1274 159
1278 805
1284 159
1287 810
1294 159
1297 810
1304 159
1307 810
1314 159
1317 810
1324 159
1327 810
1334 159
1337 810
1344 159
1347 810
1354 159
1357 810
1364 159
1367 810
1374 159
1377 810
1384 159
1387 810
1394 159
1397 810
1404 157
1407 810
1414 154
1417 810
1423 149
1426 815
1433 149
1436 815
1443 149
1446 815
1453 149
1456 815
1462 144
1466 815
1471 149
1475 810
1480 154
1485 810
1490 154
1494 815
1500 154
1504 815
1510 157
1514 815
1520 159
1524 815
1530 159
1534 815
1540 159
1544 815
1550 159
1554 815
1560 159
1564 815
1570 159
1574 815
1580 159
1584 815
1590 159
1594 815
1600 159
1604 815
1610 159
1614 812
1620 159
1624 810
1630 159
1634 810
1640 159
1644 810
1650 159
1654 810
1660 159
1664 810
1670 159
1674 810
1680 159
1684 810
1690 159
1694 810
1700 159
1704 810
1710 159
1714 810
1720 162
1724 810
1730 164
1734 810
1740 164
1744 810
1750 164
1754 810
1760 164
1764 810
1770 164
1774 810
1780 164
1784 810
1790 164
1794 810
1800 164
1804 810
1810 164
1814 810
1820 164
1824 807
1830 164
1834 805
1840 164
1844 802
1850 164
1854 805
1860 164
1864 805
1870 167
1874 805
1880 169
1884 805
1890 169
1894 805
1900 169
1903 800
1910 169
1913 800
1920 169
1923 800
1930 169
1933 800
1940 169
1943 800
1950 169
1953 800
1960 169
1962 795
1970 169
1972 795
1980 169
1982 795
1989 174
1992 795
1999 174
2002 795
2009 174
2012 795
2019 174
2022 795
2029 174
2032 795
2039 174
2042 795
2049 174
2051 790
2059 174
2061 790
2069 176
2071 790
2079 179
2081 790
2088 184
2090 785
2097 189
2100 780
2104 197
2108 773
2112 204
2115 765
2119 212
2123 758
2124 221
2125 231
2128 748
2130 240
2130 250
2130 260
2130 270
2130 280
2130 290
2130 300
2130 310
2130 320
2130 330
2130 340
2132 350
2133 738
2135 360
2135 370
2135 380
2135 390
2135 400
2135 410
2135 420
2135 430
2135 440
2135 450
2135 460
2135 470
2135 480
2135 490
2135 500
2135 510
2135 520
2135 725
2140 529
2140 539
2140 549
2140 559
2140 569
2140 579
2140 589
2140 599
2140 609
2140 619
2140 629
2140 639
2140 649
2140 659
2140 669
2140 679
2140 689
2140 699
2140 709
