214 227
214 237
214 247
214 257
219 217
219 266
226 274
229 212
234 280
239 209
243 285
249 209
253 285
258 204
262 290
268 204
272 290
278 204
282 290
288 204
292 290
298 204
302 290
308 204
312 290
318 204
322 290
328 204
332 290
338 204
342 290
348 204
352 290
358 204
362 290
368 204
372 290
378 204
382 294
388 204
392 295
398 204
402 295
407 199
412 295
417 199
422 295
427 199
432 295
437 199
441 300
444 377
444 387
444 397
444 407
444 417
444 427
444 437
444 447
444 457
444 467
444 477
444 487
444 497
444 507
444 537
444 547
444 557
444 567
444 577
447 199
449 306
449 327
449 337
449 347
449 357
449 367
449 516
449 526
449 586
454 315
454 595
457 199
460 603
467 199
468 610
472 620
477 199
477 629
481 639
486 648
487 199
495 653
497 199
503 660
507 199
512 665
517 199
522 669
526 194
531 674
536 194
541 675
545 189
550 680
554 184
560 682
563 179
570 685
573 179
580 685
583 179
590 687
593 179
600 690
602 174
610 692
612 174
620 695
622 174
629 700
632 174
639 700
642 174
648 705
652 174
658 705
662 174
668 705
672 174
678 703
682 174
688 700
692 174
698 700
702 169
708 700
712 169
718 700
722 169
728 700
732 169
737 705
742 169
746 710
752 169
755 715
762 169
765 715
772 169
775 715
782 169
785 715
792 169
795 710
802 169
805 705
812 169
815 705
822 169
825 705
832 169
835 705
842 169
845 700
852 169
855 700
862 169
865 700
872 169
875 700
882 169
885 700
892 169
895 700
902 169
905 695
912 169
915 695
922 169
925 695
931 174
935 695
941 174
945 695
951 174
955 695
961 174
965 695
971 174
975 695
981 174
985 695
991 174
995 695
1001 174
1005 695
1011 174
1015 690
1020 179
1025 690
1030 179
1035 690
1040 179
1045 690
1050 179
1055 690
1060 179
1065 690
1070 179
1075 690
1080 179
1085 690
1090 179
1095 690
1100 179
1105 690
1110 179
1115 690
1120 179
1125 690
1130 179
1135 690
1140 179
1145 690
1150 179
1155 690
1160 179
1165 690
1170 179
1175 690
1180 179
1184 695
1190 179
1193 700
1200 179
1202 705
1210 179
1212 705
1220 179
1222 705
1230 179
1232 705
1240 179
1242 705
1250 179
1251 700
1260 179
1261 700
1270 179
1270 695
1280 179
1280 695
1289 700
1290 179
1299 700
1300 179
1309 700
1310 179
1318 695
1320 179
1328 695
1330 176
1338 695
1340 174
1347 700
1350 174
1357 704
1360 174
1366 709
1370 174
1376 710
1380 174
1386 710
1390 174
1396 710
1400 174
1406 710
1410 174
1416 710
1420 174
1426 710
1430 174
1436 710
1440 174
1445 705
1450 174
1455 705
1460 174
1465 705
1470 174
1475 705
1480 174
1485 705
1490 174
1495 705
1500 174
1505 705
1510 174
1515 705
1520 174
1525 705
1530 174
1535 705
1540 174
1545 700
1550 174
1555 700
1560 174
1565 700
1570 174
1575 700
1580 174
1585 700
1590 174
1595 700
1600 174
1605 700
1610 174
1615 700
1620 174
1625 700
1629 179
1635 700
1639 179
1645 700
1649 179
1655 700
1659 179
1665 695
1669 179
1675 695
1679 179
1684 700
1689 179
1694 700
1699 179
1704 700
1709 179
1713 695
1718 184
1723 695
1728 184
1733 695
1738 184
1743 695
1748 184
1753 693
1758 185
1763 690
1768 189
1773 690
1778 189
1783 690
1788 189
1793 688
1798 190
1803 685
1807 195
1813 685
1817 199
1822 680
1826 204
1831 675
1834 211
1839 667
1840 219
1845 228
1847 659
1850 237
1852 649
1855 246
1855 256
1855 630
1860 265
1860 275
1860 285
1860 295
1860 305
1860 315
1860 325
1860 570
1860 580
1860 590
1860 600
1860 610
1860 620
1865 334
1865 344
1865 354
1865 364
1865 374
1865 384
1865 394
1865 404
1865 414
1865 424
1865 470
1865 480
1865 490
1865 500
1865 510
1865 520
1865 530
1865 540
1865 550
1865 560
1870 433
1870 443
1870 453
