209 232
209 242
209 252
209 262
209 272
209 282
209 292
209 302
214 311
217 224
219 320
225 328
226 219
235 214
235 330
245 214
245 330
255 214
255 330
265 214
265 330
275 214
275 330
285 214
285 330
295 214
295 332
305 214
305 335
315 214
315 335
325 214
325 335
335 214
335 335
345 214
345 335
355 211
355 335
365 209
365 335
375 209
375 335
385 209
385 335
395 209
395 335
405 209
405 335
415 209
415 335
425 209
425 335
435 209
435 335
445 209
445 335
455 209
455 335
465 209
465 335
475 212
475 330
485 209
485 332
495 209
495 335
504 214
505 335
513 209
515 335
523 209
525 335
533 209
535 335
539 467
539 477
539 487
539 497
539 507
539 517
539 527
539 537
539 547
539 557
539 567
539 577
539 587
539 597
539 607
539 617
539 627
539 637
539 647
539 657
543 209
544 442
544 452
544 666
544 676
545 335
549 427
549 685
549 695
553 209
554 397
554 407
554 417
554 704
554 714
554 724
555 337
559 372
559 382
559 733
559 743
562 204
562 345
564 355
564 752
564 762
569 771
569 781
572 204
574 790
577 800
582 204
584 808
585 818
592 204
593 825
597 835
602 204
605 842
612 199
612 850
620 857
622 199
629 862
632 199
635 870
642 199
644 875
650 883
652 199
658 890
661 204
665 898
671 204
675 902
680 199
682 910
690 199
692 910
700 199
700 917
710 196
710 920
720 194
720 922
729 187
729 927
739 184
739 930
749 184
749 930
758 935
759 184
768 935
769 184
778 935
779 184
788 935
789 184
798 935
799 184
807 940
809 184
817 940
819 184
827 940
829 184
837 940
839 184
847 940
849 184
857 940
859 184
867 940
869 184
877 940
879 184
887 940
889 184
897 940
899 184
907 940
909 182
917 940
919 179
927 940
929 179
937 940
939 179
947 940
949 179
957 940
959 179
967 940
969 179
977 940
979 179
987 940
989 179
997 940
999 179
1007 940
1009 179
1017 940
1019 179
1027 940
1029 179
1037 940
1039 179
1047 940
1049 179
1057 940
1059 179
1067 940
1069 179
1077 940
1079 179
1087 940
1089 179
1097 940
1099 179
1107 940
1109 179
1117 940
1119 179
1126 945
1129 179
1136 945
1139 179
1145 940
1149 179
1154 945
1159 179
1164 942
1169 179
1174 940
1179 179
1184 940
1189 179
1194 940
1199 179
1204 940
1209 179
1214 940
1219 179
1224 940
1229 179
1234 940
1239 179
1244 940
1249 179
1254 940
1259 179
1264 940
1269 179
1274 940
1279 179
1284 940
1289 179
1294 940
1299 179
1304 940
1309 179
1314 940
1319 179
1324 940
1329 179
1334 940
1339 179
1344 940
1349 179
1354 940
1359 179
1364 940
1369 179
1374 940
1379 179
1384 940
1389 179
1393 935
1399 179
1403 935
1409 179
1413 935
1419 179
1423 935
1429 179
1433 935
1439 179
1443 935
1449 179
1453 935
1459 179
1463 935
1469 179
1473 935
1479 179
1482 940
1489 179
1491 945
1499 179
1501 945
1509 179
1511 948
1519 179
1521 950
1529 179
1531 950
1539 179
1541 950
1549 179
1550 945
1559 179
1560 945
1569 179
1570 945
1578 938
1579 179
1588 935
1589 179
1597 930
1599 179
1607 930
1609 179
1617 930
1619 179
1627 930
1629 179
1637 930
1639 179
1647 930
1649 179
1657 930
1659 179
1667 930
1669 179
1677 930
1679 179
1687 930
1688 184
1697 930
1698 184
1707 930
1708 184
1717 930
1718 184
1727 930
1728 184
1737 930
1738 184
1747 930
1748 184
1757 930
1758 184
1767 930
1768 184
1777 930
1778 184
1787 930
1788 184
1797 930
1798 184
1807 930
1808 184
1817 930
1818 184
1827 930
1828 184
1836 925
1838 184
1846 925
1848 184
1856 925
1858 184
1866 925
1868 184
1876 925
1878 184
1886 925
1888 184
1896 925
1898 184
1906 925
1908 184
1916 925
1918 185
1926 925
1928 189
1936 925
1938 189
1946 925
1948 189
1956 925
1958 189
1966 925
1968 189
1976 925
1978 189
1986 925
1988 189
1996 925
1998 189
2006 925
2008 189
2016 925
2018 189
2026 925
2028 189
2036 925
2038 189
2045 920
2048 189
2055 920
2058 189
2065 920
2068 189
2075 920
2078 189
2085 920
2088 189
2095 920
2098 189
2105 920
2108 189
2115 920
2118 189
2125 920
2128 189
2135 920
2138 189
2145 920
2148 189
2155 920
2158 190
2165 920
2168 194
2174 915
2178 194
2183 920
2188 194
2193 920
2198 194
2203 918
2208 194
2213 915
2218 194
2223 915
2228 194
2233 915
2238 194
2243 915
2248 194
2253 915
2258 194
2263 915
2268 194
2273 915
2278 194
2283 913
2288 194
2293 910
2297 199
2303 910
2307 199
2313 910
2316 204
2323 910
2325 209
2333 908
2335 209
2343 215
2343 903
2352 220
2353 898
2360 890
2362 224
2368 883
2369 232
2375 875
2379 236
2383 868
2385 244
2388 858
2394 249
2395 835
2395 845
2400 780
2400 790
2400 800
2400 810
2400 820
2402 255
2405 725
2405 735
2405 745
2405 755
2405 765
2410 262
2410 650
2410 660
2410 670
2410 680
2410 690
2410 700
2410 710
2415 605
2415 615
2415 625
2415 635
2417 270
2420 280
2420 290
2420 510
2420 520
2420 530
2420 540
2420 550
2420 560
2420 570
2420 580
2420 590
2425 299
2425 309
2425 319
2425 329
2425 339
2425 349
2425 359
2425 369
2425 379
2425 389
2425 399
2425 409
2425 419
2425 429
2425 439
2425 449
2425 459
2425 469
2425 479
2425 489
2425 500
