74 187
74 197
74 207
79 177
79 216
84 167
86 224
92 159
94 230
101 154
103 235
110 149
112 240
120 149
122 240
130 149
131 245
140 149
141 245
150 146
151 245
160 144
161 245
170 144
171 245
180 144
181 245
190 144
191 245
200 144
201 245
210 144
211 245
220 144
221 245
230 144
231 245
240 141
241 245
250 139
251 245
260 139
261 245
270 139
271 245
280 139
281 245
290 139
291 245
300 139
301 245
310 139
311 245
320 139
321 245
330 139
331 245
340 139
341 248
349 357
349 367
349 377
349 387
349 397
349 407
349 417
349 427
349 437
349 447
349 457
349 467
349 477
349 487
350 139
350 253
354 317
354 327
354 337
354 347
354 496
354 506
354 516
354 526
354 536
354 546
354 556
359 258
359 282
359 292
359 302
359 565
360 139
362 575
364 267
367 584
370 139
371 594
376 603
380 139
384 610
389 619
390 139
394 628
399 637
400 136
404 646
410 134
411 654
419 660
420 134
425 668
430 134
435 672
440 134
442 680
450 134
452 684
460 131
460 690
470 129
470 690
479 695
480 129
489 134
489 695
499 134
499 695
508 139
509 695
518 139
519 695
528 139
529 695
538 139
538 700
548 139
548 700
558 139
558 700
568 139
568 700
578 139
578 700
588 139
588 700
598 139
598 700
608 139
608 700
618 139
618 700
628 139
628 700
638 139
638 700
648 139
648 700
658 139
658 700
667 705
668 139
677 134
677 705
687 134
687 705
697 134
697 705
707 134
707 705
717 134
717 705
727 134
727 705
736 139
737 705
746 135
747 705
756 134
757 705
765 139
767 705
775 139
777 705
785 139
787 705
795 139
797 705
804 134
807 705
814 134
817 705
824 136
827 705
834 139
837 705
844 137
847 705
854 134
857 705
864 134
867 705
874 134
877 705
884 134
887 705
894 134
897 705
904 134
907 705
914 134
917 705
924 134
927 705
934 134
937 705
944 134
947 705
954 134
957 705
964 134
967 705
974 134
977 705
984 134
987 705
994 134
997 705
1004 134
1007 704
1014 134
1017 700
1024 136
1027 700
1034 137
1037 700
1044 134
1047 700
1054 134
1057 700
1064 134
1067 700
1074 134
1077 700
1084 134
1087 700
1094 134
1097 700
1104 134
1107 700
1114 134
1117 700
1124 134
1127 700
1134 134
1137 700
1144 134
1147 700
1154 134
1157 700
1164 134
1167 700
1174 134
1177 700
1184 134
1187 700
1194 134
1196 705
1204 134
1206 705
1214 134
1216 705
1224 134
1226 705
1234 134
1236 705
1244 134
1246 705
1254 134
1256 705
1264 134
1266 705
1274 134
1276 705
1284 134
1286 705
1294 134
1296 705
1304 134
1306 705
1314 134
1315 700
1324 134
1325 700
1334 134
1335 700
1344 134
1345 700
1354 134
1355 700
1364 134
1365 700
1374 134
1375 700
1384 134
1385 700
1394 134
1395 700
1404 132
1405 700
1414 129
1415 700
1423 134
1425 700
1433 134
1435 700
1443 134
1445 700
1452 129
1455 700
1462 129
1465 700
1472 129
1475 700
1482 129
1485 700
1492 129
1495 695
1502 129
1505 695
1512 129
1515 695
1522 129
1525 695
1532 129
1535 695
1542 129
1545 695
1552 129
1555 695
1562 129
1565 695
1572 129
1575 695
1582 129
1585 695
1592 129
1595 690
1602 129
1605 690
1612 129
1615 690
1622 129
1625 690
1632 129
1635 690
1641 134
1645 690
1651 134
1655 690
1661 134
1665 690
1670 129
1675 690
1680 129
1685 690
1690 129
1695 690
1700 129
1705 690
1710 129
1715 690
1720 129
1725 690
1730 129
1735 690
1740 129
1745 690
1750 129
1755 690
1760 126
1765 690
1770 124
1775 690
1780 124
1785 690
1790 124
1795 690
1800 124
1805 690
1810 124
1815 690
1820 124
1825 690
1830 124
1835 690
1840 124
1845 690
1850 127
1855 690
1860 129
1865 690
1869 134
1875 690
1877 140
1884 685
1885 147
1892 155
1892 679
1897 164
1900 174
1900 670
1905 183
1908 663
1910 192
1910 202
1910 212
1913 653
1915 221
1915 231
1920 240
1920 250
1920 260
1920 270
1920 645
1925 279
1925 289
1925 299
1925 309
1928 638
1930 318
1930 328
1930 338
1930 348
1930 358
1930 368
1930 378
1930 605
1930 615
1930 625
1935 387
1935 397
1935 480
1935 490
1935 525
1935 535
1935 545
1935 575
1935 585
1935 595
1937 500
1940 406
1940 416
1940 426
1940 436
1940 446
1940 456
1940 466
1940 510
1940 554
1940 564
