84 222
84 232
84 242
89 202
89 212
89 251
89 261
94 192
96 269
99 182
104 275
109 177
113 280
119 174
123 280
129 174
133 280
139 174
143 280
149 174
153 280
159 176
163 280
169 179
173 280
179 179
183 280
189 179
193 280
199 179
202 285
209 179
212 285
219 179
222 285
229 179
232 285
239 179
242 285
249 179
252 285
259 179
262 285
269 179
272 285
278 184
282 285
288 184
292 285
297 179
302 285
307 179
312 289
316 184
319 457
319 467
319 477
319 507
319 517
319 527
319 537
319 547
322 290
324 437
324 447
324 486
324 496
324 556
324 566
326 184
329 362
329 372
329 382
329 392
329 402
329 412
329 422
329 575
329 585
329 595
332 290
334 312
334 322
334 332
334 342
334 352
334 604
334 614
336 180
336 624
337 299
339 634
339 644
344 174
344 653
345 663
349 673
353 169
354 682
359 691
363 169
364 700
370 708
373 169
378 715
383 169
385 723
393 169
393 730
402 735
403 169
411 740
413 169
420 745
423 169
430 745
433 169
439 750
443 169
449 750
453 169
459 750
463 169
469 750
473 170
478 755
483 174
488 755
493 174
498 755
503 174
508 755
513 174
518 755
522 169
528 755
532 169
538 755
542 169
548 755
552 164
557 760
562 164
567 760
572 164
577 760
582 159
587 764
592 159
597 765
602 159
607 765
612 159
617 765
622 159
627 765
632 159
637 765
642 154
647 769
652 154
657 770
662 154
667 770
672 154
677 770
682 154
686 775
692 154
696 775
702 154
706 775
712 154
716 775
722 154
726 775
732 154
736 775
742 154
746 775
752 154
755 770
762 154
765 770
772 154
775 770
782 154
785 770
792 154
795 770
802 154
805 770
812 154
815 770
822 154
825 770
832 154
835 770
842 154
845 770
852 154
855 770
862 154
865 770
872 154
875 772
882 154
885 775
892 154
895 775
902 154
905 775
912 154
915 770
922 154
925 765
932 154
935 765
942 154
945 765
952 154
954 760
962 154
964 760
972 154
974 760
982 154
984 760
992 154
994 760
1002 154
1004 760
1012 154
1014 757
1021 159
1024 755
1031 159
1034 755
1041 159
1044 755
1051 159
1054 752
1061 159
1064 750
1071 159
1074 750
1081 159
1084 750
1091 159
1094 750
1101 159
1104 750
1111 159
1114 750
1121 159
1123 745
1131 159
1133 745
1141 159
1143 745
1151 159
1153 745
1161 159
1163 743
1171 159
1173 740
1181 159
1183 740
1191 159
1193 740
1201 159
1203 740
1211 159
1213 740
1221 159
1223 740
1231 159
1233 740
1241 159
1243 740
1250 164
1253 740
1260 164
1263 740
1269 159
1273 740
1279 159
1283 740
1289 159
1293 740
1299 159
1303 740
1309 159
1313 740
1319 159
1323 740
1329 159
1333 740
1338 164
1343 740
1348 164
1352 735
1358 164
1362 735
1368 164
1372 735
1378 164
1382 735
1388 164
1392 735
1398 164
1402 735
1408 164
1412 735
1418 164
1422 735
1428 164
1432 735
1438 164
1442 735
1448 164
1452 734
1458 164
1462 730
1468 164
1472 730
1478 164
1482 730
1488 164
1492 730
1498 164
1502 730
1508 164
1512 730
1518 164
1522 730
1528 164
1532 730
1538 164
1542 730
1548 164
1552 730
1558 164
1562 730
1568 164
1572 730
1578 164
1582 730
1588 164
1592 730
1598 164
1602 730
1608 164
1612 730
1617 159
1622 730
1627 159
1632 730
1637 159
1642 730
1647 159
1652 729
1657 159
1662 725
1667 159
1672 725
1677 159
1682 725
1687 159
1692 725
1696 164
1702 725
1706 164
1712 725
1716 164
1721 720
1726 164
1731 720
1736 164
1741 720
1746 164
1751 720
1756 164
1761 720
1766 164
1771 720
1776 164
1781 720
1786 164
1791 720
1796 164
1801 720
1806 164
1810 715
1816 164
1820 715
1826 164
1830 715
1836 164
1840 715
1845 169
1850 715
1855 169
1860 715
1865 169
1870 715
1875 169
1880 715
1885 169
1890 715
1895 169
1899 710
1905 169
1909 710
1915 169
1919 710
1925 169
1929 710
1935 169
1939 710
1945 169
1948 705
1955 172
1958 705
1965 174
1968 705
1974 179
1978 703
1984 181
1988 700
1994 184
1998 698
2003 189
2008 693
2012 194
2018 688
2019 202
2025 680
2029 206
2030 670
2035 214
2035 620
2035 630
2035 640
2035 650
2035 660
2040 223
2040 570
2040 580
2040 590
2040 600
2040 610
2045 232
2045 510
2045 520
2045 530
2045 540
2045 550
2045 560
2050 241
2050 251
2050 261
2050 271
2050 281
2050 291
2050 301
2050 311
2050 321
2050 331
2050 341
2050 351
2050 361
2050 371
2050 381
2050 391
2050 401
2050 411
2050 421
2050 431
2050 441
2050 451
2050 461
2050 471
2050 481
2050 491
2050 501
