174 122
174 132
174 142
174 152
174 162
179 112
179 171
186 179
189 107
194 185
199 104
204 185
209 104
214 185
218 99
223 190
228 99
233 190
238 99
243 190
248 99
253 190
258 99
263 190
268 99
273 190
278 99
283 190
288 99
293 190
298 99
303 190
308 99
313 190
317 94
323 190
327 94
333 190
337 94
343 190
347 94
352 195
357 94
362 195
367 94
372 195
377 94
382 195
387 94
392 195
396 89
402 195
406 89
412 195
416 89
422 195
426 89
432 195
436 89
442 195
444 347
444 357
444 367
444 377
444 387
444 397
444 407
444 432
444 442
444 452
446 89
449 287
449 297
449 307
449 317
449 327
449 337
449 416
449 461
449 471
449 481
449 491
449 501
449 511
449 521
449 531
452 199
454 227
454 237
454 247
454 257
454 267
454 277
454 540
454 550
454 560
454 570
454 580
456 89
457 590
459 207
459 217
459 600
464 609
465 84
469 618
474 627
475 84
479 636
485 84
486 644
494 650
495 84
503 655
505 84
512 660
515 84
521 665
525 84
531 668
535 84
540 673
545 84
550 675
555 84
560 675
565 84
570 677
575 81
580 680
585 79
590 680
595 79
600 680
605 79
610 680
615 79
620 680
625 79
630 680
635 79
640 680
645 79
650 680
655 79
660 680
665 79
670 680
675 76
680 682
685 74
690 685
695 74
700 685
705 74
710 685
715 74
720 685
725 74
730 685
735 74
740 685
745 74
750 685
755 74
760 685
765 74
769 690
775 74
779 690
785 74
788 695
795 74
798 695
804 79
807 690
814 79
817 690
824 79
826 685
834 79
836 685
844 79
846 685
854 79
856 685
864 79
866 685
874 79
876 685
884 79
886 688
894 79
896 690
904 79
906 690
914 79
916 690
923 84
926 690
933 84
935 685
943 84
945 685
953 84
955 685
963 84
964 680
973 84
974 680
983 84
984 680
993 84
994 680
1003 84
1004 680
1013 84
1014 680
1023 84
1024 680
1033 84
1033 685
1043 84
1043 685
1053 84
1053 685
1063 84
1063 685
1073 84
1073 685
1083 84
1083 685
1093 84
1093 683
1103 84
1103 680
1113 84
1113 680
1123 84
1123 680
1133 84
1133 680
1143 84
1143 680
1153 84
1153 680
1163 84
1163 680
1173 84
1173 680
1183 84
1183 680
1193 84
1193 680
1203 84
1203 680
1213 84
1213 680
1223 84
1223 680
1233 84
1233 680
1243 84
1243 680
1252 685
1253 84
1262 685
1263 84
1272 685
1273 84
1282 685
1283 84
1292 685
1293 84
1302 685
1303 84
1312 685
1313 84
1322 685
1323 84
1332 79
1332 685
1342 79
1342 685
1352 79
1352 685
1361 690
1362 79
1371 690
1372 79
1381 690
1382 79
1391 690
1392 74
1401 690
1402 74
1411 690
1412 74
1421 690
1422 74
1431 690
1432 74
1441 690
1442 74
1451 690
1452 74
1461 79
1461 690
1471 79
1471 690
1481 79
1481 690
1491 79
1491 690
1501 79
1501 690
1511 79
1511 690
1521 79
1521 690
1531 79
1531 690
1541 79
1541 690
1551 79
1551 690
1560 84
1561 690
1570 84
1571 690
1580 84
1581 690
1590 84
1591 690
1600 84
1601 690
1610 84
1611 690
1620 84
1620 685
1630 87
1630 680
1640 89
1640 680
1650 89
1650 680
1660 92
1660 680
1669 675
1670 94
1679 675
1680 94
1689 675
1690 94
1699 675
1700 94
1709 675
1710 94
1719 99
1719 675
1729 99
1729 672
1739 99
1739 670
1749 99
1749 670
1759 99
1759 670
1769 99
1769 670
1778 104
1779 670
1788 104
1789 670
1798 104
1798 665
1807 109
1807 660
1814 117
1816 655
1820 645
1822 124
1825 134
1825 144
1825 630
1830 153
1830 163
1830 173
1830 183
1830 193
1830 203
1830 213
1830 223
1830 233
1830 243
1830 253
1830 263
1830 273
1830 283
1830 293
1830 500
1830 510
1830 520
1830 530
1830 540
1830 550
1830 560
1830 570
1830 580
1830 590
1830 600
1830 610
1830 620
1835 302
1835 312
1835 322
1835 332
1835 342
1835 352
1835 362
1835 485
1840 371
1840 381
1840 391
1840 401
1840 411
1840 421
1840 431
1840 441
1840 451
1840 461
1840 471
