189 232
189 242
189 252
194 212
194 222
194 261
199 202
199 270
202 280
209 199
212 284
219 199
222 285
228 194
232 285
237 189
242 289
247 189
252 290
257 189
262 290
267 189
272 290
277 189
282 290
286 184
292 290
296 184
302 290
306 184
312 290
316 184
322 290
326 184
332 290
336 184
342 290
346 184
352 290
356 184
362 290
366 184
372 290
376 184
382 290
386 184
392 290
396 184
402 290
406 184
411 295
416 184
421 298
426 184
429 472
429 482
429 492
431 300
434 357
434 367
434 377
434 387
434 397
434 407
434 417
434 427
434 437
434 447
434 457
434 501
434 511
436 184
439 306
439 327
439 337
439 347
439 520
439 530
439 540
442 550
444 315
444 560
444 570
446 184
449 579
449 589
451 599
455 179
456 608
460 618
465 179
465 627
472 635
475 179
479 643
484 652
485 179
494 184
494 655
500 663
504 184
508 670
513 179
515 678
523 179
525 682
532 690
533 179
542 174
542 694
551 699
552 169
561 700
562 169
571 700
572 164
580 705
582 164
590 705
592 164
599 710
601 159
609 710
611 159
618 715
621 159
627 720
631 159
637 724
641 159
647 725
651 159
656 730
661 155
666 730
671 154
676 730
681 154
686 730
690 159
696 730
700 159
705 725
710 159
714 720
719 154
724 720
729 154
734 720
739 154
743 725
749 154
752 730
759 154
761 735
769 154
771 735
779 154
781 735
789 154
791 735
799 154
801 735
809 154
810 730
819 154
820 725
829 154
830 720
839 154
840 720
849 154
850 720
859 154
860 720
869 154
870 720
879 154
880 720
889 154
890 720
899 154
900 720
909 154
910 720
919 154
920 720
929 154
930 720
939 154
940 720
949 154
950 720
959 154
960 720
969 154
970 720
979 154
980 720
989 154
990 720
999 154
1000 720
1009 154
1010 720
1019 154
1020 720
1029 154
1029 715
1039 154
1039 715
1049 154
1049 715
1059 154
1059 715
1069 154
1069 715
1079 156
1079 715
1089 159
1089 715
1099 159
1099 715
1109 159
1109 715
1119 159
1119 715
1129 159
1129 715
1139 159
1139 715
1149 159
1149 715
1159 159
1159 715
1169 159
1169 712
1179 159
1179 710
1189 159
1189 710
1199 159
1199 710
1209 159
1209 710
1219 159
1219 710
1229 159
1229 710
1239 159
1239 710
1249 159
1249 710
1258 715
1259 159
1267 720
1268 154
1277 720
1278 154
1286 725
1288 154
1296 725
1298 154
1305 720
1308 154
1315 720
1317 159
1325 720
1327 159
1334 715
1337 159
1344 715
1347 159
1353 710
1357 159
1363 710
1366 154
1373 710
1376 154
1383 710
1386 154
1393 710
1396 154
1403 710
1406 154
1412 715
1416 154
1422 715
1426 154
1432 715
1436 154
1442 715
1446 154
1452 715
1456 154
1462 715
1466 154
1472 715
1476 154
1482 715
1486 154
1492 715
1496 154
1502 715
1506 150
1512 715
1516 149
1522 715
1526 149
1532 715
1536 149
1542 715
1546 149
1552 715
1556 149
1561 720
1566 149
1571 720
1576 149
1581 720
1586 149
1591 720
1596 149
1601 720
1606 149
1611 720
1616 149
1621 720
1626 149
1631 720
1636 149
1641 720
1645 154
1651 720
1655 154
1661 720
1665 154
1671 720
1675 154
1681 720
1685 154
1691 720
1695 154
1701 720
1705 154
1711 720
1715 154
1721 720
1725 154
1731 720
1735 154
1740 715
1745 154
1750 715
1755 157
1760 715
1765 159
1770 715
1775 159
1780 715
1785 159
1790 715
1795 159
1800 715
1805 159
1810 715
1815 159
1819 710
1825 159
1829 710
1835 159
1839 710
1844 164
1849 710
1854 164
1859 710
1864 164
1869 710
1874 164
1879 707
1884 166
1889 705
1894 169
1899 705
1904 169
1909 702
1913 174
1919 700
1923 175
1929 697
1932 180
1939 692
1940 187
1947 195
1949 687
1955 202
1957 679
1960 211
1965 220
1965 665
1967 230
1970 240
1970 250
1970 655
1972 260
1975 270
1975 630
1975 640
1977 280
1980 290
1980 300
1980 310
1980 320
1980 330
1980 340
1980 350
1980 535
1980 545
1980 555
1980 565
1980 575
1980 585
1980 595
1980 605
1980 615
1982 360
1985 370
1985 380
1985 390
1985 400
1985 410
1985 420
1985 430
1985 440
1985 450
1985 460
1985 470
1985 480
1985 490
1985 500
1985 510
1985 520
