144 257
144 267
144 277
149 242
149 286
154 232
154 295
157 305
162 224
167 309
172 224
177 310
182 224
187 310
192 224
196 315
201 219
206 315
211 219
216 315
221 219
226 315
231 219
236 318
241 219
246 320
251 219
256 320
261 219
266 320
271 219
276 320
281 219
286 320
291 219
296 320
301 219
306 320
311 219
316 320
321 219
325 325
331 219
335 325
341 219
345 325
351 219
355 325
361 215
365 325
371 214
375 325
381 214
385 325
391 214
395 325
401 214
405 325
411 214
415 325
421 214
425 327
431 214
435 330
441 214
445 330
451 214
454 552
454 562
454 572
454 582
454 592
454 602
454 612
454 622
454 632
454 642
454 652
454 662
455 332
459 342
459 402
459 412
459 422
459 432
459 442
459 452
459 462
459 472
459 482
459 492
459 502
459 512
459 522
459 532
459 542
459 671
459 681
459 691
459 701
459 711
461 210
464 351
464 361
464 371
464 381
464 391
464 720
467 730
469 740
471 209
474 749
480 204
480 757
484 767
490 204
492 774
499 782
500 204
507 789
509 209
514 797
519 209
524 800
529 209
533 805
539 209
542 810
549 209
551 815
559 209
560 820
569 209
570 820
579 209
580 822
589 209
590 825
599 209
600 825
609 209
610 825
619 209
620 825
629 209
630 825
639 209
640 827
649 209
650 830
659 209
660 830
669 209
670 830
679 209
680 830
689 209
690 830
699 209
700 830
709 209
710 830
719 209
720 830
729 209
730 830
739 209
740 830
749 209
750 830
759 209
760 830
769 209
770 830
779 209
780 830
789 209
790 830
799 209
800 830
809 209
810 830
819 209
820 830
829 209
830 830
839 211
840 830
849 214
850 830
859 214
860 830
869 214
870 830
879 214
880 832
889 214
889 837
899 214
899 840
909 214
909 840
918 845
919 214
928 845
929 214
938 845
939 214
947 840
949 214
957 840
959 214
967 840
969 214
977 840
979 214
987 839
989 214
997 834
999 214
1007 830
1009 214
1017 830
1019 214
1027 830
1029 214
1036 835
1039 214
1045 840
1049 214
1055 840
1059 214
1065 840
1069 214
1075 840
1079 214
1084 845
1089 214
1094 845
1099 214
1104 845
1109 214
1114 845
1119 214
1124 845
1129 214
1134 842
1139 214
1144 840
1149 214
1153 835
1159 214
1163 835
1169 214
1173 835
1179 214
1183 835
1189 214
1193 835
1199 214
1203 835
1209 214
1213 835
1219 214
1223 835
1229 214
1233 835
1239 214
1243 835
1249 214
1253 835
1259 214
1263 835
1269 216
1273 835
1279 219
1283 835
1289 219
1293 835
1299 219
1303 835
1309 219
1313 835
1319 219
1323 835
1329 219
1333 835
1339 219
1343 835
1349 219
1353 835
1359 219
1363 835
1369 219
1373 835
1379 217
1382 840
1389 214
1392 840
1399 214
1402 840
1409 214
1412 840
1419 214
1422 840
1429 214
1432 840
1439 214
1442 840
1449 214
1452 840
1459 214
1462 840
1469 214
1472 840
1479 214
1482 840
1489 214
1492 840
1499 214
1502 840
1509 214
1512 840
1519 214
1522 840
1529 214
1532 840
1539 214
1542 840
1549 216
1552 840
1559 219
1562 840
1568 214
1572 840
1578 214
1582 840
1588 214
1592 840
1598 215
1602 840
1608 219
1612 840
1618 219
1622 840
1627 214
1632 840
1637 214
1642 840
1647 214
1652 840
1657 214
1662 840
1667 214
1672 840
1677 214
1682 840
1687 214
1692 840
1697 214
1702 840
1707 214
1712 840
1717 214
1722 840
1727 214
1732 840
1737 214
1742 840
1746 219
1752 840
1756 219
1762 840
1766 219
1772 840
1776 219
1782 840
1786 219
1792 840
1796 219
1802 840
1806 219
1812 840
1816 219
1822 840
1825 224
1832 840
1835 224
1842 840
1845 224
1852 840
1855 224
1862 840
1865 224
1872 840
1875 224
1882 840
1885 224
1892 840
1895 224
1902 840
1905 224
1912 840
1915 224
1922 840
1925 224
1932 840
1935 224
1942 840
1945 224
1952 840
1955 224
1962 840
1965 224
1972 840
1975 224
1982 840
1985 224
1992 840
1995 224
2002 840
2005 224
2012 840
2015 224
2022 840
2025 224
2032 840
2035 224
2042 840
2045 224
2052 840
2055 224
2062 840
2065 224
2072 840
2075 224
2082 840
2085 224
2092 840
2095 224
2102 840
2105 224
2112 840
2115 224
2122 840
2125 224
2132 840
2135 224
2142 840
2145 224
2152 840
2155 224
2162 840
2165 224
2172 840
2174 229
2181 835
2184 231
2190 830
2193 236
2200 244
2200 820
2205 253
2205 263
2205 295
2205 305
2205 315
2205 325
2205 335
2205 345
2205 355
2205 365
2205 375
2205 385
2205 395
2205 405
2205 415
2205 425
2205 435
2205 445
2205 455
2205 465
2205 475
2205 485
2205 495
2205 505
2205 515
2205 525
2205 535
2205 545
2205 555
2205 565
2205 575
2205 585
2205 595
2205 605
2205 615
2205 625
2205 635
2205 645
2205 655
2205 665
2205 675
2205 685
2205 695
2205 705
2205 715
2205 725
2205 735
2205 745
2205 755
2205 765
2205 775
2205 785
2205 795
2205 805
2210 272
2210 282
