194 522
194 532
194 542
199 512
199 551
199 561
199 571
204 502
204 580
204 590
209 327
209 337
209 347
209 357
209 492
209 599
209 609
209 619
209 629
209 639
214 317
214 366
214 482
214 648
215 658
219 307
219 375
219 668
220 678
222 385
222 474
224 707
224 717
224 727
224 737
224 747
225 687
227 299
227 394
229 697
229 756
229 766
232 469
234 402
234 775
235 291
237 785
239 795
239 805
240 461
242 409
243 284
244 814
248 454
249 417
249 823
250 276
254 426
254 436
254 446
254 832
259 927
259 937
259 947
259 957
260 271
262 839
264 912
264 966
264 976
269 847
269 902
269 985
269 1047
269 1057
269 1067
270 266
274 892
274 994
274 1004
274 1027
274 1037
277 854
277 1074
279 864
279 874
279 1013
280 261
285 1080
290 259
294 1085
300 259
304 1085
310 259
313 1090
319 264
323 1090
329 264
332 1095
339 264
342 1095
348 269
352 1095
358 269
362 1095
367 274
372 1095
376 279
382 1095
385 284
392 1095
393 290
395 985
395 995
395 1005
400 298
400 970
400 1014
402 1095
405 445
405 455
405 950
405 960
407 465
408 305
408 1020
410 425
410 435
410 910
410 920
410 930
410 940
411 1090
412 474
415 313
415 375
415 385
415 410
415 895
417 395
417 1025
419 482
420 322
420 332
420 342
420 352
420 362
420 885
421 1090
425 490
425 830
425 840
425 870
425 1032
427 850
430 499
430 509
430 519
430 860
430 1085
433 823
434 1037
435 528
435 538
435 570
435 580
435 590
439 1080
440 547
440 557
440 599
440 815
444 1039
445 608
449 1080
450 617
450 810
454 627
454 1041
455 637
455 780
457 790
458 803
459 647
459 1077
460 657
460 770
463 1046
465 666
467 1069
468 1055
470 675
470 765
472 685
475 695
480 704
480 714
480 760
485 723
488 753
490 732
490 742
