24 262
24 272
24 282
24 292
24 302
24 312
24 322
24 332
24 342
29 247
29 351
29 361
29 371
34 117
34 127
34 137
34 147
34 237
34 380
37 390
39 107
39 156
39 400
39 410
42 229
44 165
44 419
44 429
44 439
44 449
47 99
47 175
49 458
50 468
51 224
55 91
55 182
55 477
59 217
62 190
62 485
63 84
64 200
72 79
72 489
74 542
74 552
74 562
74 572
74 582
79 497
79 532
79 591
79 632
79 642
82 74
84 506
84 516
84 600
84 610
84 620
84 651
91 659
92 74
101 663
102 74
111 665
112 74
120 670
121 79
129 675
131 79
139 675
141 79
149 675
150 84
158 90
159 675
165 98
165 595
167 605
169 675
170 585
172 614
173 105
175 195
175 205
175 570
177 215
179 675
180 113
180 123
180 133
180 143
180 153
180 180
180 560
181 619
182 224
185 162
185 234
185 535
185 545
188 670
190 243
190 624
193 528
195 252
195 262
195 272
195 300
195 480
195 490
197 310
197 500
197 664
198 518
199 282
200 627
202 319
203 473
205 329
205 339
205 349
207 659
209 632
210 358
210 445
210 455
210 465
215 367
215 650
218 438
219 377
219 636
220 387
220 397
225 406
225 416
225 426
