24 257
24 267
24 277
24 287
24 297
24 307
29 247
29 316
29 326
29 336
29 346
29 356
34 132
34 142
34 237
34 365
34 375
34 385
37 395
39 117
39 151
39 405
42 229
44 107
44 160
44 414
44 424
44 434
44 444
47 170
50 452
52 99
52 224
54 462
54 472
55 177
59 187
60 91
60 216
62 479
64 196
64 206
68 84
69 487
74 562
74 572
77 79
77 494
79 547
79 581
79 591
84 502
84 512
84 522
84 532
84 600
84 610
84 620
84 630
84 640
87 79
87 650
92 659
97 79
99 667
107 79
109 670
117 79
119 670
127 79
128 675
136 84
138 675
145 89
148 675
155 89
158 675
164 94
168 675
170 600
172 100
175 205
175 215
175 585
175 609
177 109
177 225
178 675
180 119
180 195
180 575
182 234
183 615
185 128
185 138
185 148
185 158
185 168
185 178
185 560
188 673
189 242
190 252
190 535
190 545
190 623
194 262
195 272
195 295
195 525
197 305
198 629
198 670
200 281
200 315
200 485
200 495
200 505
200 515
205 324
207 664
208 478
208 630
210 333
210 343
210 353
213 468
215 362
215 450
217 635
217 659
219 372
220 382
220 440
225 391
225 642
225 652
228 401
228 433
230 411
230 421
