189 517
189 527
189 537
189 547
189 557
189 567
194 507
194 576
199 497
199 585
199 595
199 605
199 615
199 625
199 635
199 645
204 327
204 337
204 347
204 357
204 487
204 654
204 664
209 317
209 366
209 376
209 673
210 683
212 479
214 307
214 385
214 693
219 702
219 712
219 722
219 732
219 742
220 393
221 474
222 299
224 751
224 761
224 771
224 781
228 400
229 467
229 790
229 800
230 291
234 809
235 408
237 459
238 284
240 817
243 415
244 827
245 451
247 279
247 425
249 435
252 834
256 274
259 842
259 922
259 932
259 942
259 952
259 962
264 912
264 971
265 269
267 849
269 897
269 980
269 990
269 1047
269 1057
269 1067
274 264
274 857
274 867
274 877
274 887
274 999
274 1027
274 1037
276 1009
277 1074
284 264
285 1080
294 264
294 1085
304 264
304 1085
313 1090
314 264
323 1090
324 264
332 1095
334 266
342 1095
344 269
352 1095
353 274
362 279
362 1095
372 279
372 1095
381 284
382 1095
389 291
392 1095
395 299
395 455
395 990
395 1000
397 1010
400 445
400 464
400 975
402 1095
403 305
405 425
405 435
405 473
405 960
405 1017
407 315
410 375
410 385
410 415
410 945
411 1090
412 324
412 395
413 480
413 1024
415 334
415 344
415 354
415 364
415 405
415 905
415 915
415 925
415 935
420 488
420 895
420 1085
422 1029
425 497
425 507
425 517
425 885
429 527
430 537
430 570
430 580
430 825
430 835
430 845
430 855
430 865
430 875
430 1080
431 1034
432 590
435 546
435 556
437 599
438 818
440 609
440 1039
440 1080
445 618
445 810
449 1044
450 627
450 637
450 780
450 1080
453 803
454 647
455 657
455 789
458 773
459 1046
460 666
460 1075
463 676
465 686
465 765
465 1054
468 1068
470 695
470 705
475 714
475 755
480 723
480 733
480 743
