24 257
24 267
24 277
24 287
24 297
29 306
32 249
34 127
34 137
34 147
34 315
34 325
34 335
34 345
34 355
34 365
37 375
39 117
39 156
39 237
39 385
44 394
44 404
46 164
46 414
47 109
47 229
49 424
49 434
51 444
54 170
54 454
55 101
57 180
57 224
59 463
60 473
63 94
64 188
65 216
65 482
69 197
70 86
72 490
74 557
74 567
79 542
79 576
79 586
79 596
80 81
80 497
84 507
84 517
84 527
84 605
84 637
84 647
87 615
89 625
89 656
90 79
96 664
100 79
104 670
110 79
114 670
120 79
124 670
130 79
133 675
139 84
143 675
149 86
153 675
158 91
163 675
168 95
173 675
175 103
175 215
175 600
175 610
180 112
180 190
180 200
180 224
180 585
180 619
183 675
184 122
185 132
185 155
185 165
185 175
185 233
185 555
185 565
185 575
188 625
190 141
190 242
190 540
192 670
194 252
195 262
195 272
195 525
197 630
200 281
200 291
200 301
200 311
200 480
200 490
200 500
200 510
201 665
205 320
207 634
208 473
210 329
210 339
211 665
215 348
215 358
215 368
215 450
215 460
216 639
220 377
220 660
223 443
224 646
225 386
228 396
230 435
233 405
235 415
235 425
