199 517
199 527
199 537
199 547
199 557
204 507
204 566
204 576
209 497
209 585
212 595
214 317
214 327
214 337
214 347
214 357
214 367
214 487
214 605
214 615
214 625
214 635
217 645
219 307
219 376
219 655
222 479
224 385
224 664
224 674
224 707
224 717
227 299
229 394
229 683
229 693
229 726
229 736
229 746
231 474
234 755
234 765
234 775
235 291
235 402
239 467
239 784
239 794
241 804
242 410
243 284
244 814
247 459
250 417
250 822
252 279
254 832
255 451
257 425
259 435
259 932
259 942
259 952
260 271
262 839
264 917
264 961
269 907
269 970
269 980
269 1042
269 1052
269 1062
270 266
271 844
272 990
274 892
274 1000
274 1022
274 1032
274 1071
276 853
279 863
279 873
279 883
279 1009
280 261
281 1079
289 1085
290 259
299 1085
300 259
309 1085
310 259
318 1090
320 262
328 1090
330 264
337 1095
340 264
347 1095
350 267
357 1095
360 269
367 1095
369 274
377 1095
378 279
387 284
387 1095
390 1005
395 985
395 995
395 1014
396 289
397 1095
400 970
404 296
404 1019
405 450
405 460
405 945
405 955
407 1094
408 306
410 430
410 440
410 469
410 900
410 910
410 920
410 930
413 1024
415 314
415 415
415 890
417 1090
418 475
420 323
420 360
420 370
420 380
420 390
420 400
420 880
422 1029
425 332
425 342
425 483
425 830
425 840
425 850
425 860
425 870
426 1085
429 1037
430 492
430 502
430 512
430 820
434 522
435 532
435 570
435 580
435 1080
437 590
439 542
439 1041
440 552
440 815
442 599
445 609
445 1080
449 1044
450 618
450 810
455 627
455 637
455 1080
458 803
459 1046
460 646
460 780
460 790
463 1073
465 655
465 770
465 1054
467 665
470 1063
472 674
475 684
475 765
480 693
485 702
485 760
492 710
495 750
497 719
500 729
500 739
