184 522
184 532
184 542
184 552
184 562
184 572
189 512
189 581
189 622
189 632
189 642
194 502
194 590
194 600
194 610
194 651
194 661
194 671
199 492
199 680
199 690
202 700
204 322
204 332
204 342
204 352
204 362
204 372
204 710
207 484
209 312
209 381
209 719
209 729
209 762
209 772
214 302
214 390
214 738
214 748
214 781
215 476
220 398
221 789
222 294
225 471
226 798
228 405
229 808
230 286
233 464
234 817
235 413
238 279
239 826
240 456
243 420
244 835
247 274
248 449
249 428
249 438
253 840
257 269
259 927
259 937
259 947
259 957
262 845
264 912
264 966
264 976
267 269
269 897
269 985
269 1042
269 1052
269 1062
270 852
272 995
274 862
274 872
274 882
274 1005
274 1027
274 1071
276 264
279 1014
281 1079
286 264
289 1085
296 264
299 1085
306 264
309 1085
316 264
318 1090
326 264
328 1090
335 269
337 1095
345 269
347 1095
354 274
357 1095
363 279
367 1095
372 284
377 1095
381 289
387 1095
389 296
390 990
390 1000
395 304
395 455
395 975
395 1009
397 1095
400 430
400 440
400 464
400 965
403 310
403 1015
405 420
405 473
405 950
407 320
407 1094
410 330
410 340
410 350
410 360
410 370
410 380
410 390
410 400
410 410
410 925
410 935
412 1020
413 480
415 900
415 910
417 490
417 1089
420 890
420 1027
422 499
425 509
425 519
425 529
425 575
425 585
425 825
425 835
425 845
425 880
425 1080
429 1032
430 538
430 548
430 565
430 594
430 854
430 864
433 818
434 1075
435 603
439 1034
440 612
440 622
440 810
443 1070
444 632
445 642
448 803
449 652
449 1036
450 662
450 775
450 785
452 1064
455 671
458 681
458 768
458 1041
460 691
460 701
460 1055
465 710
465 755
467 720
470 730
470 740
