194 517
194 527
194 537
194 547
194 557
194 567
199 507
199 576
204 497
204 585
204 595
204 605
204 615
204 625
204 635
209 322
209 332
209 342
209 352
209 362
209 487
209 644
211 654
214 312
214 371
214 664
216 674
217 479
219 302
219 380
219 684
222 390
224 693
224 703
224 713
224 723
224 733
224 743
225 471
225 753
227 294
227 399
229 763
229 773
234 407
234 782
235 286
235 466
239 791
239 801
239 811
243 279
243 459
244 410
244 820
247 830
249 419
250 451
252 274
254 428
254 438
255 837
259 927
259 937
259 947
259 957
262 269
264 842
264 912
264 966
264 976
269 902
269 985
269 1042
269 1052
269 1062
272 264
272 849
272 995
274 892
274 1027
274 1071
276 859
277 1004
279 869
279 879
279 1014
281 1079
282 264
291 259
291 1083
301 259
301 1085
311 259
311 1088
320 264
321 1090
330 264
331 1093
340 267
341 1095
350 269
351 1095
360 272
361 1095
369 277
371 1095
377 284
381 1095
386 289
391 1095
394 296
395 990
395 1000
397 1010
400 304
400 455
400 975
401 1095
405 440
405 464
405 955
405 965
405 1017
408 310
410 420
410 430
410 473
410 925
410 935
410 945
410 1090
413 1024
415 318
415 365
415 375
415 385
415 410
415 900
415 910
417 395
418 480
420 327
420 337
420 347
420 890
420 1090
422 490
422 1029
425 500
425 830
425 840
425 880
427 510
429 1037
429 1085
430 520
430 849
430 859
430 869
432 530
433 823
435 540
435 565
435 575
435 585
437 595
439 1041
439 1082
440 549
440 815
442 604
445 614
449 1044
449 1080
450 623
450 633
450 810
455 642
455 780
455 790
455 800
459 652
459 1046
459 1077
460 662
463 773
465 671
465 1054
467 1069
470 680
470 690
470 765
475 699
475 709
480 718
480 755
485 727
485 737
