184 517
184 527
184 537
184 547
184 557
184 567
189 507
189 576
189 586
189 627
189 637
194 595
194 605
194 615
194 646
194 656
194 666
197 499
199 675
199 685
202 489
202 695
204 322
204 332
204 342
204 352
204 362
204 372
204 705
209 312
209 381
209 714
209 724
210 481
211 734
214 302
214 744
214 754
214 764
214 774
216 389
218 474
219 783
221 398
222 294
224 792
227 469
229 405
229 801
230 286
234 810
235 413
235 461
237 820
238 279
240 451
242 829
243 420
245 441
247 274
249 428
249 837
254 932
254 942
256 269
257 844
259 917
259 951
259 961
264 907
264 970
264 980
265 264
266 849
269 897
269 989
269 1047
269 1057
269 1067
274 855
274 865
274 875
274 885
274 998
274 1032
275 264
277 1074
279 1007
279 1017
284 1082
285 264
294 1085
295 264
304 1085
305 264
313 1090
315 264
323 1090
325 264
332 1095
334 269
342 1095
344 269
352 1095
353 274
362 279
362 1095
371 284
372 1095
380 289
382 1095
388 295
390 1000
392 1095
395 303
395 445
395 455
395 980
395 990
395 1009
397 465
400 430
400 970
402 474
402 1095
403 310
403 1015
405 420
405 955
407 320
409 482
410 330
410 350
410 360
410 370
410 380
410 390
410 400
410 410
410 940
412 1020
412 1094
415 339
415 490
415 910
415 920
415 930
420 499
420 509
420 519
420 895
420 1027
420 1085
425 528
425 575
425 585
425 825
425 835
425 885
429 1032
430 537
430 547
430 557
430 594
430 844
430 854
430 864
430 874
430 1080
433 818
435 603
439 1034
439 1075
440 612
440 622
443 813
445 631
445 641
448 1070
449 1036
450 650
450 660
450 780
450 790
450 800
455 669
455 679
455 770
457 1064
458 1041
460 688
460 698
463 763
465 707
465 717
465 1049
470 726
470 755
475 735
475 745
