184 522
184 532
184 542
184 552
184 562
184 572
189 512
189 581
189 627
189 637
194 502
194 590
194 600
194 610
194 646
194 656
194 666
199 675
199 685
202 494
204 322
204 332
204 342
204 352
204 362
204 694
204 704
207 484
209 312
209 371
209 713
210 723
214 302
214 380
214 733
214 743
214 753
214 763
214 773
215 476
217 390
219 782
222 294
222 399
224 791
225 471
229 407
229 800
229 810
230 286
233 464
234 819
237 414
239 828
240 281
240 456
244 422
244 837
248 274
248 449
249 431
252 844
257 269
259 922
259 932
259 942
259 952
259 962
262 845
264 912
264 971
264 981
267 264
269 897
269 990
269 1047
269 1057
269 1067
270 852
274 862
274 872
274 882
274 999
274 1032
276 1009
277 264
277 1074
279 1019
285 1080
287 264
294 1085
297 264
304 1085
307 264
313 1090
317 264
323 1090
327 264
332 1095
336 269
342 1095
346 269
352 1095
355 274
362 1095
365 277
372 1095
373 284
382 289
382 1095
385 1000
389 297
390 980
390 990
390 1009
392 1095
395 455
395 970
397 304
399 1014
400 435
400 445
400 464
400 960
402 1095
404 312
405 420
405 473
405 945
408 1019
409 321
410 331
410 341
410 351
410 361
410 371
410 381
410 391
410 410
410 920
410 930
412 1094
413 480
415 400
415 900
415 910
417 490
417 1024
420 890
420 1085
422 499
425 509
425 519
425 529
425 825
426 1029
427 835
428 883
430 538
430 565
430 575
430 585
430 595
430 845
430 855
430 1080
433 818
433 873
435 547
435 604
436 1029
439 1075
440 613
440 623
440 810
445 632
445 642
445 780
445 1034
447 790
448 803
448 1070
450 651
450 661
450 770
455 670
455 1037
457 680
457 1064
460 690
460 700
460 765
460 1046
465 709
465 719
465 1055
468 758
470 728
475 737
475 747
