24 262
24 272
24 282
24 292
24 302
24 342
29 252
29 311
29 321
29 331
29 351
29 361
29 371
34 132
34 142
34 380
37 244
37 390
39 117
39 151
39 400
44 107
44 160
44 409
44 419
44 429
44 439
45 236
46 449
49 169
51 458
52 99
53 229
54 468
55 177
59 477
60 221
61 94
62 185
64 195
64 205
64 486
69 495
70 89
74 562
74 572
78 500
79 84
79 552
79 581
79 591
84 508
84 518
84 528
84 538
84 600
84 632
84 642
87 610
88 79
89 620
89 651
94 660
98 79
100 668
108 79
110 670
118 79
120 670
128 79
129 675
137 84
139 675
147 84
149 675
156 89
159 675
164 96
169 675
170 104
170 595
170 605
175 210
175 585
175 614
177 220
178 110
179 675
180 195
182 120
182 229
183 578
184 619
185 130
185 140
185 150
185 160
185 170
185 180
185 550
185 560
189 237
189 675
190 540
193 624
194 246
195 256
195 266
195 530
198 670
200 275
200 285
200 295
200 305
200 315
200 475
200 485
200 495
200 505
200 515
202 325
203 625
205 335
207 664
208 468
210 344
210 354
210 450
212 630
215 363
217 659
218 443
220 372
220 382
220 392
220 637
220 647
225 401
225 435
228 411
230 421
