24 252
24 262
24 272
29 122
29 237
29 281
34 112
34 131
34 227
34 290
37 300
39 97
39 140
39 310
39 320
39 330
39 340
39 350
39 392
39 402
42 150
42 219
44 87
44 359
44 369
44 379
44 411
44 421
47 159
49 430
52 214
54 82
54 167
54 439
54 449
56 459
59 176
60 206
61 468
64 77
64 185
64 195
69 475
69 542
69 552
69 562
69 572
69 582
69 632
72 69
74 532
74 591
74 601
74 611
74 621
74 641
75 483
79 493
79 503
79 513
79 523
79 650
82 64
88 655
92 64
97 660
102 64
107 660
112 64
117 660
122 64
126 665
131 69
136 665
140 74
146 665
149 79
156 665
159 81
160 595
165 565
165 575
165 585
165 604
165 660
168 86
170 530
170 540
170 550
170 613
175 94
175 190
175 200
175 210
175 520
175 660
180 103
180 113
180 123
180 133
180 143
180 153
180 163
180 173
180 219
180 480
180 490
180 500
180 510
180 614
185 228
185 470
185 660
189 619
190 237
190 247
190 257
195 266
195 276
195 286
195 296
195 465
195 655
198 624
200 305
202 315
203 458
205 325
205 650
207 629
210 334
210 344
210 440
210 450
213 643
215 353
215 430
220 362
225 430
227 370
235 377
235 425
242 385
243 418
245 395
245 405
