24 262
24 272
24 282
24 292
24 302
24 312
24 337
24 347
29 252
29 321
29 356
29 366
29 376
34 127
34 137
34 147
34 242
34 385
37 395
39 117
39 156
39 405
42 234
44 107
44 165
44 414
44 424
44 434
44 444
46 454
50 173
52 99
52 229
54 460
54 470
58 180
59 479
60 221
62 94
65 188
65 487
68 214
69 198
70 86
74 492
74 567
79 542
79 552
79 576
80 81
82 499
84 509
84 519
84 529
84 585
84 595
84 605
84 637
84 647
87 615
89 625
89 656
90 79
96 664
100 79
104 670
110 79
114 670
120 79
123 675
129 84
132 680
139 86
142 680
149 89
152 680
158 94
162 680
167 99
170 600
172 610
172 680
175 105
175 205
175 590
177 215
177 619
180 114
180 195
180 575
182 224
182 680
185 123
185 133
185 143
185 153
185 163
185 173
185 183
185 234
185 560
186 624
190 243
190 535
190 545
191 675
195 252
195 262
195 272
195 490
195 525
195 629
199 667
200 281
200 291
200 301
200 311
200 480
200 499
200 509
203 321
205 632
208 330
208 473
209 662
210 340
210 350
212 360
213 463
214 637
215 650
217 369
218 453
220 379
220 389
220 399
223 443
225 408
225 430
230 417
