24 262
24 272
24 282
24 292
24 302
29 252
29 311
29 321
29 331
29 341
34 122
34 132
34 242
34 350
34 360
34 370
37 380
39 112
39 141
39 151
42 234
42 389
44 160
44 399
44 409
47 104
49 418
49 428
49 438
50 168
52 229
54 447
56 99
58 175
59 456
59 466
59 476
60 221
62 185
64 92
64 207
66 484
69 193
72 84
74 490
74 552
74 562
74 572
74 582
79 499
79 537
79 591
82 79
84 508
84 518
84 528
84 600
84 632
84 642
87 610
89 620
89 651
92 79
94 660
100 668
102 79
110 670
112 79
120 670
122 79
129 675
132 79
139 675
141 84
149 675
150 89
159 94
159 675
167 100
169 675
175 107
175 215
175 600
177 225
179 675
180 190
180 200
180 585
180 609
182 115
182 234
185 125
185 150
185 160
185 170
185 180
185 570
185 618
189 242
189 672
190 134
190 545
190 555
194 251
195 261
195 271
195 305
195 530
195 622
197 665
200 280
200 290
200 314
200 480
200 490
200 500
200 510
200 520
203 629
205 323
206 660
208 473
210 332
210 342
212 634
215 351
215 455
215 465
216 660
218 361
220 371
220 381
220 445
221 639
224 652
225 390
228 438
230 399
230 409
230 419
