204 522
204 532
209 512
209 541
214 550
214 560
217 504
217 570
219 317
219 327
219 337
219 347
219 357
219 367
222 494
222 579
224 307
224 376
226 589
229 385
229 707
229 717
229 727
230 486
232 299
234 394
234 595
234 697
234 736
234 746
234 756
234 766
237 605
238 479
239 615
239 625
239 635
239 645
239 682
239 775
240 291
240 402
242 655
242 785
244 665
244 795
245 471
247 410
247 805
248 284
249 815
253 464
254 824
255 417
257 279
259 452
260 832
262 425
264 435
264 942
264 952
266 274
267 840
269 927
269 961
269 971
269 1042
269 1052
269 1062
274 917
274 980
274 1022
274 1032
274 1071
275 269
277 844
277 990
279 907
279 1000
279 1010
281 1079
284 264
284 852
284 897
289 861
289 871
289 881
291 1083
294 262
301 1085
304 259
311 1088
313 264
321 1090
323 264
331 1093
333 264
341 1095
343 265
351 1095
353 269
361 1095
362 274
371 1095
372 274
381 279
381 1095
389 286
390 1000
391 1095
395 985
395 1009
398 291
400 965
400 975
401 1095
403 1015
405 299
405 945
405 955
410 445
410 455
410 900
410 910
410 920
410 930
411 1095
412 1020
413 305
415 425
415 435
415 464
415 890
420 313
420 380
420 390
420 415
420 473
420 875
420 1027
420 1090
425 322
425 332
425 342
425 352
425 362
425 399
425 830
425 840
425 850
425 860
428 480
428 1034
429 1085
432 490
433 823
435 500
437 510
437 1039
439 1085
440 520
442 530
443 818
445 540
445 550
445 560
445 570
445 580
447 1039
448 1080
450 589
453 813
455 598
456 1044
458 1078
460 607
460 805
464 617
464 1051
465 627
465 790
465 1070
470 636
470 1059
473 646
473 783
478 655
480 665
483 780
485 674
490 683
493 778
498 690
503 773
507 695
510 765
515 730
517 699
520 739
520 760
523 723
525 748
526 704
528 714
