415 871
415 881
415 891
415 901
420 831
420 841
420 851
420 861
420 910
425 816
425 919
430 801
430 928
435 791
435 937
441 945
443 784
448 774
449 951
455 761
456 959
463 754
464 965
470 746
473 970
475 736
483 730
483 974
492 725
492 979
496 715
501 984
506 710
511 985
515 705
520 1091
521 985
523 699
525 1081
530 1095
531 985
533 694
533 1075
540 1095
541 985
543 689
543 1075
550 681
550 1095
551 985
553 1074
560 676
560 1095
561 985
563 1070
570 671
570 1095
571 985
573 1070
580 666
580 1090
581 985
583 1070
590 661
590 1090
591 985
592 1065
600 656
600 1090
601 985
602 1065
610 651
610 1085
611 985
612 1065
620 650
620 1085
621 985
621 1060
629 645
630 1085
631 985
631 1060
639 643
639 1080
641 985
641 1055
649 638
649 1080
651 985
651 1055
658 1075
659 635
660 1046
661 985
665 1026
665 1036
668 630
668 1075
670 990
670 1000
670 1010
678 629
678 1075
687 1070
688 625
697 620
697 1070
707 620
707 1070
716 615
717 1070
725 610
726 1065
734 605
736 1065
744 605
746 1065
754 603
756 1065
764 600
765 1060
774 600
775 1060
780 466
784 600
785 1060
786 474
788 459
794 480
794 600
795 1055
798 455
803 485
804 600
805 1055
808 455
813 485
814 601
815 1055
818 455
823 485
824 605
825 1055
828 455
830 493
830 503
830 513
833 600
835 522
835 1055
838 455
841 530
842 595
845 1055
848 455
850 535
852 595
855 1050
858 455
860 535
860 581
865 571
865 1050
868 455
870 510
870 535
871 520
873 564
875 551
875 1050
878 455
879 505
880 536
881 524
885 1050
887 460
888 500
890 550
890 560
890 570
890 580
890 590
890 600
890 610
891 525
895 1045
897 460
897 495
898 543
899 531
899 615
905 1045
906 490
907 460
909 615
915 485
915 1045
916 465
919 613
923 478
925 1040
926 605
933 1033
934 598
935 1005
935 1015
940 995
944 593
948 988
954 588
955 980
961 580
965 980
971 575
975 975
981 570
985 970
991 570
995 965
1001 570
1005 965
1011 570
1015 965
1021 570
1025 965
1031 570
1034 960
1041 574
1044 960
1050 579
1054 960
1058 585
1064 593
1064 960
1072 600
1074 960
1081 605
1084 960
1091 609
1094 960
1101 610
1104 960
1105 685
1105 695
1110 704
1111 610
1114 960
1115 685
1120 708
1121 610
1124 680
1124 960
1125 895
1125 905
1130 710
1131 610
1134 677
1134 890
1134 960
1135 906
1139 715
1141 610
1142 884
1143 965
1144 675
1145 901
1149 715
1150 875
1151 610
1153 963
1154 675
1155 900
1159 715
1160 615
1160 870
1160 955
1163 670
1163 906
1165 940
1168 621
1169 715
1170 865
1170 914
1170 924
1173 670
1178 625
1179 715
1180 860
1183 670
1187 630
1189 715
1190 860
1192 665
1196 635
1199 715
1200 655
1200 855
1201 644
1209 715
1210 855
1219 715
1219 850
1229 715
1229 850
1238 710
1239 850
1248 709
1248 845
1257 840
1258 705
1267 700
1267 839
1277 700
1277 835
1286 695
1286 830
1295 825
1296 690
1305 825
1306 690
1315 685
1315 825
1325 685
1325 825
1334 820
1335 685
1343 815
1345 685
1353 813
1355 685
1363 808
1365 685
1373 803
1375 685
1380 795
1385 685
1390 790
1395 681
1399 785
1405 680
1409 782
1415 680
1419 777
1425 680
1429 772
1435 680
1437 764
1445 680
1447 759
1455 680
1457 754
1465 680
1467 750
1475 680
1476 745
1485 676
1485 740
1495 675
1495 740
1504 735
1505 675
1513 730
1515 675
1523 728
1525 675
1533 725
1535 675
1542 720
1545 675
1551 715
1555 678
1560 705
1563 685
1565 695
