509 972
509 982
509 992
509 1002
509 1012
514 1021
514 1031
517 964
519 1040
525 1048
526 959
535 1050
536 955
545 1050
546 954
549 697
549 707
549 717
549 727
549 737
549 747
549 757
549 767
549 777
549 787
549 797
549 807
549 817
549 827
549 837
549 847
549 857
549 867
554 677
554 687
554 876
555 1050
556 954
559 667
559 885
562 895
564 652
565 959
565 1050
567 904
569 642
570 968
571 914
574 632
575 977
575 1050
576 923
579 622
580 986
584 930
585 1050
587 614
587 940
590 989
595 947
595 1050
597 609
600 989
602 599
604 952
605 1045
610 591
610 989
614 955
615 1045
618 584
620 989
623 950
625 1045
627 579
630 989
633 950
635 1045
636 574
640 989
643 950
645 569
645 1045
650 989
653 950
654 562
654 1040
659 958
659 968
659 978
664 557
664 1040
672 549
673 1035
682 544
683 1035
692 539
693 1033
702 534
703 1030
712 534
713 1030
721 529
722 1025
731 529
732 1025
740 524
741 1020
750 521
751 1020
760 519
760 1015
770 519
770 1015
780 519
780 1015
789 382
789 392
789 514
790 1010
794 401
797 374
799 514
800 1010
804 405
806 369
809 512
809 1005
813 410
815 364
819 509
819 1002
823 410
825 364
829 509
829 1000
833 410
835 364
838 995
839 509
843 410
844 359
848 504
848 993
853 410
854 359
854 420
854 430
857 440
858 504
858 990
862 449
864 359
867 509
868 990
871 454
874 359
877 509
877 985
881 455
883 354
884 465
884 475
884 485
884 495
887 985
893 354
897 984
900 435
903 354
905 444
907 979
909 430
910 460
910 470
910 480
912 490
913 354
913 450
915 970
919 430
920 960
922 494
923 354
929 427
930 960
932 494
933 354
939 422
940 960
941 499
942 359
947 414
950 365
950 400
950 960
951 499
955 374
955 384
960 960
961 499
970 960
971 499
980 960
981 499
990 960
991 499
1000 960
1001 499
1010 960
1011 499
1020 960
1021 499
1030 504
1030 960
1040 504
1040 960
1050 504
1050 955
1060 504
1060 955
1070 507
1070 955
1080 509
1080 955
1090 509
1090 605
1090 615
1090 950
1099 514
1100 605
1100 619
1100 950
1109 514
1109 600
1110 619
1110 950
1119 514
1119 600
1119 945
1120 619
1128 595
1129 516
1129 945
1130 619
1135 524
1137 589
1138 940
1140 533
1140 543
1140 553
1140 619
1142 579
1145 562
1148 938
1150 619
1158 935
1160 619
1165 790
1165 800
1167 930
1170 619
1170 809
1175 780
1175 818
1177 929
1180 619
1183 773
1185 819
1187 925
1190 619
1193 768
1195 819
1197 925
1200 619
1203 763
1205 819
1206 920
1210 619
1213 758
1213 825
1215 915
1220 619
1220 833
1223 753
1225 915
1228 839
1230 619
1233 748
1233 908
1235 847
1240 619
1240 856
1240 866
1240 876
1240 886
1240 896
1243 745
1250 619
1252 740
1260 619
1261 735
1270 619
1270 730
1280 619
1280 725
1290 619
1290 720
1300 619
1300 715
1310 619
1310 710
1320 619
1320 705
1330 619
1330 700
1340 619
1340 700
1349 695
1350 619
1358 690
1360 619
1367 685
1370 619
1376 680
1380 619
1385 675
1390 619
1395 670
1400 619
1405 670
1410 619
1415 670
1420 616
1424 665
1430 617
1432 659
1437 625
1440 635
1440 645
