404 842
404 852
404 862
404 872
404 882
404 892
404 902
404 912
409 812
409 822
409 832
409 921
414 797
414 930
419 787
420 938
424 777
428 945
429 767
435 953
437 759
443 960
444 747
452 739
452 965
460 731
462 965
464 1067
468 724
469 1076
471 970
472 714
472 1059
479 1080
480 706
480 975
482 1059
488 699
488 1085
489 980
492 1059
497 694
498 985
498 1085
502 1059
505 686
508 985
508 1085
512 1059
513 679
518 985
518 1085
522 674
522 1059
528 985
528 1085
530 666
532 1059
538 985
538 1085
540 661
542 1059
547 990
548 654
548 1085
552 1059
557 649
557 990
558 1085
562 1059
566 644
567 990
568 1085
572 1054
575 639
577 990
577 1080
581 1049
584 632
587 990
587 1080
590 1044
594 627
597 990
597 1079
599 1039
604 622
607 990
607 1075
608 1034
612 614
616 1070
617 990
617 1029
622 609
626 1070
627 990
627 1024
632 609
635 1065
637 990
637 1024
641 604
645 1065
647 990
647 1019
649 1007
650 599
654 998
654 1060
659 594
664 1060
668 589
674 1060
678 589
684 1060
688 589
694 1060
698 589
704 1060
708 589
714 1060
718 589
724 1060
728 589
734 1060
738 589
744 1060
748 589
753 1055
758 589
763 1055
768 589
769 457
769 467
773 1055
774 476
777 449
778 589
783 1055
784 480
786 444
788 589
792 1050
793 485
796 444
798 589
802 490
802 1050
806 444
808 589
811 495
812 1050
816 444
818 589
820 500
822 1050
824 510
824 520
824 530
824 540
824 550
826 444
827 560
828 589
832 1050
835 567
836 444
838 589
841 1045
845 570
845 581
846 444
851 1045
856 444
861 1045
866 444
871 1045
876 444
881 1045
885 449
885 490
885 500
887 510
890 1040
895 452
895 485
895 517
895 545
895 555
895 565
895 575
895 585
895 595
899 527
900 1040
904 457
905 480
905 599
910 1040
912 464
913 474
915 599
920 1040
925 599
930 1035
934 587
940 1025
942 579
945 970
945 980
945 990
945 1000
945 1010
951 574
955 965
961 574
965 965
971 574
975 965
981 574
984 960
991 574
994 957
1001 574
1004 955
1011 574
1013 950
1021 574
1023 950
1031 574
1033 950
1040 579
1043 950
1050 579
1053 950
1060 582
1063 950
1070 584
1073 950
1080 584
1083 950
1085 665
1089 589
1092 945
1093 671
1099 589
1101 665
1102 945
1103 675
1109 589
1110 660
1112 680
1112 945
1115 860
1119 589
1120 660
1120 687
1120 869
1121 940
1124 855
1128 694
1129 591
1129 864
1130 655
1131 940
1134 852
1138 694
1139 594
1139 866
1140 655
1141 940
1144 850
1145 874
1148 694
1149 594
1150 655
1150 883
1150 935
1153 845
1155 892
1155 902
1158 694
1158 928
1159 594
1159 650
1160 911
1163 843
1165 920
1168 694
1169 594
1169 650
1173 838
1178 694
1179 596
1179 647
1180 830
1187 639
1188 601
1188 694
1190 825
1192 629
1193 610
1197 689
1200 825
1207 689
1209 820
1217 689
1218 815
1227 689
1227 810
1236 805
1237 689
1245 800
1247 689
1255 800
1257 689
1265 800
1267 689
1274 795
1276 684
1284 792
1286 684
1294 790
1296 684
1304 787
1306 684
1314 785
1316 684
1323 780
1326 684
1332 775
1335 679
1342 775
1345 679
1351 770
1355 679
1361 770
1365 676
1370 765
1375 674
1380 765
1385 671
1389 760
1395 669
1399 757
1405 666
1409 752
1415 661
1419 747
1425 659
1429 742
1435 656
1439 737
1445 654
1449 735
1455 654
1458 730
1464 649
1467 725
1474 649
1477 724
1484 649
1487 720
1494 649
1497 720
1504 649
1507 719
1514 649
1517 715
1524 649
1526 710
1534 649
1536 710
1544 649
1546 710
1554 649
1555 705
1563 654
1565 705
1572 659
1573 698
1579 667
1580 677
1580 687
