484 882
484 892
489 842
489 852
489 862
489 872
489 901
494 812
494 822
494 832
494 910
497 920
499 787
499 797
504 772
504 1042
505 927
509 762
509 1027
509 1051
512 935
514 747
514 1017
514 1060
517 944
519 737
522 1009
523 1065
526 949
527 729
532 719
532 1009
532 1070
536 950
537 709
540 1015
542 1070
544 697
545 955
545 1024
545 1034
550 1043
552 689
552 1070
554 960
558 1050
560 681
562 1070
564 960
565 1058
568 674
572 1070
574 960
575 666
580 1064
583 659
584 960
588 1070
590 651
594 960
596 1064
600 646
601 1055
604 960
606 1065
608 639
609 1049
614 960
616 1065
617 634
618 1044
624 960
625 1060
626 629
628 1044
634 960
635 624
635 1060
637 1039
644 619
644 960
645 1060
646 1034
653 614
654 960
655 1029
655 1060
663 614
664 960
664 1024
665 1060
672 609
673 1019
674 960
675 1055
681 604
683 1019
684 960
685 1055
690 599
692 1014
694 960
694 970
694 980
694 990
694 1000
695 1055
699 594
705 1055
709 592
714 1050
719 587
724 1050
729 584
734 1050
739 582
744 1050
749 577
754 1050
759 574
764 1050
769 574
774 1050
779 574
784 1050
789 574
794 1050
799 462
799 574
804 471
804 1050
807 454
809 574
811 479
814 1050
815 446
818 569
821 480
823 439
824 1050
828 569
831 480
832 434
834 1050
838 569
840 426
841 480
844 1050
848 569
850 421
851 480
854 1050
858 569
859 502
859 512
860 419
861 480
864 492
864 1050
867 519
868 569
869 414
874 1050
875 525
878 569
879 414
884 1050
885 525
887 564
889 414
889 535
889 545
894 1050
899 412
904 1050
909 409
913 1045
919 409
923 1045
925 475
925 510
925 520
929 409
930 484
930 529
932 1039
933 503
934 470
935 493
935 538
935 548
939 409
940 1025
942 464
945 549
945 985
945 995
945 1005
945 1015
949 409
952 459
955 549
955 985
959 411
960 450
965 419
965 440
965 549
965 985
970 428
975 549
975 980
985 549
985 980
994 554
995 980
1004 554
1004 975
1014 554
1014 975
1024 554
1024 975
1034 554
1034 972
1044 554
1044 970
1054 554
1054 970
1063 965
1064 554
1073 965
1074 552
1082 960
1084 549
1092 960
1093 544
1102 959
1103 545
1112 550
1112 955
1117 559
1120 569
1120 579
1120 655
1122 665
1122 955
1130 579
1130 655
1130 672
1132 955
1139 650
1140 579
1140 674
1141 950
1149 650
1150 579
1150 674
1151 950
1159 650
1160 579
1160 674
1161 950
1168 645
1170 579
1170 671
1170 945
1178 643
1180 582
1180 669
1180 945
1185 635
1185 830
1185 840
1185 850
1187 590
1190 600
1190 610
1190 620
1190 669
1190 945
1194 825
1195 854
1200 669
1200 945
1204 822
1205 854
1210 669
1210 940
1214 820
1215 857
1220 669
1220 935
1222 865
1223 815
1225 875
1225 885
1227 895
1230 669
1230 925
1232 810
1235 902
1235 915
1240 669
1241 805
1250 669
1250 800
1258 793
1260 669
1268 788
1270 669
1275 780
1280 669
1284 775
1290 669
1293 770
1300 669
1302 765
1310 669
1312 764
1320 669
1322 760
1330 669
1331 755
1340 669
1341 755
1350 669
1350 750
1360 669
1360 750
1369 745
1370 669
1378 740
1380 669
1388 738
1390 669
1398 733
1400 669
1408 728
1409 664
1418 725
1419 664
1427 720
1429 664
1437 720
1439 662
1447 719
1449 657
1457 715
1459 652
1466 710
1467 644
1475 705
1477 639
1485 700
1487 639
1495 695
1496 634
1503 688
1505 639
1513 683
1515 639
1520 670
1524 644
1528 663
1530 652
