809 1237
809 1247
809 1257
814 1187
814 1197
814 1266
817 1229
819 1162
819 1172
819 1206
819 1275
822 1219
822 1285
829 1157
830 1292
839 1154
839 1297
849 1154
849 1300
855 1146
859 1297
865 1141
869 1295
875 1139
878 1300
885 1139
887 1305
889 1032
889 1042
889 1052
889 1062
893 1145
894 1012
894 1022
894 1071
895 1155
897 1305
899 1002
899 1080
900 1164
904 982
904 992
907 1305
908 1085
909 1169
912 974
916 1310
918 1085
918 1174
919 962
926 1310
927 954
928 1085
928 1174
929 1157
929 1320
929 1330
932 944
934 1147
934 1339
934 1349
938 1085
939 1137
939 1358
940 936
944 1127
944 1367
944 1377
948 929
948 1085
949 1117
949 1386
954 1395
955 921
957 1080
957 1109
957 1405
962 1099
962 1414
963 914
967 1080
967 1090
969 1422
970 906
974 1431
978 899
979 1440
982 1450
987 894
990 1457
995 886
997 1465
1004 1473
1005 881
1012 1480
1015 876
1020 1487
1023 869
1027 1495
1032 864
1035 1502
1042 859
1042 1510
1052 854
1052 1514
1056 1524
1062 849
1066 1525
1072 849
1074 1531
1082 844
1084 1535
1092 844
1093 1540
1099 817
1099 827
1102 1545
1104 807
1109 772
1109 782
1109 792
1111 1550
1119 769
1120 1555
1128 764
1130 1557
1138 764
1140 1560
1148 764
1149 1565
1158 764
1159 1565
1167 769
1168 1570
1177 769
1178 1570
1187 769
1187 1575
1197 769
1197 1575
1207 769
1207 1575
1214 732
1214 742
1214 752
1217 1575
1219 722
1224 712
1227 1575
1229 697
1234 682
1237 1575
1239 672
1247 1579
1249 662
1256 1584
1257 654
1264 642
1266 1588
1269 632
1274 1595
1277 624
1283 1600
1284 532
1284 542
1284 552
1284 562
1284 572
1286 619
1289 581
1292 1605
1294 529
1294 590
1295 614
1299 599
1302 1609
1304 527
1312 1610
1314 524
1321 1615
1324 524
1331 1618
1333 529
1341 1620
1343 530
1350 538
1350 1625
1355 547
1359 1630
1365 549
1368 1635
1373 555
1375 565
1375 575
1375 585
1375 595
1375 605
1378 1635
1385 609
1387 1640
1395 609
1397 1640
1405 609
1407 1640
1415 609
1416 1645
1425 609
1426 1645
1435 609
1435 1650
1445 606
1445 1650
1454 1645
1455 604
1464 1645
1465 604
1474 1645
1475 604
1484 1645
1485 604
1494 1642
1495 604
1504 1640
1505 604
1514 1640
1515 604
1523 1635
1525 604
1533 1635
1535 604
1542 1630
1545 604
1552 1629
1555 604
1562 1625
1565 604
1571 1620
1575 604
1580 1615
1585 604
1590 1615
1595 604
1599 1610
1605 604
1608 1605
1615 604
1618 1603
1625 604
1625 1595
1635 604
1635 1590
1645 604
1645 1585
1654 1580
1655 604
1662 1574
1665 604
1670 1565
1675 604
1679 1560
1685 604
1687 1554
1695 604
1695 1540
1705 604
1705 1535
1713 1528
1715 604
1720 1515
1725 604
1728 1508
1735 604
1735 1500
1740 1490
1745 604
1748 1483
1755 604
1755 1470
1760 1460
1765 604
1765 1450
1770 1440
1775 604
1775 1425
1784 1420
1785 604
1794 1420
1795 604
1804 1420
1805 604
1814 1420
1815 604
1824 1420
1825 604
1834 1420
1835 604
1844 1420
1845 604
1854 1420
1855 604
1864 1420
1865 604
1874 1420
1875 604
1884 1420
1885 604
1894 1420
1895 604
1904 1420
1905 604
1914 1420
1915 604
1924 1420
1925 604
1933 1425
1935 604
1943 1425
1945 604
1952 1420
1955 604
1962 1420
1965 604
1972 1420
1975 604
1982 1420
1985 604
1992 1420
1995 604
2002 1420
2005 604
2012 1420
2015 604
2022 1420
2025 604
2032 1420
2035 604
2042 1420
2045 604
2052 1420
2055 604
2062 1420
2065 604
2072 1420
2075 604
2082 1420
2085 604
2092 1420
2095 604
2102 1420
2105 604
2112 1420
2114 599
2122 1420
2124 599
2132 1420
2133 604
2142 1420
2143 604
2152 1420
2153 604
2162 599
2162 1420
2172 599
2172 1420
2182 599
2182 1420
2191 1425
2192 599
2201 1425
2202 599
2211 1425
2212 599
2221 1425
2222 599
2230 1430
2232 599
2239 372
2239 382
2240 1430
2242 599
2244 391
2247 364
2250 1430
2252 354
2252 599
2254 395
2260 1430
2261 604
2262 354
2264 395
2270 1430
2271 604
2272 354
2274 395
2279 1435
2281 349
2281 604
2284 392
2289 1435
2291 349
2291 600
2294 390
2299 1435
2300 344
2301 599
2304 390
2308 1440
2310 341
2310 604
2314 390
2318 1438
2320 339
2320 604
2324 390
2328 1440
2330 339
2330 604
2334 390
2338 1440
2339 334
2340 601
2344 390
2348 1440
2349 334
2350 599
2354 390
2358 1440
2359 334
2360 599
2363 395
2368 329
2368 1440
2370 599
2373 395
2378 329
2378 1440
2380 599
2382 400
2387 324
2388 1440
2389 527
2389 537
2390 599
2392 404
2395 545
2396 414
2397 324
2397 1445
2399 524
2400 599
2404 420
2404 557
2404 567
2404 577
2404 587
2405 545
2407 324
2407 1445
2409 429
2409 439
2409 449
2409 459
2409 469
2409 479
2409 489
2409 499
2409 509
2409 519
2416 1440
2417 319
2426 1440
2427 314
2435 1445
2437 309
2445 1445
2447 309
2455 1445
2457 309
2464 1440
2467 309
2473 1445
2477 309
2483 1445
2487 309
2493 1445
2497 309
2503 1445
2507 309
2513 1445
2517 304
2523 1445
2527 304
2533 1443
2537 304
2543 1440
2547 304
2553 1440
2557 299
2563 1440
2567 299
2573 1440
2577 299
2583 1440
2587 299
2592 1445
2597 299
2602 1444
2607 299
2612 1444
2617 299
2622 1445
2627 299
2631 1440
2636 294
2641 1440
2646 294
2650 1445
2656 294
2660 1445
2666 294
2670 1445
2676 294
2679 1440
2686 294
2689 1440
2696 290
2698 1445
2706 289
2708 1445
2716 285
2718 1445
2726 284
2728 1445
2736 284
2738 1445
2746 284
2748 1445
2756 284
2758 1445
2765 279
2768 1445
2775 279
2778 1445
2785 279
2788 1445
2795 279
2798 1445
2805 279
2808 1445
2815 276
2818 1445
2825 274
2828 1445
2835 274
2838 1445
2845 274
2848 1445
2855 274
2858 1445
2864 269
2868 1445
2874 269
2878 1445
2884 269
2888 1445
2894 269
2898 1445
2904 269
2908 1445
2913 264
2918 1445
2923 264
2928 1445
2932 259
2938 1445
2942 259
2948 1445
2952 259
2958 1445
2961 254
2968 1445
2971 254
2978 1445
2981 254
2988 1445
2991 254
2998 1445
3001 254
3008 1445
3011 254
3018 1445
3021 254
3028 1445
3030 259
3038 1445
3039 254
3048 1445
3049 254
3058 259
3058 1445
3068 259
3068 1445
3077 254
3078 1445
3087 254
3088 1445
3096 259
3098 1445
3106 259
3108 1445
3116 259
3118 1445
3126 259
3128 1445
3136 259
3138 1445
3146 259
3148 1445
3156 259
3158 1445
3166 259
3168 1445
3176 259
3178 1445
3186 259
3188 1445
3196 259
3198 1445
3206 259
3208 1445
3216 259
3218 1445
3226 259
3228 1445
3236 259
3238 1445
3246 259
3248 1445
3256 259
3258 1445
3266 259
3268 1445
3276 259
3278 1445
3286 259
3288 1445
3296 259
3298 1445
3306 259
3308 1445
3316 259
3318 1445
3326 259
3328 1445
3336 259
3338 1445
3346 259
3348 1445
3356 259
3358 1445
3366 259
3368 1445
3376 259
3378 1445
3386 259
3388 1445
3396 259
3398 1445
3406 259
3408 1445
3416 259
3418 1445
3426 259
3428 1445
3436 259
3438 1445
3446 259
3448 1445
3456 259
3458 1445
3466 259
3468 1445
3476 259
3478 1445
3486 259
3488 1445
3496 259
3498 1445
3506 259
3508 1445
3515 1453
3516 259
3523 1460
3526 259
3529 1468
3534 1477
3536 259
3542 1484
3546 259
3549 1492
3556 259
3557 1499
3564 1507
3566 259
3574 1510
3576 259
3577 1520
3586 259
3587 1524
3594 1532
3596 259
3604 1535
3606 259
3613 1540
3616 259
3620 1548
3626 259
3630 1550
3636 259
3639 1555
3646 260
3648 1560
3656 259
3657 1565
3665 264
3667 1565
3674 259
3676 1570
3684 259
3686 1573
3694 259
3696 1575
3704 261
3706 1575
3714 264
3715 1580
3724 262
3725 1580
3734 259
3735 1582
3744 259
3745 1585
3754 259
3755 1585
3764 259
3765 1585
3774 259
3775 1585
3784 259
3785 1585
3794 259
3795 1585
3803 264
3805 1585
3813 264
3815 1585
3823 264
3825 1585
3833 264
3835 1585
3842 259
3844 1590
3852 259
3853 1595
3860 1603
3862 259
3870 1607
3872 259
3879 1612
3882 259
3889 1615
3892 259
3898 1620
3902 259
3908 1620
3912 259
3917 1625
3922 259
3925 1632
3931 264
3934 1637
3941 264
3944 1640
3951 264
3953 1645
3961 264
3962 1650
3971 264
3972 1650
3981 264
3981 1655
3990 1660
3991 264
4000 1660
4001 264
4010 1660
4011 264
4020 1655
4021 264
4030 1655
4031 264
4040 1655
4041 264
4049 1660
4051 264
4059 1660
4061 264
4069 1660
4071 264
4079 1660
4081 264
4089 1660
4091 264
4099 1660
4100 269
4109 264
4109 1660
4119 264
4119 1660
4127 270
4129 1660
4137 274
4139 1660
4147 274
4149 1660
4157 274
4159 1660
4167 274
4169 1660
4176 279
4178 1655
4186 279
4187 1650
4196 279
4196 1645
4205 1640
4206 279
4215 274
4215 1635
4224 279
4225 1630
4233 284
4233 1623
4242 289
4243 1618
4250 1610
4252 289
4258 1603
4261 294
4265 1595
4270 299
4273 1588
4278 1578
4279 304
4283 1568
4288 309
4290 1560
4298 309
4298 1553
4305 1545
4307 314
4313 1538
4317 314
4318 1528
4325 1520
4327 314
4330 1510
4335 1500
4337 314
4343 1493
4345 1480
4347 314
4353 1473
4356 319
4358 1463
4365 324
4365 1445
4365 1455
4375 327
4375 1447
4385 329
4385 1450
4395 329
4395 1450
4403 335
4405 1450
4410 343
4415 1450
4418 350
4422 360
4425 1450
4427 369
4430 379
4430 660
4430 670
4430 680
4430 690
4430 700
4430 710
4430 720
4430 730
4430 760
4430 770
4430 780
4430 790
4430 800
4430 810
4432 740
4435 388
4435 398
4435 515
4435 525
4435 535
4435 545
4435 555
4435 565
4435 575
4435 585
4435 595
4435 605
4435 615
4435 625
4435 635
4435 645
4435 750
4435 819
4435 1450
4440 407
4440 417
4440 427
4440 437
4440 447
4440 457
4440 467
4440 477
4440 487
4440 497
4445 822
4445 1450
4454 1445
4455 824
4464 1445
4465 824
4474 1445
4475 824
4484 1445
4485 821
4494 1445
4495 819
4504 1445
4505 819
4514 1445
4515 819
4524 1445
4525 819
4534 1442
4535 822
4544 827
4544 1440
4553 1435
4554 829
4563 1433
4564 831
4573 836
4573 1430
4582 1425
4583 840
4590 848
4591 1420
4599 1412
4600 852
4607 860
4607 1405
4615 867
4616 1400
4622 875
4624 1392
4630 882
4632 1384
4635 891
4637 1374
4641 899
4647 1369
4650 904
4650 914
4657 1364
4658 920
4662 930
4662 1354
4665 1340
4667 939
4670 1320
4670 1330
4674 947
4675 957
4675 1310
4679 967
4680 1270
4680 1280
4685 975
4685 985
4685 1260
4685 1289
4685 1310
4687 995
4690 1005
4690 1235
4690 1245
4695 1014
4695 1024
4695 1034
4695 1200
4695 1210
4695 1220
4695 1292
4695 1302
4700 1043
4700 1053
4700 1063
4700 1073
4700 1083
4700 1093
4700 1103
4700 1113
4700 1123
4700 1133
4700 1143
4700 1153
4700 1163
4700 1173
4700 1183
