54 432
54 442
54 452
54 462
54 472
59 481
62 424
69 362
69 372
69 382
69 485
72 424
74 391
77 354
79 400
79 485
79 512
79 522
82 424
85 408
85 530
86 349
87 504
89 482
92 424
95 410
95 530
96 349
97 504
99 480
102 424
105 410
105 496
105 530
106 349
109 480
111 418
114 489
115 525
116 349
119 480
124 287
124 297
124 307
124 317
124 327
124 337
125 520
129 272
135 515
137 264
145 256
145 515
154 520
155 251
159 529
159 539
164 548
165 246
165 558
169 568
170 578
174 177
174 187
174 197
174 207
175 244
178 585
179 152
179 162
179 216
179 226
182 595
187 144
189 603
192 134
197 610
202 129
202 619
211 124
211 624
219 630
220 119
228 635
230 116
238 635
240 114
247 640
249 109
257 640
259 109
267 640
268 104
277 639
278 104
287 635
288 104
297 99
297 634
307 99
307 629
315 620
317 99
325 615
327 99
333 608
337 99
340 600
346 94
349 595
356 94
358 600
366 94
367 605
376 94
377 605
386 94
386 610
395 615
396 94
405 617
406 94
415 620
416 94
424 625
426 94
433 630
436 94
442 635
446 94
452 635
456 94
461 640
466 94
470 645
476 94
480 645
485 99
489 650
495 99
498 655
505 99
508 655
515 99
517 660
524 104
527 664
534 104
536 669
544 104
546 670
553 109
555 675
563 109
564 680
573 110
574 680
583 114
583 685
593 114
593 685
603 114
603 685
612 119
613 685
622 119
622 690
632 119
632 690
641 124
642 690
651 124
652 690
660 129
662 694
670 129
671 699
680 132
681 700
689 706
690 134
699 139
699 710
709 139
709 710
718 144
719 710
728 145
729 710
738 149
739 710
747 154
749 710
757 154
759 707
766 159
769 705
775 164
777 699
785 164
787 695
794 712
794 722
794 732
794 742
794 752
794 762
795 167
797 695
799 771
799 781
799 791
804 800
804 810
805 169
809 819
809 829
814 174
815 837
819 847
824 174
824 856
824 866
831 874
833 179
839 880
842 890
843 180
848 189
850 897
857 905
858 189
866 910
868 190
874 916
875 198
883 205
884 920
890 213
894 920
895 222
895 232
895 242
895 252
900 261
900 271
900 281
900 291
903 301
903 925
910 309
913 925
920 312
923 925
930 314
933 925
939 319
943 925
948 324
953 923
957 329
963 920
966 334
972 915
975 339
981 910
985 342
990 905
994 347
999 900
1004 351
1005 890
1013 883
1014 354
1020 870
1023 359
1028 863
1032 364
1033 853
1038 843
1041 369
1048 840
1050 374
1058 840
1060 374
1068 840
1069 379
1078 384
1078 840
1087 389
1087 835
1096 394
1097 835
1106 394
1106 830
1114 401
1115 825
1123 406
1125 820
1133 410
1135 820
1143 414
1144 815
1152 419
1154 812
1161 424
1162 805
1169 431
1172 804
1179 434
1182 799
1187 440
1192 794
1195 447
1202 455
1202 790
1210 462
1211 785
1215 471
1220 480
1221 785
1222 490
1230 780
1232 494
1240 780
1242 494
1250 780
1251 499
1259 492
1259 785
1267 484
1269 785
1276 479
1279 785
1286 479
1289 785
1296 479
1299 785
1304 486
1309 782
1314 489
1319 780
1324 489
1329 777
1333 494
1337 770
1343 494
1346 765
1353 495
1355 760
1362 500
1365 755
1372 504
1373 748
1380 740
1381 509
1388 733
1389 516
1395 524
1395 725
1403 718
1404 529
1405 610
1405 620
1405 630
1408 708
1412 535
1413 603
1414 700
1415 629
1420 542
1423 598
1423 695
1424 552
1424 622
1425 562
1425 585
1430 571
1432 614
1433 693
1442 609
1443 688
1450 601
1450 680
1460 596
1460 675
1468 589
1470 670
1478 589
1479 665
1487 659
1488 589
1495 650
1497 594
1503 643
1505 600
1505 610
1507 620
1510 630
