144 267
144 277
149 242
149 252
149 286
149 296
154 305
159 244
159 314
164 323
169 246
169 332
169 342
174 351
175 254
179 360
180 263
185 272
185 368
190 377
192 280
194 387
195 290
199 396
200 299
205 308
206 404
209 414
210 317
214 423
214 433
217 325
219 442
222 334
224 152
224 451
224 461
229 161
229 171
229 181
229 342
229 470
229 480
232 144
234 132
234 190
234 200
234 210
234 489
234 499
234 509
234 519
235 350
236 529
239 122
239 219
239 229
239 539
240 359
241 549
244 112
244 238
244 248
244 258
244 559
248 365
249 267
249 277
249 287
249 297
249 568
250 578
254 116
254 306
254 588
255 598
257 370
259 315
259 325
259 608
260 124
260 618
264 334
264 344
264 677
265 627
266 354
267 374
268 130
269 364
269 637
269 662
270 685
272 140
274 646
277 149
280 159
280 169
280 179
280 685
285 188
285 198
290 207
290 217
290 685
295 226
298 236
300 246
300 256
300 685
305 265
307 275
310 685
312 284
315 294
320 685
323 300
327 310
330 685
335 317
339 227
339 237
340 685
344 92
344 102
344 112
344 122
344 132
344 142
344 152
344 162
344 172
344 182
344 192
344 202
344 212
344 246
344 256
344 266
344 276
344 286
344 296
344 306
349 690
352 84
359 72
359 690
367 64
369 690
377 64
379 690
384 72
385 82
389 690
392 90
395 100
395 110
398 695
400 119
400 129
400 139
400 149
400 159
400 169
400 179
400 189
400 199
400 209
405 218
405 228
405 238
405 248
405 258
405 268
405 278
405 288
405 298
408 695
410 307
415 316
418 695
425 311
428 695
429 297
434 267
434 277
434 287
438 695
439 237
439 247
439 257
444 227
447 700
449 137
449 147
449 157
449 167
449 177
449 187
449 197
449 207
449 217
454 112
454 122
457 700
464 107
467 699
472 99
472 689
480 91
482 684
487 674
490 92
494 102
495 112
495 265
495 275
495 285
495 295
495 305
495 315
495 325
495 335
495 345
495 355
495 365
495 375
495 385
495 665
499 122
500 235
500 245
500 255
500 394
500 404
504 131
505 180
505 190
505 200
505 210
505 220
505 413
505 660
510 139
510 149
510 159
510 169
510 422
514 432
515 650
519 441
523 451
523 643
530 459
530 635
535 468
535 625
543 618
545 464
548 608
553 598
555 461
560 590
564 452
565 580
574 447
575 575
579 432
580 560
584 422
588 553
589 407
595 545
597 399
599 387
600 530
605 520
609 377
613 513
617 369
618 503
620 490
625 361
625 480
630 470
633 354
640 346
640 450
640 460
648 443
650 344
650 430
655 420
660 344
660 410
665 395
670 347
670 357
670 385
675 366
675 376
