214 212
214 222
214 232
214 242
219 197
219 251
224 260
224 270
227 189
229 279
234 288
234 298
236 194
239 307
239 317
245 199
247 324
249 334
250 208
255 342
258 215
259 352
259 362
259 372
260 225
262 235
264 381
265 245
267 255
269 390
269 400
272 264
274 409
274 419
275 274
276 429
279 439
279 449
279 459
279 469
279 479
279 489
279 499
279 509
279 519
279 529
279 539
280 283
284 548
284 558
285 292
285 568
289 578
289 652
289 662
290 588
292 300
294 598
294 608
294 637
297 309
299 117
299 127
299 617
299 627
299 665
300 319
304 136
304 146
304 156
304 166
304 176
307 109
308 325
309 185
309 195
309 205
309 215
309 225
309 235
309 245
309 255
309 665
314 264
315 101
315 333
316 274
319 284
319 294
319 304
319 314
319 665
320 91
328 85
329 665
337 90
339 665
342 99
345 109
348 670
350 118
350 128
355 137
355 147
355 157
355 167
358 670
360 176
360 186
363 196
365 206
365 216
365 226
368 236
368 670
373 245
375 255
378 670
380 264
385 273
388 670
390 282
395 291
398 670
401 299
406 290
408 670
409 277
414 267
418 670
419 237
419 247
419 257
424 212
424 222
428 670
429 192
429 202
434 182
438 670
439 167
444 142
444 152
447 675
449 97
449 107
449 117
449 127
454 87
457 675
462 79
467 675
470 71
470 270
470 280
470 290
470 300
470 310
475 255
477 675
478 64
479 305
480 235
480 245
485 215
485 225
485 296
487 675
488 64
490 195
490 205
490 286
494 272
495 72
495 150
495 160
495 170
495 180
495 665
499 252
499 262
500 81
500 130
500 140
504 237
505 100
505 110
505 120
505 660
506 89
509 212
509 222
510 650
514 167
514 177
514 187
514 197
515 640
519 147
519 157
524 127
524 137
525 640
529 112
533 633
539 109
540 620
545 325
545 335
545 345
545 355
547 365
548 104
550 305
550 315
550 375
550 385
550 395
550 615
552 405
555 260
555 270
555 280
555 290
555 415
555 425
555 600
557 99
557 435
560 109
560 230
560 240
560 250
560 445
565 118
565 128
565 200
565 210
565 220
565 454
565 595
570 137
570 170
570 180
570 190
570 585
575 146
575 156
575 451
578 578
583 444
585 570
589 432
593 563
597 424
599 407
600 555
604 392
608 548
609 382
614 367
615 535
619 347
619 357
620 525
624 337
625 515
629 327
630 500
638 493
639 322
640 475
648 468
649 319
653 458
658 448
659 319
665 327
665 337
665 347
665 357
665 367
665 377
665 387
665 397
665 407
665 417
665 427
665 437
