244 242
244 252
249 261
249 271
249 281
249 291
252 234
254 300
254 310
257 224
257 320
259 212
259 330
259 340
262 350
264 360
267 204
269 369
269 379
274 212
274 388
274 398
279 407
279 417
279 427
279 437
279 447
279 457
279 467
279 477
279 487
279 497
279 507
279 517
279 527
279 537
279 547
279 557
279 567
279 577
279 677
282 219
284 586
284 596
284 667
285 229
285 685
289 605
289 615
290 238
290 248
290 258
292 659
294 624
295 267
295 277
295 685
296 634
297 649
300 286
300 296
305 305
305 685
307 315
312 324
315 334
315 344
315 685
320 353
325 362
325 685
329 277
329 287
329 297
333 369
334 252
334 262
334 306
334 316
334 326
334 336
334 346
334 356
335 685
339 217
339 227
339 237
344 142
344 152
344 162
344 172
344 182
344 192
344 202
345 685
352 134
355 685
361 129
364 690
369 122
374 690
377 114
384 690
385 120
385 245
385 255
385 265
385 275
390 129
390 205
390 215
390 225
390 235
390 284
390 294
394 690
395 165
395 175
395 185
395 195
395 303
398 135
400 145
400 155
400 312
404 690
405 301
409 267
409 277
409 287
414 237
414 247
414 257
414 690
422 229
423 695
424 217
429 197
429 207
433 695
434 172
434 182
439 137
439 147
439 157
443 695
444 112
444 122
452 104
453 695
460 96
463 695
468 89
470 280
470 290
470 300
472 310
472 700
475 250
475 260
475 270
475 320
477 330
478 90
480 225
480 235
482 339
482 700
485 98
485 205
485 215
490 107
490 180
490 190
490 331
492 699
494 317
495 116
495 126
495 136
495 146
495 156
495 166
499 307
500 690
504 297
509 282
510 685
514 257
514 267
518 678
519 242
524 232
525 670
529 217
534 187
534 197
534 207
535 665
539 167
539 177
543 658
544 152
548 648
550 400
550 410
550 420
550 430
552 440
554 147
555 340
555 350
555 360
555 370
555 380
555 390
555 450
555 460
555 470
555 480
555 635
560 320
560 330
560 625
564 142
565 300
565 310
565 481
569 620
570 285
573 474
574 137
575 275
575 610
579 462
580 240
580 250
580 260
580 600
584 141
584 452
585 151
585 220
585 230
585 590
589 432
589 442
590 160
590 170
590 200
590 210
590 580
594 407
594 417
595 179
595 189
599 367
599 377
599 387
599 397
600 570
605 560
607 359
613 553
617 354
620 530
620 540
625 515
626 349
633 508
635 354
638 498
640 363
640 485
645 372
645 382
645 392
645 475
650 401
650 411
650 421
653 468
655 430
657 440
658 458
