219 282
219 292
224 272
224 301
224 311
224 321
224 331
229 262
229 340
229 350
232 360
234 247
234 370
234 380
239 389
239 399
244 251
244 408
245 418
249 428
249 438
250 259
254 447
254 457
254 467
254 577
254 587
254 597
259 476
259 486
259 496
259 506
259 516
259 526
259 536
259 546
259 556
259 566
259 606
259 616
259 626
259 636
260 262
264 272
264 645
264 655
264 707
264 717
265 282
267 665
269 675
269 685
269 695
270 291
270 301
270 311
274 720
275 320
275 330
277 340
280 350
282 360
283 725
287 369
290 379
293 725
295 388
295 398
303 404
303 725
312 409
313 725
314 317
314 327
314 337
314 397
319 257
319 267
319 277
319 287
319 297
319 307
319 346
319 356
319 366
319 376
319 386
323 725
324 207
324 217
324 227
324 237
324 247
329 182
329 192
333 725
337 174
342 730
345 166
352 730
353 159
360 151
362 730
365 160
370 169
370 240
370 250
370 260
370 270
370 280
370 290
370 300
370 310
371 735
375 200
375 210
375 220
375 230
375 319
375 329
375 339
378 175
380 185
380 348
380 358
381 735
388 364
389 353
391 735
394 267
394 277
394 287
394 297
394 307
394 317
394 327
394 337
399 252
401 738
404 177
404 187
404 197
404 207
404 217
404 227
404 237
409 152
409 162
411 740
417 144
421 740
425 136
431 743
433 129
440 121
441 745
446 129
450 139
450 280
450 290
450 300
450 310
450 320
450 330
450 340
450 350
451 745
452 360
455 148
455 235
455 245
455 255
455 265
457 369
460 157
460 167
460 177
460 187
460 197
460 207
460 217
460 379
460 750
469 384
470 745
475 376
479 740
483 369
487 734
492 364
494 347
495 725
499 327
499 337
504 720
507 319
512 309
512 714
514 297
517 705
519 287
524 277
526 700
529 262
530 460
530 470
530 480
530 690
534 237
534 247
535 405
535 415
535 425
535 435
535 445
535 489
535 499
535 509
535 519
535 529
538 683
539 227
540 395
543 673
544 217
545 385
545 526
548 663
549 207
550 370
553 519
554 197
555 345
555 355
555 645
555 655
559 507
560 335
563 638
564 194
564 497
565 325
570 315
570 630
572 489
573 189
574 477
575 300
575 620
579 452
579 462
580 275
580 285
582 184
583 613
585 194
585 260
587 444
588 603
590 203
590 213
590 245
593 593
595 222
595 232
595 436
595 580
600 426
600 555
600 565
608 419
608 548
613 538
615 411
620 515
620 525
623 404
628 508
630 495
632 399
638 488
640 470
642 399
645 460
650 450
652 399
658 443
660 405
660 415
660 425
