169 292
174 262
174 272
174 282
174 301
174 311
179 320
179 330
184 259
184 339
189 348
190 358
192 265
194 368
194 378
199 387
200 272
204 396
207 280
210 290
211 404
214 414
214 424
215 299
215 309
220 318
220 432
224 442
225 327
229 451
230 336
234 460
234 470
234 480
235 345
237 355
239 489
241 499
242 364
244 509
244 519
244 529
244 539
244 549
244 559
244 569
244 579
244 589
244 599
249 372
249 608
250 618
254 628
255 638
257 379
259 648
259 658
259 707
259 717
260 389
264 667
264 677
264 697
265 725
269 394
269 686
274 177
274 187
274 197
274 207
274 217
274 227
274 237
274 302
274 312
274 322
275 725
277 400
279 167
279 246
279 256
279 266
279 276
279 286
279 331
279 341
279 351
279 361
284 370
284 380
285 725
287 159
287 404
289 389
295 151
295 725
303 145
305 725
310 153
315 725
318 160
320 170
320 180
322 190
325 200
325 210
325 220
325 230
325 240
325 250
325 260
325 725
327 270
330 280
330 290
332 300
335 310
335 725
337 320
342 329
345 339
345 725
353 345
355 725
363 349
365 725
369 337
374 327
375 725
379 267
379 277
379 287
379 297
379 307
379 317
384 247
384 257
385 725
389 237
394 222
395 725
399 197
399 207
404 152
404 162
404 172
404 182
405 725
409 142
415 725
417 134
425 725
427 129
430 320
430 330
430 340
435 300
435 310
435 349
435 359
435 369
435 725
436 124
440 280
440 290
444 117
444 364
445 255
445 265
445 725
450 125
450 210
450 220
450 230
450 240
453 359
455 134
455 190
455 200
455 725
460 143
460 165
460 175
460 351
465 152
465 725
468 344
469 327
473 718
474 312
479 302
483 713
484 292
489 282
490 705
494 262
494 272
498 698
499 242
499 252
504 227
505 690
509 217
513 683
514 197
514 207
515 385
515 395
515 405
515 415
515 425
515 435
515 445
515 455
515 465
515 475
515 485
517 495
518 673
519 187
520 365
520 375
522 504
523 663
524 177
525 355
530 340
530 650
532 499
534 172
535 315
535 325
535 640
540 300
540 491
540 630
544 167
545 290
545 481
548 623
550 280
550 471
552 159
554 452
555 169
555 245
555 255
555 265
555 600
555 610
559 437
560 178
560 188
560 225
560 235
564 422
565 197
565 207
565 595
569 412
573 588
577 404
578 578
579 387
580 565
585 550
589 382
590 535
594 372
595 525
600 505
600 515
602 364
605 495
612 364
613 488
618 478
620 430
620 440
620 450
620 460
622 364
625 420
630 370
630 405
632 380
635 390
