514 707
514 717
514 727
514 737
514 767
514 777
514 952
514 962
514 972
514 982
514 1012
514 1022
514 1202
514 1212
514 1222
514 1232
514 1262
514 1272
514 1447
514 1457
514 1467
514 1477
514 1507
514 1517
514 1697
514 1707
514 1717
514 1727
514 1757
514 1767
514 1942
514 1952
514 1962
514 1972
514 2002
514 2012
514 2192
514 2202
514 2212
514 2222
514 2252
514 2262
519 532
519 542
519 657
519 667
519 746
519 756
519 786
519 902
519 912
519 991
519 1001
519 1031
519 1152
519 1162
519 1241
519 1251
519 1281
519 1397
519 1407
519 1486
519 1496
519 1526
519 1647
519 1657
519 1736
519 1746
519 1776
519 1892
519 1902
519 1981
519 1991
519 2021
519 2142
519 2152
519 2231
519 2241
519 2271
519 2387
524 487
524 497
524 507
524 551
524 647
524 704
524 795
524 921
524 949
524 1040
524 1142
524 1199
524 1290
524 1416
524 1444
524 1535
524 1637
524 1694
524 1785
524 1911
524 1939
524 2030
524 2132
524 2189
524 2280
525 2395
527 674
527 805
527 894
527 1050
527 1169
527 1300
527 1389
527 1545
527 1664
527 1795
527 1884
527 2040
527 2159
527 2290
527 2379
529 516
529 526
529 560
529 570
529 582
529 592
529 602
529 815
529 832
529 842
529 852
529 1060
529 1077
529 1087
529 1097
529 1310
529 1327
529 1337
529 1347
529 1555
529 1572
529 1582
529 1592
529 1805
529 1822
529 1832
529 1842
529 2050
529 2067
529 2077
529 2087
529 2300
529 2317
529 2327
529 2337
531 929
531 1424
531 1919
532 479
532 639
532 884
532 1134
532 1379
532 1629
532 1874
532 2124
532 2369
533 954
533 1449
533 1944
534 611
534 621
534 682
534 706
534 861
534 871
534 1106
534 1116
534 1177
534 1201
534 1356
534 1366
534 1601
534 1611
534 1672
534 1696
534 1851
534 1861
534 2096
534 2106
534 2167
534 2191
534 2346
534 2356
535 2395
541 933
541 1428
541 1923
542 479
542 689
542 959
542 1184
542 1454
542 1679
542 1949
542 2174
544 709
544 1204
544 1699
544 2194
545 2395
549 697
549 940
549 1192
549 1435
549 1687
549 1930
549 2182
551 484
552 950
552 1445
552 1940
554 706
554 1201
554 1696
554 2191
555 2395
560 489
565 2395
568 495
575 503
575 2395
585 507
585 2395
593 514
594 2400
603 515
603 2405
612 2410
613 514
622 2410
623 514
632 509
632 2409
640 2390
640 2400
642 504
645 2375
652 504
655 2377
662 499
664 2382
669 2391
671 504
679 2395
681 504
685 2403
690 509
695 2405
700 509
704 2410
710 509
714 2410
719 504
724 2410
729 506
734 2410
738 511
742 2404
745 519
750 2395
754 524
760 2395
763 529
770 2395
773 529
774 487
774 497
774 507
774 517
780 2395
782 479
790 2395
792 479
800 2395
801 484
809 491
810 2395
818 496
820 2395
825 504
830 2395
834 509
839 2400
843 514
848 2405
852 519
858 2405
861 514
867 2410
871 510
877 2409
881 509
885 2400
890 504
890 2375
890 2385
900 504
900 2375
909 499
909 2380
915 2388
918 504
923 2395
928 504
932 2400
937 509
941 2405
947 509
951 2408
957 509
961 2410
966 504
971 2410
975 509
981 2410
985 512
989 2402
993 519
997 2395
1002 524
1007 2395
1011 529
1017 2395
1019 487
1019 497
1019 507
1021 529
1024 516
1027 479
1027 2395
1037 479
1037 2395
1046 484
1047 2395
1055 489
1057 2395
1063 495
1067 2395
1070 503
1077 2395
1080 507
1087 2399
1088 514
1096 2404
1098 515
1106 2408
1108 514
1116 2410
1118 514
1126 2410
1127 509
1134 2402
1135 2390
1137 504
1140 2375
1147 504
1150 2377
1157 499
1159 2382
1164 2391
1166 504
1174 2395
1176 504
1180 2403
1185 509
1190 2405
1195 509
1199 2410
1205 509
1209 2410
1214 504
1219 2410
1224 506
1229 2410
1233 511
1237 2404
1240 519
1245 2395
1249 524
1255 2395
1258 529
1265 2395
1268 529
1269 487
1269 497
1269 507
1269 517
1275 2395
1277 479
1285 2395
1287 479
1295 2395
1296 484
1304 491
1305 2395
1313 496
1315 2395
1320 504
1325 2395
1329 509
1334 2400
1338 514
1343 2405
1347 519
1353 2405
1356 514
1362 2410
1366 510
1372 2409
1376 509
1380 2400
1385 504
1385 2375
1385 2385
1395 504
1395 2375
1404 499
1404 2380
1410 2388
1413 504
1418 2395
1423 504
1427 2400
1432 509
1436 2405
1442 509
1446 2408
1452 509
1456 2410
1461 504
1466 2410
1470 509
1476 2410
1480 512
1484 2402
1488 519
1492 2395
1497 524
1502 2395
1506 529
1512 2395
1514 487
1514 497
1514 507
1516 529
1519 516
1522 479
1522 2395
1532 479
1532 2395
1541 484
1542 2395
1550 489
1552 2395
1558 495
1562 2395
1565 503
1572 2395
1575 507
1582 2399
1583 514
1591 2404
1593 515
1601 2408
1603 514
1611 2410
1613 514
1621 2410
1622 509
1629 2402
1630 2390
1632 504
1635 2375
1642 504
1645 2377
1652 499
1654 2382
1659 2391
1661 504
1669 2395
1671 504
1675 2403
1680 509
1685 2405
1690 509
1694 2410
1700 509
1704 2410
1709 504
1714 2410
1719 506
1724 2410
1728 511
1732 2404
1735 519
1740 2395
1744 524
1750 2395
1753 529
1760 2395
1763 529
1764 487
1764 497
1764 507
1764 517
1770 2395
1772 479
1780 2395
1782 479
1790 2395
1791 484
1799 491
1800 2395
1808 496
1810 2395
1815 504
1820 2395
1824 509
1829 2400
1833 514
1838 2405
1842 519
1848 2405
1851 514
1857 2410
1861 510
1867 2409
1871 509
1875 2400
1880 504
1880 2375
1880 2385
1890 504
1890 2375
1899 499
1899 2380
1905 2388
1908 504
1913 2395
1918 504
1922 2400
1927 509
1931 2405
1937 509
1941 2408
1947 509
1951 2410
1956 504
1961 2410
1965 509
1971 2410
1975 512
1979 2402
1983 519
1987 2395
1992 524
1997 2395
2001 529
2007 2395
2009 487
2009 497
2009 507
2011 529
2014 516
2017 479
2017 2395
2027 479
2027 2395
2036 484
2037 2395
2045 489
2047 2395
2053 495
2057 2395
2060 503
2067 2395
2070 507
2077 2399
2078 514
2086 2404
2088 515
2096 2408
2098 514
2106 2410
2108 514
2116 2410
2117 509
2124 2402
2125 2390
2127 504
2130 2375
2137 504
2140 2377
2147 499
2149 2382
2154 2391
2156 504
2164 2395
2166 504
2170 2403
2175 509
2180 2405
2185 509
2189 2410
2195 509
2199 2410
2204 504
2209 2410
2214 506
2219 2410
2223 511
2227 2404
2230 519
2235 2395
2239 524
2245 2395
2248 529
2255 2395
2258 529
2259 487
2259 497
2259 507
2259 517
2265 2395
2267 479
2275 2395
2277 479
2285 2395
2286 484
2294 491
2295 2395
2303 496
2305 2395
2310 504
2315 2395
2319 509
2324 2400
2328 514
2333 2405
2337 519
2343 2405
2346 514
2352 2410
2356 510
2362 2409
2365 745
2365 990
2365 1240
2365 1485
2365 1735
2365 1980
2365 2230
2366 509
2367 755
2367 1000
2367 1250
2367 1495
2367 1745
2367 1990
2367 2240
2370 519
2370 735
2370 980
2370 1010
2370 1230
2370 1475
2370 1505
2370 1725
2370 1970
2370 2000
2370 2220
2370 2400
2372 764
2372 1259
2372 1754
2372 2249
2375 550
2375 560
2375 570
2375 580
2375 615
2375 625
2375 795
2375 805
2375 815
2375 825
2375 860
2375 870
2375 1019
2375 1045
2375 1055
2375 1065
2375 1075
2375 1110
2375 1120
2375 1290
2375 1300
2375 1310
2375 1320
2375 1355
2375 1365
2375 1514
2375 1540
2375 1550
2375 1560
2375 1570
2375 1605
2375 1615
2375 1785
2375 1795
2375 1805
2375 1815
2375 1850
2375 1860
2375 2009
2375 2035
2375 2045
2375 2055
2375 2065
2375 2100
2375 2110
2375 2280
2375 2290
2375 2300
2375 2310
2375 2345
2375 2355
2375 2375
2375 2385
2377 835
2377 880
2377 1330
2377 1375
2377 1825
2377 1870
2377 2320
2377 2365
2378 525
2378 728
2378 1223
2378 1718
2378 2213
2379 772
2379 975
2379 1267
2379 1470
2379 1762
2379 1965
2379 2257
2380 540
2380 589
2380 599
2380 634
2380 644
2380 785
2380 845
2380 890
2380 1028
2380 1084
2380 1094
2380 1129
2380 1139
2380 1280
2380 1340
2380 1385
2380 1523
2380 1579
2380 1589
2380 1624
2380 1634
2380 1775
2380 1835
2380 1880
2380 2018
2380 2074
2380 2084
2380 2119
2380 2129
2380 2270
2380 2330
2385 653
2385 899
2385 1148
2385 1394
2385 1643
2385 1889
2385 2138
2388 723
2388 970
2388 1218
2388 1465
2388 1713
2388 1960
2388 2208
2390 662
2390 908
2390 1157
2390 1403
2390 1652
2390 1898
2390 2147
2395 671
2395 681
2395 715
2395 917
2395 927
2395 960
2395 1166
2395 1176
2395 1210
2395 1412
2395 1422
2395 1455
2395 1661
2395 1671
2395 1705
2395 1907
2395 1917
2395 1950
2395 2156
2395 2166
2395 2200
2400 690
2400 700
2400 936
2400 946
2400 1185
2400 1195
2400 1431
2400 1441
2400 1680
2400 1690
2400 1926
2400 1936
2400 2175
2400 2185
