319 2292
324 2282
325 2300
329 2272
334 2262
335 2300
339 2252
345 2300
347 2244
352 2234
355 2300
357 2224
362 2214
365 2300
369 2202
374 2192
375 2300
379 2182
385 2300
387 2174
392 2164
395 2300
397 2154
402 2144
405 2300
407 2134
414 2122
415 2300
419 2112
424 2102
425 2300
432 2094
435 2300
437 2084
442 2074
445 2300
447 2064
454 2052
455 2300
459 2042
464 2032
465 2300
472 2024
475 2300
477 2014
482 2004
485 2300
487 1994
492 1984
495 2300
499 1972
504 1962
505 2300
509 1952
515 2300
517 1944
522 1934
525 2300
527 1924
532 1914
535 2300
539 1902
544 1892
545 2300
549 1882
555 2300
557 1874
562 1864
565 2300
567 1854
572 1844
575 2300
577 1834
584 1822
585 2300
589 1812
594 1802
595 2300
602 1794
605 2300
607 1784
612 1774
615 2300
617 1764
624 1752
625 2300
629 1742
634 1732
635 2300
639 1722
645 2300
647 1714
652 1704
655 2300
657 1694
662 1684
665 2300
669 1672
674 1662
675 2300
679 1652
685 2300
687 1644
692 1634
695 2300
697 1624
702 1614
705 2300
709 1602
714 1592
715 2300
719 1582
724 1572
725 2300
732 1564
735 2300
737 1554
742 1544
745 2300
747 1534
754 1522
755 2300
759 1512
764 1502
765 2300
772 1494
775 2300
777 1484
782 1474
785 2300
787 1464
794 1452
795 2300
799 1442
804 1432
805 2300
814 1427
815 2300
824 1427
825 2300
834 1427
835 2300
844 1427
845 2300
854 1427
855 2300
859 1337
864 1327
864 1427
865 1345
865 2300
869 1317
874 1307
874 1429
875 1345
875 2300
882 1299
884 1429
885 1345
885 2300
887 1289
892 1279
894 1429
895 1345
895 2300
897 1269
904 1257
904 1429
905 1345
905 2300
909 1247
914 1237
914 1429
915 1345
915 2300
922 1229
924 1429
925 1345
925 2300
927 1219
930 1890
930 1900
930 1910
930 1920
930 1930
930 1940
930 1950
930 1960
932 1209
934 1429
935 1345
935 1969
935 2300
937 1199
940 1890
942 1189
944 1429
945 1345
945 1969
945 2300
949 1177
950 1890
954 1167
954 1429
955 1345
955 1969
955 2300
959 1157
960 1890
964 1429
965 1345
965 1969
965 2300
967 1149
970 1890
972 1139
974 1429
975 1345
975 1969
975 2300
977 1129
980 1890
982 1119
984 1429
985 1345
985 1969
985 2300
989 1107
990 1890
994 1097
994 1429
995 1345
995 1969
995 2300
999 1087
1000 1890
1004 1429
1005 1345
1005 1969
1005 2300
1007 1079
1010 1890
1012 1069
1014 1429
1015 1345
1015 1969
1015 2300
1017 1059
1020 1890
1022 1049
1024 1429
1025 1345
1025 1969
1025 2300
1029 1037
1030 1890
1034 1027
1034 1429
1035 1345
1035 1969
1035 2300
1039 1017
1040 1890
1044 1429
1045 1345
1045 1969
1045 2300
1047 1009
1050 1890
1052 999
1054 1431
1055 1345
1055 1969
1055 2300
1057 989
1060 1890
1062 979
1064 1431
1065 1345
1065 1969
1065 2300
1069 967
1070 1890
1074 957
1074 1432
1075 1345
1075 1969
1075 2300
1079 947
1080 1890
1084 937
1084 1434
1085 1345
1085 1969
1085 2300
1090 1890
1092 929
1094 1431
1095 1345
1095 1969
1095 2300
1097 919
1100 1890
1102 909
1104 1432
1105 1345
1105 1969
1105 2300
1107 899
1110 1890
1114 887
1114 1434
1115 1345
1115 1969
1115 2300
1119 877
1120 1890
1124 867
1124 1434
1125 1345
1125 1969
1125 2300
1130 1890
1132 859
1134 1434
1135 1345
1135 1969
1135 2300
1137 849
1140 1890
1142 839
1144 1434
1145 1345
1145 1969
1145 2300
1147 829
1150 1890
1154 817
1154 1434
1155 1345
1155 1969
1155 2300
1159 807
1160 1890
1164 797
1164 1434
1165 1345
1165 1969
1165 2300
1169 787
1170 1890
1174 1434
1175 1345
1175 1969
1175 2300
1177 779
1180 1890
1182 769
1184 1434
1185 1345
1185 1969
1185 2300
1187 759
1190 1890
1192 749
1194 1434
1195 1345
1195 1969
1195 2300
1199 737
1200 1890
1204 727
1204 1434
1205 1345
1205 1969
1205 2300
1209 717
1210 1890
1214 1434
1215 1345
1215 1969
1215 2300
1217 709
1220 1890
1222 699
1224 1434
1225 1345
1225 1969
1225 2300
1227 689
1230 1890
1232 679
1234 1434
1235 1345
1235 1969
1235 2300
1239 667
1240 1890
1244 657
1244 1434
1245 1345
1245 1969
1245 2300
1249 647
1250 1890
1254 1434
1255 1345
1255 1969
1255 2300
1257 639
1260 1890
1262 629
1264 1434
1265 1345
1265 1969
1265 2300
1267 619
1270 1890
1272 609
1274 1434
1275 1345
1275 1969
1275 2300
1277 599
1280 1890
1284 587
1284 1434
1285 1345
1285 1969
1285 2300
1289 577
1290 1890
1294 567
1294 1434
1295 1345
1295 1969
1295 2300
1300 1890
1302 559
1303 1439
1305 1345
1305 1969
1305 2300
1307 549
1310 1890
1312 539
1313 1439
1315 915
1315 925
1315 935
1315 945
1315 955
1315 965
1315 975
1315 985
1315 1345
1315 1969
1315 2300
1317 529
1320 1890
1322 1434
1324 517
1325 915
1325 989
1325 1345
1325 1969
1325 2300
1329 507
1330 1890
1331 1439
1334 497
1335 915
1335 989
1335 1345
1335 1969
1335 2300
1340 1890
1341 1439
1342 489
1345 915
1345 989
1345 1345
1345 1969
1345 2300
1347 479
1350 1890
1351 1435
1352 469
1355 915
1355 989
1355 1345
1355 1969
1355 2300
1357 459
1360 1890
1361 1439
1362 449
1365 915
1365 989
1365 1345
1365 1969
1365 2300
1369 437
1370 1890
1371 1439
1374 427
1375 915
1375 989
1375 1345
1375 1969
1375 2300
1380 1890
1381 1439
1382 419
1385 915
1385 989
1385 1345
1385 1966
1385 2300
1387 409
1390 1890
1391 1439
1392 399
1395 915
1395 989
1395 1345
1395 1966
1395 2300
1397 389
1400 1890
1401 1439
1405 915
1405 989
1405 1345
1405 1966
1405 2300
1406 384
1410 1890
1411 1439
1414 391
1415 915
1415 989
1415 1345
1415 1966
1415 2300
1418 401
1420 1890
1421 1439
1423 410
1425 915
1425 989
1425 1345
1425 1966
1425 2300
1427 420
1430 1890
1431 1439
1435 427
1435 915
1435 989
1435 1345
1435 1966
1435 2300
1439 437
1440 1890
1441 1439
1444 446
1445 915
1445 989
1445 1345
1445 1966
1445 2300
1450 454
1450 1890
1451 1439
1455 463
1455 915
1455 989
1455 1345
1455 1966
1455 2300
1460 472
1460 1890
1461 1439
1464 482
1465 915
1465 989
1465 1345
1465 1966
1465 2300
1469 491
1470 1890
1471 1439
1475 499
1475 915
1475 989
1475 1345
1475 1966
1475 2300
1480 508
1480 1890
1481 1439
1485 517
1485 915
1485 989
1485 1345
1485 1966
1485 2300
1489 527
1490 1890
1491 1439
1495 535
1495 915
1495 989
1495 1345
1495 1966
1495 2300
1500 544
1500 1892
1501 1439
1505 553
1505 915
1505 989
1505 1345
1505 1966
1505 2300
1510 562
1510 1890
1511 1439
1515 571
1515 915
1515 989
1515 1345
1515 1966
1515 2300
1519 1895
1520 580
1521 1439
1525 589
1525 915
1525 989
1525 1345
1525 1966
1525 2300
1528 1890
1530 598
1531 1439
1535 607
1535 915
1535 989
1535 1345
1535 1966
1535 2300
1537 1895
1540 616
1541 1439
1545 625
1545 915
1545 989
1545 1345
1545 1966
1545 2300
1547 1894
1550 634
1550 1444
1555 643
1555 915
1555 989
1555 1345
1555 1966
1555 2300
1557 1890
1560 652
1560 1441
1565 661
1565 915
1565 989
1565 1345
1565 1969
1565 2300
1566 1895
1570 670
1570 1444
1575 679
1575 915
1575 989
1575 1345
1575 1967
1575 2300
1576 1893
1580 688
1580 1442
1585 697
1585 915
1585 989
1585 1345
1585 1966
1585 2300
1586 1890
1590 706
1590 1441
1595 915
1595 989
1595 1345
1595 1895
1595 1969
1595 2300
1596 714
1600 724
1600 1444
1604 1890
1605 733
1605 917
1605 989
1605 1345
1605 1967
1605 2300
1610 742
1610 1444
1614 1892
1615 917
1615 989
1615 1345
1615 1966
1615 2300
1617 750
1620 1444
1622 759
1624 1895
1625 769
1625 915
1625 989
1625 1345
1625 1969
1625 2300
1630 778
1630 1444
1633 1890
1634 920
1635 989
1635 1345
1635 1967
1635 2300
1638 785
1640 1444
1642 795
1642 1895
1643 915
1645 989
1645 1345
1645 1966
1645 2300
1647 804
1650 814
1650 1444
1652 920
1652 1894
1655 823
1655 989
1655 1345
1655 1969
1655 2300
1660 1444
1662 919
1662 1890
1663 830
1665 989
1665 1345
1665 1967
1665 2300
1667 840
1670 1444
1671 1895
1672 849
1672 915
1675 859
1675 989
1675 1345
1675 1966
1675 2300
1680 1444
1681 920
1681 1893
1683 865
1685 989
1685 1345
1685 1969
1685 2300
1687 875
1690 1444
1691 918
1691 1895
1692 884
1695 894
1695 989
1695 1345
1695 1967
1695 2300
1700 1444
1701 915
1701 1895
1703 900
1705 989
1705 1345
1705 1966
1705 2300
1710 1444
1711 1895
1715 989
1715 1345
1715 1969
1715 2300
1720 1444
1721 1895
1725 989
1725 1345
1725 1967
1725 2300
1730 1444
1731 1895
1735 989
1735 1345
1735 1966
1735 2300
1740 1444
1741 1895
1745 989
1745 1345
1745 1969
1745 2300
1750 1444
1751 1895
1753 995
1755 1345
1755 1967
1755 2300
1760 1003
1760 1444
1761 1895
1765 1012
1765 1345
1765 1966
1765 2300
1770 1021
1770 1444
1771 1895
1775 1030
1775 1345
1775 1969
1775 2300
1780 1039
1780 1444
1781 1895
1785 1048
1785 1345
1785 1967
1785 2300
1789 1355
1789 1365
1789 1375
1789 1385
1789 1395
1789 1405
1789 1415
1789 1425
1789 1435
1790 1057
1791 1895
1795 1066
1795 1966
1795 2300
1800 1075
1801 1895
1805 1084
1805 1969
1805 2300
1810 1093
1811 1895
1815 1102
1815 1967
1815 2300
1820 1111
1821 1895
1825 1120
1825 1966
1825 2300
1830 1129
1831 1895
1835 1138
1835 1969
1835 2300
1840 1147
1841 1895
1844 1964
1845 1156
1845 2300
1851 1164
1851 1895
1854 1964
1855 1174
1855 2300
1860 1183
1861 1895
1864 1964
1865 1192
1865 2300
1871 1895
1872 1200
1874 1964
1875 2300
1877 1209
1880 1219
1881 1895
1884 1964
1885 1228
1885 2300
1891 1895
1893 1235
1894 1964
1895 2300
1897 1245
1901 1895
1902 1254
1904 1964
1905 1264
1905 2300
1910 1273
1911 1895
1914 1964
1915 2300
1918 1280
1921 1895
1922 1290
1924 1964
1925 2300
1927 1299
1930 1309
1931 1895
1934 1964
1935 2300
1938 1315
1941 1895
1942 1325
1944 1964
1945 2300
1947 1334
1950 1344
1951 1895
1954 1964
1955 2300
1958 1350
1961 1895
1962 1360
1964 1964
1965 2300
1967 1369
1970 1379
1971 1895
1974 1964
1975 2300
1978 1385
1981 1895
1982 1395
1984 1964
1985 2300
1987 1404
1990 1414
1991 1895
1994 1964
1995 1423
1995 2300
2001 1895
2003 1430
2004 1964
2005 2300
2007 1440
2011 1895
2012 1449
2014 1964
2015 1459
2015 2300
2021 1895
2023 1465
2024 1964
2025 2300
2027 1475
2031 1895
2032 1484
2034 1964
2035 1494
2035 2300
2041 1895
2043 1500
2044 1964
2045 2300
2047 1510
2051 1895
2052 1519
2054 1964
2055 1529
2055 2300
2061 1895
2063 1535
2064 1964
2065 2300
2067 1545
2071 1895
2072 1554
2074 1964
2075 1564
2075 2300
2081 1895
2083 1570
2084 1964
2085 2300
2087 1580
2091 1895
2092 1589
2094 1964
2095 1599
2095 2300
2100 1608
2101 1895
2104 1964
2105 2300
2108 1615
2111 1895
2112 1625
2114 1964
2115 2300
2117 1634
2120 1644
2121 1895
2124 1964
2125 2300
2128 1650
2131 1895
2132 1660
2134 1964
2135 2300
2137 1669
2140 1679
2141 1895
2144 1964
2145 2300
2148 1685
2151 1895
2152 1695
2154 1964
2155 2300
2157 1704
2160 1714
2161 1895
2164 1964
2165 2300
2168 1720
2171 1895
2172 1730
2174 1964
2175 2300
2177 1739
2180 1749
2181 1895
2184 1964
2185 2300
2188 1755
2191 1895
2192 1765
2194 1964
2195 2300
2197 1774
2200 1784
2201 1895
2204 1964
2205 1793
2205 2300
2211 1895
2213 1800
2214 1964
2215 2300
2217 1810
2221 1895
2222 1819
2224 1964
2225 1829
2225 2300
2231 1895
2233 1835
2234 1964
2235 2300
2237 1845
2241 1895
2242 1854
2244 1964
2245 1864
2245 2300
2251 1895
2253 1870
2254 1964
2255 2300
2257 1880
2261 1895
2264 1964
2265 2300
2274 1964
2275 2300
2284 1964
2285 2300
2294 1964
2295 2300
2304 1966
2305 2300
2310 1974
2315 1983
2315 2300
2320 1992
2325 2001
2325 2300
2330 2010
2335 2019
2335 2300
2340 2028
2345 2037
2345 2300
2350 2046
2355 2300
2356 2054
2360 2064
2365 2073
2365 2300
2370 2082
2375 2300
2377 2090
2382 2099
2385 2109
2385 2300
2390 2118
2395 2127
2395 2300
2402 2135
2405 2300
2407 2144
2410 2154
2415 2163
2415 2300
2423 2170
2425 2300
2427 2180
2432 2189
2435 2199
2435 2300
2443 2205
2445 2300
2447 2215
2452 2224
2455 2234
2455 2300
2463 2240
2465 2300
2467 2250
2472 2259
2475 2269
2475 2300
2480 2278
2485 2300
2488 2285
