24 247
24 257
29 307
29 317
29 327
30 265
32 239
36 273
37 334
39 302
40 231
46 275
46 339
48 224
49 299
54 345
55 280
57 219
59 299
64 275
64 345
67 219
68 294
73 280
74 345
77 219
78 295
83 280
84 345
87 219
88 299
92 285
93 350
96 224
98 300
102 289
102 355
105 229
108 304
111 294
112 359
114 234
119 367
124 234
127 374
133 229
135 380
141 388
143 229
150 393
152 224
158 400
162 224
167 405
172 219
176 410
182 219
186 413
191 224
195 418
200 229
205 422
208 235
215 243
215 425
223 250
224 430
230 258
234 430
235 267
239 492
239 502
240 276
240 286
240 296
244 430
244 482
245 305
245 315
249 500
250 324
252 474
253 435
255 490
260 324
260 466
262 440
263 483
269 319
269 448
269 458
273 480
274 490
277 500
278 314
286 495
288 314
295 306
296 498
300 485
305 301
309 480
315 299
318 485
324 294
327 490
334 292
337 494
344 289
346 499
349 707
353 284
355 715
356 503
357 699
363 284
365 715
366 505
367 699
371 723
372 279
375 510
377 694
379 730
382 279
384 515
387 694
389 727
392 274
393 520
396 689
399 725
400 528
402 274
404 682
408 535
408 720
409 545
409 667
411 269
414 554
414 647
414 657
418 720
419 563
419 627
419 637
420 573
421 269
424 583
424 602
424 612
427 715
429 592
430 264
436 710
440 261
440 675
440 685
440 695
445 660
450 259
450 650
455 640
459 254
463 633
468 623
469 252
470 605
475 570
475 580
475 590
479 249
484 565
488 244
490 573
498 244
500 577
504 587
508 245
514 590
514 717
514 727
517 250
519 599
524 712
524 730
527 254
527 605
529 615
532 704
534 624
534 730
535 505
535 515
537 254
539 633
540 495
540 524
540 643
540 696
543 735
544 653
545 533
545 543
547 254
548 488
549 662
549 672
549 682
550 552
552 740
554 562
555 475
555 572
556 259
560 465
561 735
562 580
566 259
567 589
568 458
570 730
575 264
575 595
578 453
580 604
580 614
580 730
584 269
585 623
585 633
585 643
585 653
585 663
588 448
590 672
590 725
594 269
594 682
595 692
595 715
598 445
600 701
604 271
608 445
613 276
618 445
620 284
628 445
629 289
638 294
638 445
647 299
648 445
656 304
657 450
665 309
667 450
673 315
677 450
682 320
687 450
690 327
696 445
700 329
706 445
710 332
716 445
720 334
726 445
730 334
735 440
739 339
744 435
747 345
754 432
757 349
764 427
766 344
774 422
775 339
784 334
784 417
793 329
794 415
802 409
803 329
812 324
812 404
822 324
822 399
824 202
824 212
830 390
832 219
832 319
834 199
840 390
842 220
842 314
844 201
848 383
850 227
850 306
854 204
858 378
859 232
859 297
863 209
865 370
867 239
867 289
873 210
873 363
874 247
874 277
879 256
879 266
880 218
880 355
888 225
888 348
895 233
895 340
900 242
903 333
905 251
908 323
911 259
915 269
915 310
920 278
920 288
920 298
