24 247
24 257
29 237
29 266
29 307
29 317
34 275
34 326
39 232
39 304
39 335
44 277
47 224
48 299
48 340
54 280
57 219
57 345
58 299
63 275
67 219
67 345
68 299
72 280
77 219
77 345
78 299
81 285
87 219
87 349
88 299
91 285
96 224
97 350
98 299
103 290
105 229
105 357
108 299
112 365
114 234
122 369
124 234
129 377
133 229
137 384
143 229
146 389
152 224
154 395
162 224
163 400
170 408
172 219
178 415
182 219
187 420
191 224
195 427
200 229
205 430
208 235
215 243
215 430
223 250
225 430
230 258
235 267
235 430
239 492
239 502
240 276
240 286
244 482
245 295
245 305
245 315
245 432
249 500
252 474
253 321
255 435
259 497
260 485
261 469
263 324
264 440
269 449
269 459
269 480
272 319
274 489
276 499
281 314
285 490
290 309
294 495
299 302
300 485
304 497
309 299
309 480
318 294
318 485
327 490
328 294
337 494
338 294
346 499
347 289
349 707
355 715
356 284
356 500
357 699
365 715
366 284
366 500
367 699
374 720
375 279
376 503
377 694
377 730
385 279
386 505
387 694
387 729
394 274
396 505
396 689
397 725
404 272
404 682
406 508
406 720
409 667
410 518
414 269
414 528
414 538
414 652
415 548
416 720
419 558
419 568
419 632
419 642
423 264
424 577
424 587
424 612
424 622
425 715
429 596
433 264
433 708
440 675
440 685
440 695
442 259
445 660
450 650
452 254
458 643
462 254
463 633
468 623
470 605
471 249
475 565
475 575
475 585
475 595
481 249
485 567
490 244
492 575
500 244
500 582
507 590
509 722
510 247
510 490
510 500
515 509
515 730
517 594
519 252
519 717
520 485
523 515
524 602
525 730
527 709
529 254
529 611
530 485
532 520
534 620
535 730
536 704
537 630
539 254
539 480
540 527
542 639
544 649
544 659
544 669
544 679
544 689
544 735
545 536
548 546
549 256
549 477
550 556
553 740
555 565
557 469
557 575
559 259
562 735
565 582
567 464
569 261
571 730
572 590
575 455
579 264
580 597
580 607
580 617
581 730
584 450
585 626
585 636
585 646
585 656
588 269
588 666
590 676
590 725
594 447
595 685
595 715
597 695
598 269
600 705
604 445
607 274
614 445
616 279
624 286
624 445
633 291
634 445
643 295
644 445
650 303
654 445
660 307
663 450
669 312
673 450
679 316
683 450
685 324
692 445
694 329
702 445
704 329
712 445
713 334
722 445
723 334
731 440
733 335
741 440
743 339
750 435
753 339
759 430
763 339
769 427
773 339
779 422
782 334
789 417
792 334
799 412
801 329
809 407
811 325
817 400
821 324
824 207
826 395
829 216
831 324
832 199
835 390
839 220
839 317
842 199
844 385
847 309
848 225
851 204
853 380
855 301
857 230
861 204
862 374
863 294
865 237
870 209
870 286
870 365
872 245
875 276
878 358
879 214
879 253
879 263
885 222
885 350
892 230
895 340
900 237
900 330
904 247
908 323
910 255
915 264
915 274
915 290
915 300
915 310
