94 247
94 257
99 237
104 227
104 260
112 219
114 262
117 209
122 254
124 197
130 245
132 189
137 179
138 238
144 162
145 230
149 152
153 223
154 522
154 532
154 542
157 144
159 507
159 551
160 215
164 497
165 136
165 205
169 487
169 552
173 198
174 477
175 131
179 462
179 547
180 190
183 124
184 452
187 539
189 437
190 185
192 119
194 427
195 530
199 417
200 185
200 520
202 114
204 407
208 513
209 190
209 392
212 114
212 200
213 503
214 210
214 382
218 493
219 219
219 372
222 114
223 483
224 228
224 362
225 238
228 473
229 57
229 67
229 77
229 248
229 347
232 109
233 463
234 86
234 96
234 257
234 327
234 337
237 49
239 266
239 276
239 317
240 450
242 39
244 285
244 295
244 305
245 440
250 31
250 430
258 423
260 26
263 413
268 403
270 24
273 393
278 383
280 24
285 375
290 27
294 370
297 35
304 370
305 42
309 52
310 85
310 378
314 61
315 71
315 94
318 385
320 103
325 393
330 107
335 260
335 270
335 280
335 290
335 300
335 397
340 106
340 225
340 235
340 245
340 309
342 405
345 195
345 205
345 215
345 318
349 413
350 104
350 180
350 327
354 337
354 422
359 99
359 175
360 345
362 429
365 354
367 169
369 99
369 437
373 360
377 164
377 370
377 444
379 99
384 452
385 155
385 377
388 94
389 461
390 386
393 148
396 394
396 469
398 94
403 143
405 399
406 473
408 94
410 135
410 408
414 480
418 94
418 415
419 130
420 488
425 423
425 497
427 124
428 94
430 432
432 505
435 102
435 112
435 441
440 512
441 449
445 459
449 517
453 465
457 524
460 473
465 482
466 529
470 491
475 500
476 530
480 509
480 519
