14 362
19 352
20 370
27 344
29 365
34 332
37 359
39 432
44 322
44 441
45 350
49 312
49 427
51 449
53 343
57 304
59 422
60 335
61 445
64 292
64 412
68 328
69 282
69 347
69 437
72 404
74 267
74 320
75 355
77 394
77 430
79 247
79 257
79 329
79 342
81 363
82 384
84 162
84 172
84 182
84 212
84 222
84 232
86 425
89 152
89 191
89 201
89 369
90 415
97 144
98 408
102 134
103 398
105 385
112 129
115 370
115 380
120 355
121 124
128 348
129 117
138 345
139 112
147 104
147 339
155 325
156 99
163 318
166 95
168 308
174 316
174 326
174 336
174 346
174 356
176 94
179 365
179 375
184 384
186 94
190 392
194 402
194 462
196 94
199 411
199 471
202 454
204 420
206 90
207 430
209 440
209 475
216 89
219 475
226 89
229 475
236 85
239 475
246 84
249 475
255 89
255 375
255 385
255 395
255 405
257 415
259 472
260 425
260 435
260 445
262 455
263 95
265 377
267 105
269 387
269 467
272 114
274 396
274 437
274 447
279 122
279 405
279 415
279 425
279 456
284 465
287 129
287 475
297 129
297 475
307 129
307 475
317 129
317 475
325 380
325 390
325 400
325 410
325 420
327 129
327 475
330 429
334 375
335 438
335 448
336 470
337 129
340 457
343 370
347 129
353 370
356 124
363 370
366 124
373 370
376 124
383 370
386 124
392 375
396 124
399 383
399 457
399 467
404 392
404 402
404 476
406 124
409 411
409 452
414 420
414 430
414 440
414 480
415 129
424 480
425 129
434 134
434 480
442 140
443 485
452 144
452 490
459 152
462 490
467 159
472 490
474 167
482 174
482 490
491 179
492 490
495 189
500 320
500 330
500 340
500 350
500 360
500 370
502 380
502 490
503 195
505 310
507 389
510 203
510 290
510 300
510 399
510 409
510 419
511 485
515 212
515 275
518 425
519 332
519 342
519 352
519 362
520 221
520 435
520 445
521 485
523 231
524 270
524 322
524 371
525 241
525 454
525 464
525 474
529 279
529 289
529 299
529 309
530 345
530 355
531 249
534 375
535 259
535 335
535 364
543 265
543 328
543 370
545 275
547 285
548 318
550 295
550 305
