89 307
89 317
89 327
94 336
99 302
99 345
102 355
104 192
104 202
104 212
104 222
104 232
104 242
104 252
104 262
104 272
104 365
107 294
107 375
109 167
109 177
109 281
112 384
114 147
114 157
116 394
119 132
124 122
124 400
127 410
129 112
134 102
135 417
139 427
139 437
139 447
142 94
144 456
149 82
149 465
152 475
157 74
160 482
165 66
167 490
169 500
169 510
169 520
169 530
172 540
173 59
177 549
180 51
181 559
188 44
189 565
195 573
197 39
203 580
206 34
207 590
215 29
217 594
224 24
226 599
234 24
234 605
243 610
244 24
250 618
254 24
258 625
264 24
267 630
274 26
277 630
284 29
287 630
293 34
296 625
302 39
305 620
311 44
315 615
320 49
324 610
329 54
332 604
338 49
340 595
347 44
348 588
355 580
357 44
363 573
367 44
368 563
375 555
377 44
380 545
385 530
386 49
390 480
390 490
390 500
390 510
390 520
395 54
395 465
400 455
403 60
405 440
410 68
410 430
415 77
415 395
415 405
415 415
420 86
425 95
425 390
430 104
430 114
430 124
430 134
430 144
430 154
430 164
430 174
430 184
430 194
430 204
430 214
430 224
430 234
430 244
435 253
435 380
440 262
440 365
445 300
445 310
445 320
445 330
445 340
445 350
447 270
450 280
450 290
