244 767
244 777
244 787
244 797
244 807
244 817
244 827
249 836
252 759
254 845
254 855
260 751
260 863
264 882
264 892
264 902
265 872
268 744
269 911
269 921
269 931
274 940
274 950
277 960
278 744
279 970
284 979
288 744
290 987
294 522
294 532
294 542
294 552
294 562
294 572
294 582
294 592
294 602
294 612
294 622
294 632
294 642
294 652
294 662
294 672
294 682
294 692
294 997
298 744
299 507
299 701
299 711
299 721
302 1004
304 487
304 497
304 730
306 1014
309 477
311 1023
314 462
315 1033
319 442
319 452
323 1040
324 427
329 417
330 1048
334 397
334 407
335 1057
339 1067
342 389
347 379
347 1074
352 369
354 1082
359 357
362 1089
367 349
369 1097
375 341
379 1100
380 331
384 1109
384 1119
384 1129
384 1139
384 1149
386 1159
388 324
389 1169
394 312
395 1177
399 1187
402 304
404 1196
410 296
411 1204
416 1213
418 289
420 1223
425 281
428 1230
433 274
437 1235
440 266
442 1244
448 259
450 1250
454 1307
454 1317
454 1327
454 1337
454 1347
454 1357
454 1367
454 1377
455 251
459 1255
459 1282
459 1292
459 1386
463 244
464 1264
464 1395
467 234
467 1405
472 1414
475 226
479 1422
483 219
487 1429
490 211
494 1437
495 201
502 1444
503 194
509 1452
510 186
517 1459
518 179
524 1467
525 171
532 1474
533 164
539 152
539 1482
547 144
547 1489
555 1495
557 144
564 1500
567 144
570 1508
577 144
578 1515
585 1523
586 139
593 1530
594 132
602 1535
604 132
612 1539
614 127
619 1547
624 122
627 1554
634 119
636 1559
643 114
644 1565
653 114
653 1570
660 1578
662 109
670 1580
672 109
679 1585
682 109
685 1593
692 109
695 1597
702 109
705 1600
711 114
715 1600
721 114
725 1600
731 114
734 1595
740 119
744 1592
750 119
754 1590
760 122
764 1587
770 124
772 1580
780 127
782 1579
789 132
792 1574
797 139
802 1570
806 144
811 1565
815 149
820 1560
823 155
828 1553
830 163
835 172
835 1545
843 179
845 1540
853 179
855 1535
862 174
865 1530
871 169
873 1523
879 1515
881 169
888 1510
891 169
895 1500
901 169
903 1493
910 1485
911 169
918 1478
920 174
923 1468
930 174
930 1460
935 1450
939 179
943 1443
947 185
950 1430
955 192
958 1423
963 199
963 1413
970 1400
973 200
975 1390
982 205
983 1383
988 1373
990 212
990 1355
997 220
998 1348
1000 1335
1005 227
1005 1315
1005 1325
1010 1200
1010 1210
1010 1220
1010 1230
1010 1240
1010 1250
1010 1260
1010 1270
1010 1280
1010 1290
1010 1300
1014 232
1015 1185
1020 240
1020 1175
1025 249
1028 1168
1030 258
1033 1158
1035 267
1035 1145
1042 275
1043 1138
1047 284
1048 1128
1050 1115
1054 292
1055 302
1055 1090
1055 1100
1060 311
1060 1065
1060 1075
1063 321
1065 1055
1068 330
1074 1060
1075 338
1080 347
1084 357
1084 1057
1085 367
1089 1047
1090 376
1096 384
1097 1039
1100 394
1100 404
1100 414
1100 424
1100 434
1100 444
1100 454
1100 464
1100 474
1100 484
1100 494
1100 504
1100 514
1100 524
1100 534
1100 544
1100 554
1100 564
1100 574
1105 583
1105 593
1105 603
1105 613
1105 623
1105 633
1105 643
1105 653
1105 663
1105 673
1105 1030
1110 682
1110 692
1110 1020
1115 701
1118 1013
1123 1003
1125 704
1128 993
1130 980
1135 704
1135 960
1135 970
1140 925
1140 935
1140 945
1145 707
1145 915
1153 908
1154 712
1155 895
1163 888
1164 714
1165 875
1172 720
1173 868
1175 855
1180 727
1180 737
1180 747
1180 757
1180 767
1180 777
1180 787
1180 797
1180 807
1180 817
1180 827
1180 837
