249 772
249 782
249 792
249 807
249 817
249 827
254 836
254 846
257 764
261 854
264 864
265 756
269 873
270 883
274 893
275 751
279 902
284 911
284 921
285 749
289 930
294 522
294 532
294 542
294 552
294 562
294 572
294 582
294 592
294 602
294 612
294 622
294 632
294 642
294 652
294 662
294 672
294 682
294 692
294 744
294 939
296 949
299 507
299 701
299 711
299 721
299 959
301 969
304 477
304 487
304 497
304 730
304 740
304 979
309 452
309 462
309 988
314 422
314 432
314 442
314 997
319 402
319 412
320 1005
324 372
324 382
324 392
324 1015
329 362
330 1023
334 347
338 1030
339 332
342 1040
347 324
349 312
350 1047
357 304
357 1055
362 294
367 284
367 1059
375 276
375 1065
383 269
384 1070
384 1080
384 1090
384 1100
384 1110
384 1120
384 1130
384 1140
384 1150
387 259
387 1160
389 1170
395 251
395 1178
400 241
400 1187
404 1197
405 231
412 1204
413 224
416 1214
419 212
421 1223
427 204
429 1230
437 199
438 1235
442 1245
445 191
451 1250
453 184
454 1307
454 1317
454 1327
454 1337
454 1347
454 1357
454 1367
454 1377
459 1256
459 1282
459 1292
459 1386
462 179
464 1265
464 1395
467 1405
470 171
472 1414
478 164
479 1422
487 159
487 1429
494 1437
496 154
502 1444
504 147
509 1452
514 144
517 1459
523 139
524 1467
532 134
532 1474
539 1482
542 129
547 1489
551 124
555 1495
560 119
564 1500
570 119
570 1508
578 1515
579 114
585 1523
589 114
593 1530
599 114
602 1535
609 114
612 1539
619 114
619 1547
627 1554
629 114
636 1559
639 114
644 1565
649 114
653 1570
659 112
660 1578
669 109
670 1580
679 109
679 1585
685 1593
689 109
695 1597
699 109
705 1600
709 111
715 1600
719 114
725 1600
729 114
734 1595
739 116
744 1592
749 119
754 1590
759 121
764 1587
769 124
772 1580
779 126
782 1579
788 131
792 1574
795 139
802 1570
805 142
811 1565
813 149
820 1560
822 154
828 1553
829 162
835 170
835 1545
840 179
845 1540
850 176
855 1535
858 169
865 1530
867 164
873 1523
877 164
879 1515
886 159
888 1510
895 154
895 1500
903 1493
905 154
910 1485
915 154
918 1478
923 1468
925 154
930 1460
935 154
935 1450
943 1443
944 159
950 1430
954 161
958 1423
963 166
963 1413
970 1400
973 169
975 1390
982 174
983 1383
988 1373
990 1355
991 179
998 1348
999 186
1000 1335
1005 194
1005 1315
1005 1325
1010 1200
1010 1210
1010 1220
1010 1230
1010 1240
1010 1250
1010 1260
1010 1270
1010 1280
1010 1290
1010 1300
1015 197
1015 1185
1020 1175
1024 202
1028 1168
1033 1158
1034 206
1035 1145
1040 214
1043 1138
1045 223
1048 1128
1050 1115
1053 229
1055 1090
1055 1100
1060 1065
1060 1075
1062 234
1065 1020
1065 1030
1065 1040
1065 1050
1069 242
1074 251
1075 1020
1080 259
1085 268
1085 278
1085 1015
1090 287
1094 297
1095 1015
1100 305
1103 1008
1105 314
1105 324
1110 333
1110 675
1110 685
1110 1000
1115 342
1115 640
1115 650
1115 660
1115 694
1118 993
1119 352
1120 610
1120 620
1120 630
1120 980
1124 361
1125 371
1125 381
1125 391
1125 401
1125 411
1125 530
1125 540
1125 550
1125 560
1125 570
1125 580
1125 590
1125 600
1125 694
1125 970
1130 420
1130 430
1130 440
1130 450
1130 460
1130 470
1130 480
1130 490
1130 500
1130 510
1130 520
1130 960
1135 694
1135 950
1140 940
1145 694
1145 925
1150 845
1150 855
1150 865
1150 875
1150 885
1150 895
1150 905
1150 915
1155 697
1155 815
1155 825
1155 835
1160 800
1162 705
1165 715
1165 725
1165 780
1165 790
1170 734
1170 744
1170 754
1170 764
