224 797
224 807
224 817
224 827
224 837
229 846
229 856
232 789
234 865
237 779
240 873
245 771
248 880
252 890
253 764
260 897
262 759
264 907
272 759
272 914
279 922
282 759
284 931
289 940
292 759
294 522
294 532
294 542
294 552
294 562
294 572
294 582
294 592
294 602
294 612
294 622
294 632
294 642
294 652
294 662
294 672
294 682
294 692
294 949
296 959
299 507
299 701
299 711
299 721
299 969
302 759
304 487
304 497
304 730
304 740
304 978
305 988
307 750
309 477
310 997
314 462
317 1005
319 442
319 452
324 417
324 427
324 1013
329 387
329 397
329 407
329 1022
334 357
334 367
334 377
337 1029
339 342
341 1039
344 332
349 322
349 1045
354 312
355 1053
359 302
365 1057
367 294
372 1065
374 282
382 274
382 1069
384 1079
384 1089
384 1099
384 1109
384 1119
384 1129
384 1139
384 1149
386 1159
389 1169
390 266
395 256
395 1177
399 1187
400 246
404 1196
408 239
411 1204
415 231
416 1213
420 1223
423 224
428 1230
430 216
437 1235
438 209
442 1244
445 201
450 1250
453 194
454 1307
454 1317
459 1255
459 1282
459 1292
460 186
462 1324
464 1264
464 1334
468 179
470 1342
474 1352
475 171
482 1359
483 164
490 156
490 1365
498 149
499 1370
505 141
505 1378
513 134
513 1385
522 129
522 1390
530 121
530 1397
539 1402
540 116
544 1411
550 111
551 1419
560 106
561 1423
569 1430
570 104
578 1435
579 99
585 1443
589 99
593 1450
599 97
600 1458
608 1465
609 94
614 1473
619 94
619 1482
627 1489
629 94
631 1499
639 94
639 1505
644 1514
649 94
650 1522
657 1530
659 94
662 1539
669 94
671 1544
674 1554
679 94
682 1560
687 1569
689 96
697 1570
699 99
707 1570
709 101
717 1570
718 106
727 1569
728 109
735 1560
737 114
745 1555
746 119
755 1555
756 119
764 1550
765 124
773 1545
775 124
782 1540
784 129
791 1535
793 134
800 1530
802 139
808 1523
809 147
815 1510
819 151
825 159
825 1505
833 165
833 1498
837 175
840 1490
847 179
850 1485
855 171
860 1480
863 164
869 1475
872 159
877 1469
882 154
885 1460
892 154
893 1453
900 1445
901 149
909 1440
910 144
917 1434
920 144
925 1425
930 144
935 1415
940 144
943 1408
950 144
950 1400
958 1393
960 147
968 1388
970 149
973 1378
980 152
980 1370
988 1363
989 157
990 1350
995 1340
999 161
1003 1333
1005 169
1005 1315
1010 1200
1010 1210
1010 1220
1010 1230
1010 1240
1010 1250
1010 1260
1010 1270
1010 1280
1010 1290
1010 1300
1014 174
1015 1185
1020 1175
1022 180
1028 1168
1030 187
1033 1158
1035 196
1035 1145
1041 204
1043 1138
1048 1128
1049 211
1050 1115
1053 221
1055 1090
1055 1100
1060 229
1060 1065
1060 1075
1065 238
1065 1010
1065 1020
1065 1030
1065 1040
1065 1050
1070 247
1075 256
1075 1010
1081 264
1085 274
1085 1010
1090 283
1095 292
1095 1010
1099 302
1100 1000
1104 311
1105 321
1110 330
1110 990
1115 339
1115 980
1120 348
1120 358
1120 970
1125 367
1125 377
1128 963
1129 387
1130 397
1130 407
1130 940
1130 950
1135 416
1135 426
1135 685
1135 695
1135 905
1135 915
1135 925
1140 435
1140 445
1140 455
1140 465
1140 475
1140 485
1140 495
1140 505
1140 515
1140 525
1140 535
1140 545
1140 555
1140 565
1140 575
1140 585
1140 595
1140 605
1140 615
1140 625
1140 635
1140 645
1140 655
1140 665
1140 675
1140 704
1140 880
1140 890
1145 870
1149 709
1150 860
1155 850
1157 715
1160 840
1162 724
1165 734
1165 830
1170 743
1170 820
1175 752
1175 805
1179 762
1180 772
1180 782
1180 792
