24 307
24 317
24 327
29 292
29 336
34 282
34 345
37 355
39 152
39 162
39 172
39 182
39 192
39 202
39 212
39 222
44 137
44 231
44 241
44 272
44 363
49 127
49 250
49 260
49 372
54 117
54 381
59 107
59 390
65 398
67 99
73 405
74 87
82 79
82 410
89 418
90 71
94 427
98 64
99 436
99 446
99 456
99 466
99 476
99 486
99 496
99 506
99 516
99 526
104 535
104 545
105 56
109 554
114 563
115 51
119 572
125 46
127 579
133 39
134 587
142 34
142 594
149 602
152 34
157 609
162 29
165 615
172 29
174 620
181 24
184 620
191 24
193 625
201 24
202 630
211 24
212 630
221 24
221 625
231 24
231 625
239 617
241 24
247 610
249 31
255 39
256 605
264 597
265 42
272 50
274 592
280 57
282 585
290 56
291 580
299 572
300 54
305 560
310 54
310 545
315 535
319 59
320 510
320 520
325 480
325 490
325 500
329 59
330 470
335 460
339 61
343 453
345 435
348 66
350 410
350 420
353 75
355 400
360 83
360 390
368 90
369 385
375 98
375 225
375 235
375 245
375 255
375 265
377 379
380 107
380 117
380 195
380 205
380 215
380 274
380 365
385 126
385 136
385 146
385 156
385 166
385 176
385 186
385 355
388 280
390 290
390 300
390 310
390 320
390 330
390 340
