69 772
69 782
69 792
69 802
69 812
69 822
74 747
74 757
74 831
74 841
74 851
79 737
79 860
82 870
84 727
87 879
92 719
94 887
97 709
99 896
104 382
104 392
104 402
104 412
104 422
104 432
104 442
104 452
104 462
104 472
104 482
104 905
105 701
109 372
109 491
109 501
109 511
109 521
109 531
109 541
110 913
113 694
114 352
114 362
114 550
114 560
114 570
114 580
114 590
115 922
117 600
119 610
122 344
122 620
122 930
123 694
124 630
124 640
124 940
127 334
127 650
129 660
129 670
129 949
132 324
133 694
134 679
134 958
135 968
137 314
139 302
143 975
147 294
149 983
154 282
154 992
159 272
160 1000
167 264
169 1005
172 254
175 1013
180 246
185 1015
188 239
194 1020
195 231
200 221
203 1025
208 214
212 1030
215 206
219 1038
220 1048
223 199
228 1055
229 187
234 1063
235 1073
237 179
243 1080
244 1090
245 171
250 1098
253 164
254 1317
254 1327
254 1337
254 1347
258 1105
259 1115
259 1292
259 1302
260 156
262 1125
262 1354
264 1135
264 1145
264 1155
264 1165
264 1175
264 1185
264 1195
264 1205
264 1215
264 1225
264 1235
264 1245
264 1255
264 1265
264 1275
269 1362
270 151
274 1371
278 144
279 1380
279 1390
285 1398
287 139
289 1408
294 1417
297 134
299 1426
299 1436
304 1445
305 126
310 1453
315 124
318 1460
324 117
325 1468
333 1475
334 114
340 1483
343 109
348 1490
352 104
355 1498
361 99
363 1505
371 99
372 1510
379 1518
380 94
384 1527
389 89
392 1534
398 84
399 1542
407 79
409 1545
415 1553
417 79
425 1557
426 74
435 69
435 1560
444 1565
445 69
453 1570
455 69
462 1575
465 66
472 1575
475 64
482 1579
485 64
491 1584
495 64
501 1588
505 64
511 1590
515 64
521 1593
525 64
531 1590
535 64
540 1585
544 69
549 1580
554 69
559 1577
564 69
569 1572
574 69
579 1567
584 69
587 1560
594 69
596 1555
604 71
605 1550
613 76
615 1545
620 84
623 1538
629 89
630 1530
637 95
640 1525
645 102
649 1520
654 107
657 1514
664 111
665 1505
670 119
675 1500
680 122
685 1495
687 130
693 1488
695 137
699 147
703 1483
704 156
710 1475
714 159
720 1470
724 159
730 1465
734 159
740 1460
744 159
748 1453
754 159
755 1445
763 1438
764 159
768 1428
773 1418
774 161
778 1408
780 1395
783 166
785 1385
790 174
790 1370
798 1363
800 177
800 1340
800 1350
805 1320
805 1330
810 179
810 1280
810 1290
810 1300
810 1310
815 1260
815 1270
818 185
820 1205
820 1215
820 1225
820 1235
820 1245
825 193
828 1198
833 200
835 1190
840 208
843 1183
848 1173
850 212
853 1163
858 219
858 1153
865 1145
868 220
870 1130
875 228
875 1115
880 1090
880 1100
883 235
885 1025
885 1035
885 1045
885 1055
885 1065
885 1075
890 243
890 1010
898 250
898 1003
902 260
903 993
905 270
910 279
910 985
915 288
919 980
923 295
925 305
927 315
927 974
930 325
930 335
935 344
935 354
935 965
940 363
940 373
940 383
940 393
940 403
940 413
940 423
940 433
940 443
940 453
940 463
940 473
940 483
940 493
940 503
940 513
940 523
940 533
940 543
943 958
945 552
945 562
945 572
945 582
945 592
945 602
945 612
945 622
945 632
945 642
945 652
945 662
945 672
950 950
952 680
958 943
960 687
963 933
965 696
965 920
968 706
970 900
970 910
975 714
975 880
975 890
980 723
980 870
985 732
985 742
985 752
985 855
990 761
990 771
990 781
990 791
990 801
990 811
990 821
990 831
990 841
