249 807
249 817
249 827
254 797
254 836
254 846
261 854
262 789
264 864
267 779
269 873
270 883
272 769
274 893
279 902
281 774
284 911
284 921
289 930
290 779
294 522
294 532
294 542
294 552
294 562
294 572
294 582
294 592
294 602
294 612
294 622
294 632
294 642
294 652
294 662
294 672
294 682
294 692
294 939
296 949
299 507
299 701
299 711
299 721
299 959
300 782
301 969
304 487
304 497
304 730
304 740
304 979
307 750
309 442
309 452
309 462
309 472
309 787
309 988
312 759
314 417
314 427
314 997
316 769
319 402
319 789
320 1005
321 778
324 387
324 1015
329 372
330 1023
334 362
338 1030
339 347
342 1040
344 332
350 1047
352 324
357 314
357 1055
362 304
367 294
367 1059
374 282
375 1065
379 272
384 1070
384 1080
384 1090
384 1100
384 1110
384 1120
384 1130
384 1140
384 1150
387 264
387 1160
389 1170
392 254
395 1178
400 246
400 1187
404 1197
408 239
412 1204
414 227
416 1214
421 1223
422 219
429 1230
430 211
438 204
438 1235
442 1245
445 196
451 1250
453 189
454 1307
454 1317
454 1327
454 1337
454 1347
454 1357
454 1367
454 1377
459 1256
459 1282
459 1292
459 1386
460 181
464 1265
464 1395
467 1405
468 174
472 1414
475 166
479 1422
483 159
487 1429
492 154
494 1437
500 146
502 1444
508 139
509 1452
515 131
517 1459
524 1467
525 126
532 1474
533 119
539 1482
540 111
547 1489
550 106
555 1495
558 99
564 1500
567 94
570 1508
576 89
578 1515
585 84
585 1523
593 1530
594 77
602 1535
604 74
612 1539
614 74
619 1547
624 74
627 1554
634 74
636 1559
644 74
644 1565
653 1570
654 74
660 1578
664 74
670 1580
674 74
679 1585
684 74
685 1593
693 79
695 1597
702 84
705 1600
712 84
715 1600
721 89
725 1600
730 94
734 1595
740 94
744 1592
750 97
754 1590
760 99
764 1587
769 104
772 1580
778 109
782 1579
787 114
792 1574
795 120
800 129
802 1570
808 135
811 1565
815 143
820 1560
823 150
827 160
828 1553
835 167
835 1545
839 177
845 1540
849 179
855 1535
858 174
865 1530
867 169
873 1523
877 169
879 1515
887 169
888 1510
895 1500
897 169
903 1493
907 169
910 1485
916 174
918 1478
923 1468
926 174
930 1460
935 179
935 1450
943 1443
945 182
950 1430
952 190
958 1423
960 197
963 1413
970 199
970 1400
975 1390
979 204
983 1383
987 210
988 1373
990 1355
995 217
998 1348
1000 1335
1002 225
1005 1315
1005 1325
1010 1200
1010 1210
1010 1220
1010 1230
1010 1240
1010 1250
1010 1260
1010 1270
1010 1280
1010 1290
1010 1300
1012 229
1015 1185
1019 237
1020 1175
1024 246
1028 1168
1030 254
1033 1158
1035 263
1035 1145
1040 272
1043 1138
1045 281
1048 1128
1050 1115
1051 289
1055 299
1055 1090
1055 1100
1060 308
1060 318
1060 1065
1060 1075
1065 327
1065 1010
1065 1020
1065 1030
1065 1040
1065 1050
1072 335
1075 1010
1077 344
1080 354
1085 363
1085 1010
1090 372
1094 382
1095 1010
1100 390
1100 400
1100 410
1100 420
1100 430
1100 440
1100 450
1100 460
1100 470
1100 480
1100 490
1100 500
1100 510
1100 520
1100 530
1100 540
1100 550
1100 560
1100 570
1100 1000
1102 580
1105 590
1105 600
1105 610
1105 620
1105 630
1105 640
1105 650
1105 660
1105 670
1110 679
1110 689
1110 990
1115 698
1115 980
1120 970
1123 704
1128 963
1130 940
1130 950
1133 704
1135 905
1135 915
1135 925
1140 805
1140 815
1140 825
1140 835
1140 845
1140 855
1140 865
1140 875
1140 885
1140 895
1143 705
1145 770
1145 780
1145 790
1147 715
1150 740
1150 750
1150 760
1155 722
