79 297
79 307
79 317
84 326
87 289
89 335
92 345
96 284
97 354
99 182
99 192
99 202
99 212
99 222
99 232
99 242
99 252
99 262
99 272
99 364
104 157
104 167
104 373
109 132
109 142
109 382
114 117
114 391
119 107
119 400
125 408
127 99
133 415
134 87
134 425
134 435
137 445
139 455
142 79
144 464
149 67
149 473
154 482
157 59
164 485
164 495
164 505
164 515
164 525
164 535
166 54
169 544
174 47
174 553
179 562
182 39
187 569
192 34
194 577
202 34
202 584
209 592
211 29
219 595
220 24
225 603
230 24
233 610
240 24
240 618
250 24
250 622
257 630
260 24
267 630
270 24
277 630
280 24
287 629
290 24
297 625
299 29
306 620
307 35
314 612
315 42
323 49
324 607
333 49
334 602
342 44
342 595
351 49
351 590
355 580
360 570
361 49
368 563
370 54
373 553
379 59
380 545
385 530
387 65
390 470
390 480
390 490
390 500
390 510
390 520
395 72
395 455
400 445
402 80
407 89
408 438
410 99
410 420
415 108
415 395
415 405
420 117
420 127
425 136
425 146
425 156
425 166
425 176
425 186
425 196
425 390
430 205
430 215
430 225
430 235
430 245
433 383
435 254
440 370
444 259
445 355
450 267
450 310
450 320
450 330
450 340
455 276
455 286
455 296
