169 162
175 170
177 154
185 146
185 165
189 517
194 277
194 287
194 297
194 307
194 487
194 497
194 507
194 526
194 536
195 141
195 165
199 262
199 477
199 545
202 555
204 170
204 180
204 190
204 247
204 310
204 462
205 136
207 200
209 210
209 237
209 377
209 387
209 397
209 452
210 562
212 304
214 219
214 367
214 406
214 416
214 437
215 134
219 357
219 425
220 560
222 299
224 129
224 342
229 332
229 555
232 294
233 124
234 317
237 549
239 302
240 285
242 119
245 540
252 114
255 535
261 543
262 109
265 553
270 562
272 104
277 570
282 99
285 577
292 99
294 582
301 94
302 589
311 94
312 590
320 89
322 594
330 89
332 595
340 86
342 595
350 84
352 595
359 89
362 595
369 89
372 594
379 91
382 590
389 94
391 585
399 94
400 580
408 99
410 575
417 104
418 568
425 555
426 109
430 545
435 114
435 535
440 525
445 117
445 265
445 275
445 510
447 285
450 500
452 294
453 258
454 122
455 304
455 490
460 250
460 313
460 475
462 129
465 322
465 332
465 465
468 243
469 137
470 341
470 450
473 351
475 230
475 430
475 440
477 144
478 360
480 220
480 400
480 410
480 420
482 370
484 152
485 380
485 390
489 161
490 220
495 169
500 222
504 174
510 225
512 180
519 230
520 187
529 192
529 230
537 199
538 235
544 207
547 240
552 214
555 224
557 239
