164 177
164 187
169 167
169 196
176 204
177 159
184 197
187 154
189 187
189 517
189 527
189 537
194 497
194 507
194 546
194 556
197 149
199 185
199 487
204 397
204 407
204 417
204 472
204 560
207 149
209 185
209 277
209 287
209 297
209 382
209 426
209 436
209 452
209 462
214 257
214 267
214 306
214 316
214 372
214 557
216 144
219 185
219 242
219 362
222 195
224 205
224 227
224 320
224 347
224 552
226 144
227 215
229 332
233 315
234 547
236 140
242 539
244 132
252 124
252 535
260 542
261 119
264 552
269 112
269 561
276 569
279 107
284 575
289 102
293 580
299 97
302 585
309 94
312 589
319 92
322 590
329 89
332 594
339 89
342 595
348 84
352 595
357 89
362 594
367 89
372 590
376 94
382 589
386 94
392 585
395 99
401 580
405 102
410 575
414 107
418 568
423 558
424 111
430 545
433 116
438 538
440 124
440 260
440 270
443 528
445 279
448 253
448 518
450 127
450 288
450 298
454 137
455 240
455 307
455 505
460 316
460 495
462 144
463 326
465 240
465 336
465 485
469 152
470 162
470 345
470 475
475 240
475 354
475 364
475 465
477 170
480 373
480 450
485 177
485 240
485 382
485 430
485 440
489 392
490 402
490 412
493 184
495 242
502 189
505 245
511 194
515 247
520 199
524 252
528 205
532 259
537 210
541 264
545 217
549 270
549 280
553 224
555 288
560 232
561 280
565 241
565 270
570 250
573 263
