82 92
84 102
91 87
91 110
99 117
100 82
107 123
110 78
115 129
118 72
125 133
128 68
135 137
138 66
145 141
148 62
155 145
158 58
165 147
168 56
175 149
178 54
178 159
180 38
184 167
190 32
190 175
196 22
198 181
206 24
208 181
216 27
218 181
226 31
228 181
230 145
234 173
235 154
236 33
240 145
245 38
250 145
255 40
260 143
264 45
270 143
272 52
280 143
282 54
290 141
292 50
300 145
302 46
310 147
312 48
320 54
320 149
328 60
330 149
336 67
338 141
342 75
343 128
345 118
348 83
355 117
358 82
365 121
368 78
373 127
377 73
382 132
387 69
392 136
397 65
402 139
407 62
411 88
411 98
411 108
412 118
412 139
413 78
415 128
417 64
