68 94
71 104
77 89
79 111
86 84
86 119
94 126
96 80
103 131
106 76
113 135
116 72
123 139
126 68
133 143
136 64
143 147
146 62
153 149
156 58
163 151
166 56
173 153
174 40
174 50
178 162
184 36
184 170
189 27
191 178
197 20
199 184
207 22
209 187
215 28
219 184
224 33
224 149
225 172
227 159
234 35
234 149
243 40
244 147
253 42
254 147
263 46
264 147
271 52
274 147
279 58
284 145
289 53
294 145
299 50
304 149
309 48
314 151
319 50
324 153
327 56
334 153
335 62
342 70
343 148
348 139
350 77
351 120
355 86
361 119
365 85
371 123
374 80
379 129
384 76
389 133
394 72
399 137
404 68
409 141
414 66
419 143
423 92
423 102
423 112
424 64
425 122
427 78
428 132
