74 64
74 130
76 74
78 84
78 118
79 139
80 94
80 104
84 62
89 139
94 64
99 137
104 68
109 133
114 72
119 128
123 77
127 122
132 82
136 117
142 84
146 117
150 78
150 127
154 137
156 70
159 146
164 62
169 149
172 56
179 149
180 50
189 147
190 46
199 144
200 48
209 141
210 52
219 143
220 56
228 50
229 143
236 44
239 143
246 40
249 145
256 34
259 145
266 28
268 154
268 164
270 174
276 26
278 181
286 24
288 181
296 25
298 181
306 23
306 175
311 32
314 167
319 158
320 37
321 47
325 148
329 54
335 147
339 56
345 145
349 60
355 142
359 62
365 138
369 66
375 135
379 70
385 131
388 75
395 126
398 78
403 119
407 83
411 112
416 88
419 104
425 93
