24 327
24 337
24 347
29 356
34 322
39 360
42 314
45 368
52 314
53 375
61 309
62 380
70 304
72 384
80 301
81 389
90 296
91 393
100 294
101 395
109 289
110 400
119 289
120 402
129 287
130 405
139 284
140 405
149 284
150 405
158 279
160 407
168 279
170 410
177 274
180 412
187 274
190 415
196 269
200 415
206 269
210 415
216 269
219 420
226 269
229 420
236 269
239 420
246 269
248 425
256 269
258 425
266 269
268 425
272 435
276 269
277 444
284 452
286 269
289 461
294 470
296 269
299 479
305 487
306 269
312 495
314 262
322 254
322 495
330 246
331 490
339 482
340 241
347 474
350 239
355 460
360 242
360 252
360 450
364 262
365 272
370 445
374 277
375 435
383 428
384 281
388 418
394 284
398 413
404 286
408 410
414 289
418 408
423 294
428 405
432 289
438 405
442 289
448 405
451 284
458 405
460 279
467 400
469 284
477 400
479 286
485 294
487 399
495 297
497 395
499 307
507 394
509 311
517 390
519 314
527 390
528 319
537 389
538 320
547 325
547 385
557 329
557 389
567 329
567 390
576 324
577 390
586 320
587 394
596 315
596 399
606 314
606 403
616 310
616 405
626 309
626 405
634 302
634 411
644 299
644 415
650 345
650 355
652 365
653 294
653 420
658 338
660 372
662 425
663 294
664 382
665 330
672 289
672 389
672 424
673 323
675 399
678 313
680 408
682 289
685 305
690 295
