19 367
19 377
25 385
27 359
31 393
35 351
40 398
43 344
50 402
53 344
57 410
60 336
67 410
70 331
77 414
80 329
86 419
89 324
96 420
98 319
106 423
107 314
116 425
117 314
124 431
127 314
134 435
137 309
144 435
147 309
153 440
156 304
163 440
166 304
172 445
176 304
182 445
186 300
192 445
196 299
202 445
206 299
212 449
216 299
222 450
226 295
232 450
236 294
242 450
246 290
252 450
256 289
262 450
266 289
271 455
276 289
279 461
284 470
286 289
289 479
291 489
296 289
296 498
304 505
304 515
306 285
310 523
316 284
320 520
325 279
328 513
333 503
335 276
343 498
345 274
348 488
355 274
355 480
364 475
365 277
372 285
372 469
377 459
380 445
382 289
390 440
392 289
400 440
401 294
409 435
411 294
419 435
420 299
429 435
430 302
438 430
440 304
447 425
449 299
457 424
458 294
467 289
467 420
477 289
477 420
486 415
487 289
495 295
495 410
500 304
505 410
510 307
515 410
518 314
524 405
527 319
534 405
536 324
543 400
545 329
552 395
553 335
562 395
563 339
572 395
573 339
581 400
583 339
591 403
592 334
601 405
602 329
610 410
612 329
620 410
622 329
630 412
631 324
639 417
640 319
649 314
649 420
658 425
659 312
665 365
665 433
667 375
669 307
673 358
675 435
677 379
679 304
683 355
684 387
684 440
689 304
693 353
693 445
694 391
698 299
699 345
703 445
704 394
707 294
709 342
712 400
712 450
717 289
717 334
720 407
722 454
727 289
727 329
729 412
731 459
735 315
737 284
737 419
741 460
743 308
744 427
747 279
750 295
750 435
751 460
755 444
757 279
758 289
760 453
