144 92
144 102
148 112
152 84
153 121
157 75
159 129
166 70
168 134
176 66
178 137
186 62
186 143
195 148
196 58
196 158
196 168
200 178
206 54
208 38
210 181
216 26
217 172
223 162
226 22
232 167
236 26
240 174
244 32
248 180
250 145
253 37
255 154
257 164
258 179
260 143
261 44
267 52
270 143
277 50
280 144
287 46
290 148
295 52
300 149
301 60
307 68
307 140
311 78
311 118
311 128
321 79
321 121
327 129
329 73
335 135
337 67
345 139
346 62
351 88
351 98
351 108
353 78
353 118
354 128
355 67
355 138
