4 162
4 172
4 182
4 192
4 202
4 212
4 222
9 152
9 231
14 240
17 144
19 132
20 248
25 257
27 124
29 267
34 112
39 270
42 104
48 275
52 104
57 270
62 104
67 270
71 109
77 269
80 114
87 264
90 117
97 260
100 119
106 255
110 119
116 255
119 124
126 255
129 124
135 250
139 126
145 250
149 129
155 250
159 131
164 245
168 136
174 245
178 140
183 240
188 144
192 245
194 277
194 287
198 144
200 295
202 245
204 262
204 272
208 144
209 253
210 297
214 82
214 92
214 132
219 101
219 111
219 121
220 300
224 79
229 305
234 77
239 305
244 74
249 305
254 74
259 305
264 72
268 310
274 69
278 310
284 69
288 310
293 64
298 310
303 64
307 315
312 59
317 315
322 54
327 319
332 54
337 320
342 54
347 320
352 54
357 320
362 49
367 320
372 49
377 320
382 49
386 325
392 44
396 325
402 44
406 325
412 44
416 325
422 44
426 325
432 39
436 325
442 39
446 325
452 39
456 325
462 39
466 325
471 34
476 325
481 34
486 325
491 34
496 325
501 34
505 320
510 29
515 320
520 29
525 320
530 29
534 315
539 34
543 310
549 36
553 308
558 41
563 303
568 44
573 300
577 49
582 295
587 49
592 294
597 49
602 290
607 44
612 290
617 44
622 294
626 39
632 295
635 34
642 295
645 31
652 295
655 29
662 295
665 29
672 295
675 29
682 295
685 29
692 295
694 24
702 299
704 24
712 300
714 24
722 300
724 24
732 304
734 22
739 312
744 19
747 319
754 19
755 325
764 19
764 330
770 338
774 17
780 340
784 14
790 340
794 14
799 345
804 12
809 342
814 9
819 340
824 9
828 335
834 9
837 329
844 9
845 320
854 9
855 315
863 4
865 310
873 4
874 305
882 9
882 299
891 14
892 295
894 342
894 352
899 21
899 327
900 31
900 360
902 295
904 317
904 372
905 40
907 50
909 355
909 381
912 295
912 309
915 57
916 389
919 67
926 385
927 74
930 375
935 365
937 74
940 350
945 330
945 340
947 74
950 315
955 300
957 74
960 290
967 74
969 285
977 74
979 285
987 74
988 280
997 74
998 280
1007 69
1008 280
1017 69
1017 275
1027 69
1027 275
1037 69
1037 274
1047 69
1047 270
1057 69
1057 269
1065 61
1067 265
1073 54
1076 260
1083 54
1085 255
1092 49
1095 255
1101 54
1104 250
1111 54
1114 247
1120 59
1124 245
1125 68
1130 77
1133 240
1137 85
1142 94
1143 240
1145 230
1149 102
1150 112
1155 225
1157 120
1162 129
1165 139
1165 220
1170 148
1173 213
1178 155
1180 205
1182 165
1187 174
1188 198
1190 184
