88 92
90 102
97 87
97 110
105 117
106 82
112 125
115 77
120 131
124 72
130 134
134 68
140 137
144 64
150 141
154 60
160 145
164 58
170 147
174 56
178 153
182 163
184 38
184 48
187 172
193 33
195 179
198 22
205 182
208 23
214 177
218 27
224 181
228 29
234 145
234 179
237 155
238 33
239 165
244 145
247 38
254 145
257 40
264 143
265 46
273 52
274 143
283 53
284 141
293 49
294 142
303 46
303 147
313 50
313 149
322 55
323 149
329 63
333 146
337 70
338 137
341 124
342 79
349 117
351 84
359 121
361 79
368 126
370 74
377 131
380 70
387 135
390 66
397 139
400 64
405 94
405 104
407 84
407 114
407 139
409 124
410 63
411 73
