102 64
102 132
104 74
106 84
106 116
108 94
108 104
110 139
112 62
120 137
122 66
130 133
132 70
140 129
141 75
148 121
150 80
158 117
160 84
166 76
166 123
168 133
172 68
172 143
180 60
180 149
188 52
190 149
196 46
200 147
206 47
209 142
216 51
219 141
225 56
229 143
232 48
239 143
240 42
248 36
249 145
254 162
254 172
258 33
258 150
259 181
268 30
269 181
277 25
278 175
287 23
288 178
297 24
298 181
301 34
307 176
309 40
309 50
313 164
317 56
317 150
327 58
327 146
337 62
337 143
347 66
347 138
357 68
357 135
367 72
367 130
375 78
376 125
382 117
384 83
388 109
393 88
395 100
