4 262
4 272
4 282
4 292
4 302
4 312
9 252
12 319
14 227
14 237
16 329
19 217
24 207
24 335
30 343
32 199
40 345
42 194
49 350
50 186
58 355
60 181
68 355
70 179
78 355
80 179
88 355
90 182
98 355
100 184
108 355
110 184
118 355
120 187
128 355
130 189
137 350
140 189
147 350
149 194
157 350
159 196
167 349
169 199
177 345
179 201
187 345
189 204
197 344
199 206
207 340
209 209
217 340
219 211
226 335
228 216
235 330
238 219
245 325
247 224
255 325
257 224
265 325
267 224
275 325
276 229
284 347
285 325
286 229
289 356
292 339
295 325
296 225
299 202
299 360
305 210
305 325
306 224
308 365
309 197
314 215
317 189
317 370
319 224
325 181
327 374
335 176
337 375
343 169
346 380
350 161
355 385
359 152
365 387
367 144
375 136
375 390
385 131
385 392
393 124
394 397
402 119
404 400
411 114
414 400
421 110
423 405
431 109
433 405
441 109
442 410
451 109
452 410
460 114
462 414
470 117
472 415
480 119
481 420
490 122
491 420
500 124
501 423
510 127
511 425
519 132
521 428
529 134
531 430
538 139
541 430
548 139
551 430
557 144
561 433
566 149
571 435
575 154
581 435
585 157
590 440
594 162
600 440
604 166
610 174
610 442
619 167
620 445
627 159
630 445
634 147
639 450
642 139
649 450
652 139
659 450
660 131
668 124
669 450
677 119
679 450
686 114
689 450
695 109
699 450
705 106
709 450
713 99
719 450
722 94
729 450
732 89
739 450
742 84
749 450
752 79
759 450
762 74
769 450
772 74
778 455
782 69
788 455
791 64
798 455
801 60
808 455
811 55
818 455
821 54
828 455
830 49
838 453
840 46
848 450
850 44
858 450
859 39
868 34
868 450
878 34
878 450
887 29
888 450
897 29
897 445
906 24
907 444
912 434
916 20
920 425
926 19
928 418
935 14
935 410
945 14
945 412
954 9
955 415
964 7
965 415
974 4
974 420
982 10
984 420
990 17
994 420
997 25
1004 420
1005 32
1010 41
1014 420
1015 50
1020 59
1024 420
1025 68
1030 77
1033 425
1035 86
1041 94
1043 425
1050 99
1053 425
1055 108
1060 117
1063 425
1067 125
1073 425
1075 132
1082 420
1083 139
1092 420
1093 139
1099 507
1101 415
1102 144
1105 515
1107 499
1110 136
1110 410
1112 489
1114 107
1114 117
1115 510
1120 410
1122 484
1124 104
1125 505
1128 403
1129 472
1133 498
1134 104
1135 395
1137 464
1139 490
1144 102
1144 390
1145 456
1145 498
1149 87
1152 384
1153 449
1154 492
1157 79
1157 375
1157 439
1160 89
1160 480
1162 429
1167 375
1167 419
1168 473
1170 92
1174 402
1175 460
1177 375
1178 99
1179 392
1180 450
1184 383
1185 435
1187 94
1193 428
1197 94
1198 418
1200 405
1205 86
1205 385
1205 395
1210 370
1215 87
1219 365
1220 96
1225 105
1225 115
1225 125
1225 135
1225 145
1225 155
1229 365
1230 164
1238 360
1239 159
1248 360
1249 161
1257 355
1258 166
1267 355
1268 165
1276 350
1278 169
1285 161
1286 350
1294 166
1295 345
1300 174
1305 345
1310 174
1315 340
1319 179
1325 340
1329 181
1335 189
1335 335
1345 189
1345 335
1353 195
1355 335
1360 203
1365 335
1368 209
1374 340
1375 217
1383 224
1384 340
1393 225
1393 335
1395 235
1400 244
1403 333
1408 250
1408 323
1410 305
1415 258
1418 298
1420 267
1423 288
1425 276
