94 92
96 102
103 87
103 110
109 118
111 81
117 125
121 77
126 130
129 71
135 135
139 68
145 137
149 64
155 141
159 60
165 145
169 58
175 147
179 55
180 156
184 166
186 38
190 174
195 33
198 181
200 22
208 181
210 24
216 175
220 26
224 181
229 31
234 181
235 146
239 33
240 155
241 165
245 145
248 38
255 144
258 41
265 143
266 47
273 55
275 143
283 52
285 141
293 48
295 145
303 46
305 147
312 51
315 149
320 57
325 149
327 65
332 141
333 73
336 131
337 118
339 81
347 117
349 83
356 122
358 78
364 128
367 73
373 133
376 68
383 137
386 64
393 139
396 62
399 86
399 96
399 106
399 116
402 126
403 72
403 138
