122 64
122 74
122 128
122 138
124 84
124 118
126 94
126 104
132 63
132 139
142 67
142 135
151 72
152 131
159 78
160 123
168 83
168 117
176 76
176 123
178 133
180 143
182 68
188 60
188 149
194 52
198 149
203 47
208 147
213 48
216 141
222 53
226 143
232 50
236 143
240 42
246 145
248 160
248 170
249 180
250 38
254 151
258 32
259 181
267 27
268 175
276 22
276 169
284 175
286 20
291 29
292 181
297 37
301 47
302 179
306 56
307 170
311 148
311 158
316 58
321 144
326 61
331 140
335 66
340 135
345 68
350 133
355 72
358 127
361 80
366 119
370 85
371 110
377 93
