74 94
79 103
82 88
87 109
91 83
94 117
100 78
102 124
110 76
111 129
119 71
121 133
129 67
131 137
139 64
141 141
149 60
151 145
159 57
161 147
169 56
171 147
178 38
178 48
178 155
183 164
188 34
189 172
193 25
197 178
203 22
206 183
213 22
216 182
223 26
226 179
228 145
230 169
231 155
233 28
238 145
242 33
248 145
251 38
258 143
260 43
268 143
269 48
277 54
278 143
287 53
288 141
297 49
298 142
307 46
307 147
317 48
317 149
325 54
327 149
333 60
337 149
340 68
344 141
348 75
348 131
349 118
353 84
359 117
363 83
369 121
372 78
378 126
382 74
387 131
392 70
397 135
402 66
407 139
412 64
417 139
419 88
419 98
419 108
421 118
422 62
423 76
423 128
