19 437
19 447
27 429
29 450
37 429
39 450
45 421
48 455
55 419
57 460
64 414
67 460
73 409
76 465
83 409
85 470
92 404
95 470
101 399
105 470
110 394
115 470
120 391
125 470
130 386
135 470
140 384
145 470
150 381
155 472
160 376
164 477
170 374
172 484
176 494
180 374
181 503
189 509
190 371
195 517
200 369
202 525
209 364
212 529
219 362
220 535
224 352
225 485
225 495
227 505
230 535
232 344
232 514
233 478
234 332
235 524
242 324
243 475
244 312
253 473
254 302
259 292
263 470
267 284
273 470
275 276
283 470
285 274
290 283
290 293
290 303
290 313
290 323
293 470
295 332
295 342
300 351
303 470
309 356
313 470
315 364
323 470
324 369
333 374
333 470
343 374
343 470
352 475
353 374
360 482
363 374
367 490
373 374
376 495
382 379
386 498
392 379
394 505
402 379
404 502
409 492
411 384
414 482
415 465
421 384
424 460
431 384
434 460
441 384
443 465
451 384
452 470
461 384
462 470
470 379
471 475
479 374
480 480
488 369
490 475
497 364
498 468
505 460
506 369
514 376
515 460
520 384
523 453
529 389
533 448
538 394
543 445
548 395
553 445
558 399
562 450
567 394
570 457
577 394
579 462
582 384
589 465
592 384
598 470
600 376
607 475
610 374
615 440
617 450
617 479
619 367
622 459
623 433
627 480
629 364
629 467
630 425
638 359
639 420
647 354
647 414
657 354
657 410
666 405
667 349
675 400
677 349
684 395
686 344
692 389
696 344
702 385
705 339
711 380
715 339
720 375
724 334
730 370
734 332
739 365
744 329
749 362
754 329
759 360
764 329
769 357
774 329
779 352
784 331
785 341
