39 202
39 212
39 222
44 187
44 231
51 239
54 182
59 245
64 179
68 250
73 174
77 164
77 255
82 154
86 260
89 137
95 265
97 129
105 121
105 265
113 114
114 270
117 280
122 109
122 289
129 297
130 101
135 91
139 295
145 86
149 295
155 81
158 300
165 76
165 308
173 69
175 310
180 61
184 315
190 56
194 315
198 49
203 320
207 44
212 325
217 44
222 329
227 39
230 335
237 39
239 340
246 34
248 345
255 29
257 350
265 26
267 354
275 24
277 355
285 24
287 355
295 24
297 355
305 24
307 355
315 24
317 355
325 24
327 355
335 24
337 355
345 24
347 355
355 24
356 350
365 27
366 350
374 32
375 345
382 39
384 340
391 44
392 334
400 49
400 325
410 52
410 320
418 313
419 57
427 64
428 308
435 300
436 69
440 290
444 76
448 283
453 81
455 275
460 89
463 268
470 89
470 260
478 253
480 92
485 101
485 240
491 109
493 233
499 116
500 225
505 124
508 218
510 133
513 208
515 195
518 139
524 190
528 139
533 195
537 134
540 203
547 134
550 207
557 129
559 212
566 124
567 219
575 119
576 224
584 114
584 230
593 109
593 235
602 240
603 109
612 104
612 239
617 229
619 112
622 219
624 121
625 131
627 209
631 139
635 149
635 159
635 169
635 195
640 178
