39 212
39 222
44 202
44 231
51 239
52 194
59 245
62 189
65 253
70 181
75 171
75 257
83 164
84 262
90 156
92 269
98 149
101 274
105 141
111 278
113 134
119 285
120 126
128 119
128 290
137 114
137 295
145 106
146 300
151 309
153 99
156 318
162 94
164 325
172 94
174 325
181 89
184 325
191 85
194 325
199 79
200 333
208 74
208 340
215 348
217 69
223 355
226 64
232 360
235 59
242 360
244 54
252 364
253 49
261 369
262 44
269 375
271 39
279 375
280 34
288 380
290 34
297 385
300 34
307 385
309 29
317 385
319 29
326 390
329 27
336 393
339 24
346 395
349 24
356 395
359 24
365 390
369 24
375 390
379 24
384 385
389 24
394 385
399 24
404 385
409 26
412 379
418 31
422 374
428 35
432 369
435 43
440 355
445 47
445 345
452 55
453 338
460 62
460 330
467 70
468 323
477 74
478 318
485 310
486 79
493 303
494 86
500 94
503 298
508 100
510 290
515 108
518 283
523 115
525 275
530 123
533 268
538 130
540 260
545 138
548 253
550 147
553 243
558 233
559 152
565 225
569 154
575 225
579 154
585 225
589 154
595 225
599 154
605 227
608 149
612 235
618 149
622 239
628 149
632 240
638 149
642 240
648 149
652 244
657 144
661 249
667 144
671 250
677 144
681 250
687 144
690 245
697 144
700 235
704 152
705 205
705 215
705 225
709 161
710 171
710 181
710 191
