24 327
24 337
29 312
29 346
34 302
36 354
42 294
46 358
47 284
52 274
56 360
59 262
65 365
67 254
74 370
77 249
84 227
84 237
84 370
92 219
93 375
97 209
102 380
107 204
112 380
114 192
119 177
122 380
127 169
132 159
132 380
140 151
142 380
150 146
151 385
160 141
161 385
169 132
171 385
179 129
181 388
188 124
191 390
195 116
200 395
203 109
210 101
210 390
220 96
220 390
228 89
230 392
237 84
240 395
247 79
250 395
257 74
260 397
266 69
269 402
274 62
279 405
284 57
289 405
294 52
299 405
304 49
309 405
314 49
319 405
323 54
329 402
332 59
339 400
342 59
349 397
351 64
357 389
360 69
362 380
369 74
372 380
377 80
380 370
387 84
388 363
396 89
398 358
405 94
405 345
413 338
415 97
420 320
420 330
422 105
425 310
430 112
433 303
439 117
440 290
445 275
449 121
450 265
455 129
455 255
463 248
465 132
465 230
470 220
475 134
478 213
484 129
488 210
493 124
498 210
500 116
508 109
508 210
517 104
518 210
525 96
527 215
533 89
537 215
542 84
547 215
552 84
556 220
562 84
566 220
570 90
572 100
576 220
577 109
584 117
586 220
589 126
590 136
593 146
595 156
595 175
595 185
595 195
595 205
595 215
600 165
