24 147
24 157
24 167
24 177
24 187
24 197
24 207
29 137
29 216
34 122
34 225
37 235
39 112
47 104
47 235
56 99
57 234
66 99
67 230
74 106
77 230
83 111
87 229
93 115
97 225
102 120
107 225
112 124
117 224
119 132
127 220
129 136
136 215
138 141
145 149
146 215
155 149
156 215
165 149
166 215
175 152
176 215
184 221
185 151
190 141
191 229
195 131
199 235
200 121
204 244
208 114
209 253
214 262
215 106
222 269
225 101
229 277
230 91
237 284
240 86
244 292
250 81
252 299
258 74
259 307
265 66
267 314
273 59
274 322
280 51
282 329
288 44
289 337
295 36
299 340
305 34
305 348
313 355
315 34
322 360
324 29
332 364
334 29
341 369
344 29
351 370
353 24
361 370
363 24
371 370
373 24
381 370
383 24
391 370
393 24
400 365
403 25
410 365
413 29
420 365
423 29
430 365
433 29
440 360
443 29
450 360
452 34
459 355
462 34
469 355
471 39
479 352
481 39
489 350
490 44
497 344
500 47
505 335
509 52
515 330
519 56
525 325
528 61
534 320
538 64
544 320
548 64
554 317
558 65
564 312
568 69
572 305
578 69
581 300
587 74
590 295
597 74
599 290
606 79
608 285
615 84
617 280
625 87
627 279
632 95
637 274
640 102
645 111
645 265
650 120
653 258
655 129
660 138
660 250
665 147
668 243
669 157
675 235
677 164
680 225
684 172
688 218
689 181
693 191
693 208
