14 257
14 267
19 212
19 222
19 232
19 242
19 276
24 285
27 204
32 194
33 290
37 184
39 172
42 295
49 167
52 299
54 157
59 307
62 149
67 314
70 141
75 320
78 134
84 122
85 322
92 114
92 330
100 106
102 334
104 87
112 79
112 335
120 71
120 342
128 64
129 347
135 56
139 345
143 49
148 350
152 44
155 358
160 367
162 39
167 375
169 385
172 39
175 393
181 34
183 400
190 408
191 30
198 415
201 34
205 423
209 27
213 430
219 24
222 435
225 395
225 405
225 415
225 425
229 24
235 390
239 24
245 390
249 24
255 390
259 24
265 390
269 22
275 390
279 19
285 390
289 19
295 390
299 19
305 390
309 16
315 24
315 390
324 29
324 385
334 29
334 382
344 31
344 380
353 375
354 34
362 370
364 34
371 365
372 40
380 47
380 360
389 355
390 44
398 50
399 352
405 58
409 347
410 67
419 72
419 342
427 79
427 334
434 87
435 325
444 91
444 320
450 99
450 160
450 310
455 169
458 105
460 115
460 145
460 155
460 310
465 124
465 134
465 169
468 303
474 162
475 295
480 285
484 152
485 275
494 149
494 270
500 278
503 144
510 136
510 282
518 129
519 287
525 295
528 129
534 300
537 124
544 300
546 119
550 308
554 112
560 155
560 165
560 175
560 185
560 195
560 205
560 215
560 225
560 235
560 245
560 255
560 265
560 312
562 275
564 109
565 145
570 282
570 315
573 138
574 109
578 289
580 130
580 315
584 109
587 294
589 125
590 315
594 109
596 299
599 125
600 315
604 111
606 299
609 125
610 315
614 112
615 304
619 125
624 116
