34 172
34 182
34 192
39 201
42 164
46 209
51 159
54 215
60 223
61 155
65 232
69 149
72 240
78 144
80 247
87 139
87 255
95 131
97 259
103 124
106 264
112 119
116 265
122 114
125 270
130 106
135 272
140 101
144 277
150 99
150 285
159 92
159 290
168 295
169 87
178 295
179 82
188 295
189 79
198 295
199 77
207 69
207 300
215 307
217 64
224 312
227 64
234 315
236 59
244 315
246 55
253 320
256 50
263 320
266 49
273 320
275 44
282 325
284 39
292 325
294 37
302 325
304 32
312 325
314 29
322 325
323 24
332 325
333 24
342 324
343 24
352 320
353 24
362 320
363 25
372 319
373 29
382 315
383 29
392 34
392 315
401 39
402 314
411 39
412 310
420 44
422 310
430 47
432 310
439 52
442 309
449 54
452 305
458 59
462 305
467 64
472 304
474 72
480 295
484 76
490 290
493 81
500 89
500 285
508 95
509 280
517 100
518 275
525 107
527 269
532 115
535 255
540 122
540 245
547 130
548 238
552 139
554 230
559 147
563 225
564 156
570 164
573 225
580 164
583 225
590 164
593 225
599 159
602 230
609 159
610 237
619 157
620 240
629 154
629 245
638 149
638 250
648 149
648 250
657 255
658 149
667 144
667 259
677 144
677 254
685 240
686 149
690 159
693 233
695 168
698 223
700 177
703 213
705 186
705 196
