19 167
19 177
19 187
19 197
24 157
24 206
29 147
29 215
37 139
38 220
44 127
45 228
54 122
55 230
62 114
64 235
69 102
70 243
77 94
79 248
85 86
87 255
93 79
96 260
102 74
105 265
111 69
114 270
121 65
123 275
129 59
132 280
138 54
142 280
147 49
152 284
155 41
161 289
165 36
169 295
173 29
175 303
180 312
182 24
187 320
192 24
195 327
199 337
202 24
204 346
212 19
214 345
215 285
215 295
215 305
215 315
220 324
220 334
222 19
225 287
232 19
234 292
242 19
242 299
251 304
252 19
259 310
262 19
269 312
271 24
279 310
281 24
289 310
291 24
299 310
301 24
308 315
310 29
318 315
319 34
328 315
329 31
338 313
339 34
348 310
349 36
358 308
359 39
365 300
369 41
375 300
378 46
384 54
385 300
393 293
394 56
400 64
403 290
410 67
413 288
419 72
420 280
427 79
430 275
434 87
439 270
442 94
449 267
450 100
455 109
457 260
463 115
465 250
472 120
473 243
477 129
480 235
484 137
489 230
494 141
497 224
504 144
505 215
513 149
515 215
520 141
525 215
530 139
534 220
539 132
540 228
547 124
550 232
555 116
559 237
563 109
567 244
570 101
576 249
580 99
584 255
589 94
594 255
598 89
600 263
607 84
610 120
610 130
610 140
610 265
612 150
615 110
617 79
620 157
620 167
620 177
620 187
620 197
620 207
620 217
620 227
620 237
620 247
620 265
623 103
627 79
627 255
630 95
630 265
