39 162
39 172
44 147
49 175
52 139
58 180
61 134
67 185
70 129
75 192
79 122
82 200
89 117
92 204
99 114
101 209
109 114
111 213
118 109
119 220
125 101
128 225
133 94
137 230
142 89
146 235
151 84
155 240
160 79
164 245
169 74
173 250
178 69
182 255
187 64
192 259
196 59
202 260
205 54
212 260
215 51
221 265
225 46
229 271
235 44
236 279
244 39
246 283
253 34
254 290
263 34
263 295
272 29
272 300
282 24
282 304
291 309
292 24
301 310
302 24
310 315
312 24
320 315
322 24
330 317
332 24
340 320
342 24
349 325
352 24
359 325
362 24
369 325
372 24
378 320
382 24
388 320
391 29
397 315
400 34
406 310
410 37
415 305
420 39
425 300
429 44
434 295
437 50
442 289
445 57
452 284
454 62
460 275
464 66
468 268
470 74
473 258
478 80
483 253
485 88
493 94
493 248
500 240
502 99
509 107
510 235
519 111
520 230
528 116
528 223
535 124
535 210
543 130
544 205
550 138
553 200
560 139
563 200
570 139
573 200
579 134
583 200
589 134
593 200
599 134
603 200
609 134
613 200
619 132
622 205
629 127
632 205
639 124
642 205
648 119
652 205
658 119
662 205
668 119
672 205
677 114
682 205
687 114
692 205
696 119
700 129
702 205
705 138
705 148
710 157
710 167
710 177
710 187
710 197
