24 187
24 197
24 207
29 157
29 167
29 177
29 216
34 147
34 225
39 132
39 234
44 122
45 242
49 252
54 117
54 261
64 114
64 265
73 119
74 262
82 124
82 255
91 250
92 124
100 245
101 129
108 238
109 136
115 230
118 141
125 225
128 145
134 220
138 149
143 215
147 154
152 210
157 154
162 210
167 154
172 210
175 146
179 218
180 136
180 228
188 129
188 235
195 121
195 243
203 114
203 250
210 258
212 109
218 265
221 104
224 273
229 97
229 282
237 89
237 289
245 295
247 84
254 300
257 79
263 305
266 74
272 310
274 67
281 315
282 59
291 54
291 315
299 47
301 315
307 39
311 318
317 34
321 320
326 29
330 325
335 24
339 330
345 24
349 330
355 24
359 330
365 24
369 330
375 24
379 330
385 24
389 330
395 24
399 330
405 24
409 330
415 24
419 330
425 24
429 330
435 24
439 330
445 27
449 330
454 32
459 330
464 34
468 335
473 39
478 335
482 44
488 335
492 44
498 335
501 49
508 335
510 54
518 335
520 57
528 64
528 335
537 69
538 335
546 74
548 335
554 81
558 335
560 89
567 329
569 94
575 102
577 324
582 110
587 319
590 117
595 310
597 125
600 300
605 132
605 290
612 140
614 285
617 149
623 280
624 157
630 165
632 275
635 174
642 274
643 180
650 188
652 269
658 195
662 265
667 200
671 260
675 207
681 260
682 215
689 252
690 222
695 231
695 241
