29 517
34 492
34 502
34 526
34 536
39 545
42 484
42 555
52 484
52 554
62 479
62 550
64 560
67 469
74 560
75 461
80 550
85 459
89 555
91 450
92 565
101 445
102 564
106 435
107 554
114 429
114 562
124 429
124 560
134 427
134 560
144 422
144 557
145 545
154 419
155 545
160 411
160 530
170 409
170 530
180 406
180 510
180 520
190 404
190 510
199 399
199 505
208 394
209 367
209 505
215 375
218 394
219 362
219 505
224 352
225 375
228 394
228 500
234 349
234 380
238 500
244 349
248 500
254 349
258 500
264 349
268 500
273 344
275 480
277 490
280 336
285 480
288 329
289 312
294 297
295 480
304 277
304 287
305 480
309 262
314 227
314 237
314 247
315 470
319 217
324 207
324 465
329 197
333 460
337 189
343 460
347 184
349 172
352 465
354 162
359 152
359 473
360 483
367 144
368 490
369 132
377 495
379 127
387 495
389 107
389 117
390 405
390 415
390 425
394 97
395 385
395 395
396 500
400 429
402 89
404 506
405 385
409 77
410 432
411 514
413 378
414 67
419 437
420 75
420 350
420 360
420 370
421 518
424 64
427 444
430 72
430 340
431 520
435 320
436 449
437 330
438 79
439 512
443 313
445 71
445 255
445 295
445 454
447 265
449 507
450 200
450 225
450 235
450 245
450 275
450 285
450 495
452 210
453 64
454 52
454 459
460 195
460 467
460 477
460 487
462 44
465 55
467 34
470 64
470 195
475 50
475 125
477 29
480 40
480 64
480 85
480 115
480 195
485 73
485 105
485 129
485 145
485 160
485 170
485 180
486 55
490 89
491 65
493 99
493 138
493 151
494 49
494 124
499 84
502 94
503 133
504 117
508 79
512 89
513 130
514 114
518 80
522 124
