74 62
74 72
79 127
84 57
84 75
84 136
84 187
84 272
87 119
89 196
89 281
92 179
92 264
94 54
94 75
94 140
97 119
99 200
99 285
102 179
102 264
103 70
104 54
104 137
107 119
108 195
109 285
111 269
112 179
113 70
114 54
114 140
117 119
118 195
119 285
121 269
122 174
123 49
123 70
124 140
127 119
128 195
129 285
131 269
132 174
133 49
133 70
134 140
137 119
138 195
139 285
141 269
142 174
143 49
143 70
144 140
147 119
148 195
149 285
151 269
152 174
153 49
153 70
153 135
157 119
158 195
158 290
161 269
162 54
162 174
163 70
163 135
167 119
168 195
168 290
171 179
171 269
172 54
173 70
173 135
177 119
178 195
178 290
181 49
181 179
181 269
183 70
183 135
187 119
188 195
188 290
191 45
191 179
191 265
192 140
193 68
195 130
197 114
197 190
197 285
199 259
200 174
201 44
203 65
205 132
207 114
207 194
207 285
209 259
210 174
211 44
213 65
215 135
216 109
217 195
217 285
218 254
219 73
219 83
220 49
220 174
222 244
224 92
224 102
225 135
225 270
227 195
227 234
228 55
229 222
230 174
233 263
234 207
235 135
237 60
237 195
238 253
239 145
240 174
244 154
245 67
245 245
246 164
249 77
250 235
254 86
255 96
255 225
260 105
260 210
265 114
265 190
265 200
273 120
275 190
280 128
285 190
290 129
294 185
300 129
304 185
310 129
314 185
320 129
324 185
330 129
334 185
339 124
343 180
349 124
353 180
359 124
363 180
369 124
373 180
379 124
383 180
389 124
393 180
399 124
403 180
409 124
413 180
419 124
423 180
429 124
433 180
439 124
443 180
449 124
453 180
459 124
463 180
469 124
473 180
479 122
482 175
489 119
492 175
499 119
502 175
509 119
512 175
519 119
522 175
529 119
532 175
539 119
542 175
549 119
552 175
559 119
562 175
569 119
572 175
579 119
582 175
589 119
592 175
599 119
602 175
609 112
612 175
617 184
619 109
627 180
628 104
637 180
638 105
640 115
640 125
640 135
640 145
642 155
645 165
