964 502
964 512
964 522
964 532
964 542
964 552
964 562
964 572
964 582
969 452
969 462
969 472
969 482
969 492
969 591
969 601
969 611
974 412
974 422
974 432
974 442
974 620
977 630
979 372
979 382
979 392
979 402
979 640
982 650
984 342
984 352
984 362
987 659
989 217
989 227
989 237
989 247
989 257
989 267
989 277
989 287
989 297
989 307
989 317
989 327
991 669
994 207
994 679
999 197
999 688
1004 697
1007 189
1009 706
1009 716
1014 725
1015 181
1019 734
1023 174
1024 743
1029 752
1032 169
1034 761
1039 770
1042 169
1044 779
1049 788
1052 169
1054 797
1059 806
1061 174
1064 815
1065 510
1065 520
1065 530
1065 540
1065 550
1065 560
1065 570
1065 580
1065 590
1065 600
1065 610
1065 620
1065 630
1065 640
1067 650
1069 1597
1069 1607
1069 1617
1069 1627
1069 1637
1069 1647
1069 1657
1069 1667
1069 1677
1069 1687
1069 1697
1069 1707
1069 1717
1069 1727
1069 1737
1069 1747
1069 1757
1069 1767
1069 1777
1069 1787
1069 1797
1069 1807
1069 1817
1069 1827
1069 1837
1069 1847
1069 1857
1069 1867
1069 1877
1069 1887
1069 1897
1069 1907
1069 1917
1069 1927
1069 1937
1070 179
1070 450
1070 460
1070 470
1070 480
1070 490
1070 500
1070 660
1070 670
1070 823
1074 1567
1074 1577
1074 1587
1074 1946
1074 1956
1074 1966
1074 1976
1075 335
1075 345
1075 355
1075 365
1075 375
1075 385
1075 395
1075 405
1075 415
1075 425
1075 435
1075 679
1075 689
1075 832
1078 185
1079 1557
1079 1985
1079 1995
1079 2005
1079 2015
1079 2025
1080 300
1080 310
1080 320
1080 698
1082 195
1082 840
1084 1527
1084 1537
1084 1547
1084 2034
1085 205
1085 215
1085 225
1085 235
1085 245
1085 255
1085 265
1085 275
1085 285
1085 707
1086 2044
1087 849
1089 1502
1089 1512
1090 716
1091 859
1091 2053
1094 1417
1094 1427
1094 1437
1094 1447
1094 1457
1094 1467
1094 1477
1094 1487
1096 724
1096 868
1099 878
1099 1372
1099 1382
1099 1392
1099 1402
1099 2060
1104 731
1104 887
1104 897
1104 1322
1104 1332
1104 1342
1104 1352
1104 1362
1108 741
1108 2065
1109 906
1109 916
1109 926
1109 936
1109 1242
1109 1252
1109 1262
1109 1272
1109 1282
1109 1292
1109 1302
1109 1312
1114 945
1114 955
1114 965
1114 975
1114 985
1114 995
1114 1005
1114 1015
1114 1025
1114 1035
1114 1045
1114 1055
1114 1065
1114 1075
1114 1085
1114 1095
1114 1105
1114 1115
1114 1125
1114 1135
1114 1145
1114 1155
1114 1165
1114 1175
1114 1185
1114 1195
1114 1205
1114 1215
1114 1225
1117 2070
1118 745
1126 2075
1127 750
1135 757
1136 2075
1142 765
1146 2078
1149 302
1149 312
1149 322
1149 332
1150 772
1154 272
1154 282
1154 292
1154 341
1154 351
1154 361
1154 371
1154 381
1154 391
1154 401
1156 2080
1159 237
1159 247
1159 257
1159 410
1159 420
1159 430
1159 440
1159 450
1159 460
1159 470
1159 480
1159 490
1159 500
1159 510
1159 520
1159 530
1159 540
1159 550
1159 560
1159 570
1159 580
1159 590
1159 600
1159 610
1159 620
1159 630
1159 777
1162 640
1164 212
1164 222
1164 650
1164 660
1164 670
1164 680
1164 690
1164 700
1164 710
1164 720
1164 730
1166 2080
1167 740
1167 784
1169 192
1169 202
1169 750
1169 760
1169 770
1174 182
1176 2080
1182 174
1186 2080
1191 169
1196 2080
1200 164
1206 2080
1210 161
1215 2075
1220 156
1223 2068
1230 154
1233 2065
1240 157
1242 2070
1249 162
1251 2075
1257 169
1260 179
1260 455
1260 465
1260 475
1260 485
1260 495
1260 505
1260 515
1260 525
1260 535
1260 545
1260 555
1260 565
1260 575
1260 585
1260 595
1260 605
1260 615
1260 625
1261 2075
1262 635
1265 188
1265 198
1265 208
1265 218
1265 228
1265 238
1265 390
1265 400
1265 410
1265 420
1265 430
1265 440
1265 645
1265 655
1270 247
1270 257
1270 267
1270 365
1270 375
1270 664
1270 674
1270 2070
1275 276
1275 286
1275 296
1275 306
1275 316
1275 326
1275 336
1275 346
1275 356
1275 683
1275 693
1275 703
1275 713
1275 723
1280 732
1280 2065
1284 718
1288 2058
1289 682
1289 692
1289 702
1294 657
1294 667
1295 2045
1299 642
1300 2035
1304 617
1304 627
1305 2025
1309 592
1309 602
1310 2015
1314 572
1314 582
1315 1975
1315 1985
1315 1995
1315 2005
1319 547
1319 557
1320 1945
1320 1955
1320 1965
1324 527
1324 537
1325 1920
1325 1930
1329 512
1330 1905
1334 487
1334 497
1335 1885
1335 1895
1339 457
1339 467
1339 477
1340 1875
1344 432
1344 442
1345 1865
1349 397
1349 407
1349 417
1350 1850
1354 347
1354 357
1354 367
1354 377
1354 387
1355 1840
1359 277
1359 287
1359 297
1359 307
1359 317
1359 327
1359 337
1360 1830
1364 252
1364 262
1365 1810
1365 1820
1369 222
1369 232
1369 242
1370 1790
1370 1800
1374 197
1374 207
1375 730
1375 740
1375 750
1375 1775
1379 182
1380 710
1380 720
1380 1745
1380 1755
1380 1765
1384 167
1385 695
1385 754
1385 1720
1385 1730
1389 157
1390 680
1390 1685
1390 1695
1390 1705
1395 665
1395 754
1395 1630
1395 1640
1395 1650
1395 1660
1395 1670
1397 149
1400 645
1400 655
1400 1575
1400 1585
1400 1595
1400 1605
1400 1615
1405 625
1405 635
1405 754
1405 1540
1405 1550
1405 1560
1406 144
1410 605
1410 615
1410 1500
1410 1510
1410 1520
1410 1530
1414 749
1415 139
1415 585
1415 595
1415 1470
1415 1480
1415 1490
1420 555
1420 565
1420 575
1420 1435
1420 1445
1420 1455
1423 744
1424 134
1425 515
1425 525
1425 535
1425 545
1425 1390
1425 1400
1425 1410
1425 1420
1427 734
1430 455
1430 465
1430 475
1430 485
1430 495
1430 505
1430 1165
1430 1175
1430 1185
1430 1195
1430 1205
1430 1215
1430 1225
1430 1235
1430 1245
1430 1255
1430 1265
1430 1275
1430 1285
1430 1295
1430 1305
1430 1315
1430 1325
1430 1335
1430 1345
1430 1355
1430 1365
1430 1375
1432 724
1434 134
1435 410
1435 420
1435 430
1435 440
1435 1080
1435 1090
1435 1100
1435 1110
1435 1120
1435 1130
1435 1140
1435 1150
1440 360
1440 370
1440 380
1440 390
1440 400
1440 716
1440 820
1440 1010
1440 1020
1440 1030
1440 1040
1440 1050
1440 1060
1440 1070
1442 830
1444 134
1445 330
1445 340
1445 350
1445 706
1445 840
1445 850
1445 860
1445 870
1445 880
1445 890
1445 900
1445 910
1445 920
1445 930
1445 940
1445 950
1445 960
1445 970
1445 980
1445 990
1445 1000
1450 310
1450 320
1450 696
1450 820
1453 139
1455 300
1458 689
1459 672
1459 815
1460 275
1460 285
1462 144
1464 657
1465 245
1465 255
1465 265
1468 810
1469 152
1469 642
1470 215
1470 225
1470 235
1474 161
1474 632
1475 171
1475 181
1475 191
1475 201
1477 804
1479 617
1484 592
1484 602
1485 795
1489 582
1490 785
1494 567
1498 778
1499 557
1504 527
1504 537
1504 547
1505 770
1509 392
1509 402
1509 412
1509 422
1509 432
1509 442
1509 452
1509 462
1509 472
1509 482
1509 492
1509 502
1509 512
1510 760
1514 332
1514 342
1514 352
1514 362
1514 372
1514 382
1518 753
1519 267
1519 277
1519 287
1519 297
1519 307
1519 317
1524 257
1525 740
1529 247
1530 730
1537 239
1538 723
1543 713
1544 212
1544 222
1548 703
1549 202
1550 690
1554 192
1555 680
1560 670
1562 184
1565 655
1570 645
1571 179
1575 635
1579 172
1580 620
1585 610
1589 167
1590 600
1595 575
1595 585
1597 159
1600 565
1605 540
1605 550
1607 154
1610 525
1615 515
1617 154
1620 365
1620 480
1620 490
1620 500
1622 375
1625 340
1625 350
1625 385
1625 395
1625 405
1625 415
1625 425
1625 435
1625 445
1625 455
1625 465
1627 154
1630 310
1630 320
1630 330
1635 275
1635 285
1635 295
1636 159
1640 255
1640 265
1645 164
1645 245
1650 230
1653 170
1655 200
1655 210
1655 220
1657 180
1660 190
