1035 836
1035 846
1035 856
1039 866
1040 801
1040 811
1040 821
1044 875
1045 756
1045 766
1045 776
1045 786
1045 1931
1045 1941
1045 1951
1045 1961
1045 1971
1045 1981
1050 361
1050 371
1050 381
1050 391
1050 401
1050 411
1050 421
1050 431
1050 441
1050 451
1050 461
1050 471
1050 481
1050 491
1050 501
1050 511
1050 671
1050 681
1050 691
1050 701
1050 711
1050 721
1050 731
1050 741
1050 883
1050 1891
1050 1901
1050 1911
1050 1921
1050 1990
1055 351
1055 520
1055 530
1055 540
1055 550
1055 560
1055 570
1055 580
1055 590
1055 600
1055 610
1055 620
1055 630
1055 640
1055 650
1055 660
1055 1786
1055 1796
1055 1806
1055 1816
1055 1826
1055 1836
1055 1846
1055 1856
1055 1866
1055 1876
1055 1999
1055 2009
1056 2019
1060 886
1060 1751
1060 1761
1060 1771
1061 2028
1063 344
1065 1731
1065 1741
1065 2038
1070 890
1070 1716
1073 339
1073 2044
1075 1696
1075 1706
1080 890
1080 1676
1080 1686
1081 2050
1083 335
1085 1666
1090 890
1090 1651
1090 2055
1093 335
1095 1641
1100 890
1100 1621
1100 1631
1100 2055
1102 340
1105 1611
1106 2063
1109 348
1110 810
1110 820
1110 891
1110 1591
1110 1601
1114 2070
1115 356
1115 770
1115 780
1115 790
1115 800
1115 1581
1118 826
1119 896
1120 365
1120 375
1120 385
1120 395
1120 405
1120 415
1120 425
1120 435
1120 445
1120 455
1120 465
1120 475
1120 485
1120 495
1120 680
1120 690
1120 700
1120 710
1120 720
1120 730
1120 740
1120 750
1120 760
1120 1561
1120 1571
1121 505
1123 2075
1125 515
1125 525
1125 535
1125 545
1125 555
1125 565
1125 575
1125 585
1125 595
1125 605
1125 615
1125 625
1125 635
1125 645
1125 655
1125 665
1125 1551
1128 830
1129 900
1130 1521
1130 1531
1132 2080
1133 1544
1135 1511
1138 830
1139 897
1140 1481
1140 1491
1142 2079
1143 1504
1145 1471
1147 835
1149 895
1150 1441
1150 1451
1152 2074
1153 1464
1155 1431
1157 835
1159 895
1160 1411
1160 1421
1160 2065
1165 1401
1166 830
1168 900
1168 2058
1170 1371
1170 1381
1173 1394
1173 2048
1175 1361
1175 2030
1176 830
1178 900
1180 1331
1180 1341
1183 1354
1185 835
1185 1321
1185 2025
1187 905
1190 1301
1190 1311
1193 2018
1194 840
1195 1291
1196 910
1198 2008
1200 1261
1200 1271
1200 1281
1203 834
1203 1998
1205 751
1205 761
1205 771
1205 781
1205 791
1205 801
1205 811
1205 821
1205 1251
1206 910
1210 721
1210 731
1210 741
1210 1216
1210 1226
1210 1236
1210 1990
1215 711
1215 905
1215 1206
1215 1980
1220 656
1220 666
1220 676
1220 686
1220 696
1220 1171
1220 1181
1220 1191
1220 1960
1220 1970
1225 621
1225 631
1225 641
1225 905
1225 1161
1228 1953
1230 601
1230 611
1230 1111
1230 1121
1230 1131
1230 1141
1230 1151
1234 910
1235 591
1235 1101
1235 1915
1235 1940
1240 571
1240 581
1240 1031
1240 1041
1240 1051
1240 1061
1240 1071
1240 1081
1240 1091
1240 1924
1243 1908
1244 910
1245 561
1245 1006
1245 1016
1245 1865
1245 1875
1248 1898
1250 541
1250 551
1250 996
1250 1884
1253 915
1253 1858
1255 531
1255 986
1255 1820
1256 1830
1258 1848
1260 511
1260 521
1260 976
1260 1710
1260 1810
1261 1720
1263 919
1265 501
1265 966
1265 1500
1265 1525
1265 1535
1265 1580
1265 1590
1265 1620
1265 1630
1265 1660
1265 1670
1265 1700
1265 1750
1265 1800
1266 1545
1266 1600
1266 1640
1266 1680
1266 1729
1266 1760
1270 481
1270 491
1270 936
1270 946
1270 956
1270 1509
1270 1555
1270 1565
1270 1610
1270 1650
1270 1690
1270 1739
1270 1770
1270 1780
1270 1790
1273 920
1273 1493
1275 471
1275 760
1275 770
1275 780
1275 790
1275 800
1275 810
1275 820
1275 830
1275 840
1275 1420
1275 1445
1275 1455
1276 850
1276 1465
1278 1483
1280 436
1280 446
1280 456
1280 720
1280 730
1280 740
1280 750
1280 1395
1280 1405
1280 1429
1285 426
1285 710
1285 855
1285 1385
1290 391
1290 401
1290 411
1290 670
1290 680
1290 690
1290 700
1290 1365
1290 1375
1293 861
1295 381
1295 635
1295 645
1295 655
1295 1340
1295 1350
1300 600
1300 610
1300 620
1300 1315
1300 1325
1303 374
1303 860
1305 590
1305 1295
1305 1305
1310 570
1310 580
1310 1265
1310 1275
1310 1285
1313 369
1313 860
1315 560
1318 1258
1320 540
1320 550
1322 865
1323 365
1323 1248
1325 530
1325 1230
1330 510
1330 520
1330 1220
1331 870
1333 365
1335 500
1335 1200
1335 1210
1340 480
1340 490
1340 1180
1340 1190
1341 870
1342 370
1345 470
1345 1170
1349 378
1350 435
1350 445
1350 455
1350 1150
1350 1160
1351 874
1355 386
1355 425
1355 1140
1360 395
1360 405
1360 415
1360 879
1360 1120
1360 1130
1365 1105
1366 870
1370 1080
1370 1090
1374 863
1375 1060
1375 1070
1380 1040
1380 1050
1381 855
1385 1030
1389 848
1390 990
1390 1000
1390 1010
1390 1020
1395 836
1395 965
1395 975
1400 801
1400 811
1400 821
1400 955
1405 771
1405 781
1405 791
1410 761
1410 956
1415 716
1415 726
1415 736
1415 746
1420 706
1420 960
1425 676
1425 686
1425 696
1430 666
1430 961
1435 646
1435 656
1439 966
1440 626
1440 636
1440 895
1445 606
1445 616
1448 888
1449 900
1449 970
1450 571
1450 581
1450 591
1453 878
1455 531
1455 541
1455 551
1455 561
1458 868
1459 901
1459 967
1460 401
1460 411
1460 421
1460 521
1463 858
1464 431
1465 391
1465 441
1465 451
1465 476
1465 486
1465 496
1465 506
1468 848
1468 906
1469 461
1469 970
1470 815
1470 825
1470 835
1473 384
1475 770
1475 780
1475 790
1475 800
1475 914
1478 975
1480 760
1483 379
1485 715
1485 725
1485 735
1485 745
1485 910
1487 980
1490 705
1493 375
1495 675
1495 685
1495 695
1495 910
1497 980
1500 665
1503 375
1505 655
1505 910
1507 980
1510 635
1510 645
1512 380
1514 915
1515 620
1516 985
1519 388
1520 580
1520 590
1520 600
1520 610
1523 920
1525 396
1525 530
1525 540
1525 550
1525 560
1525 570
1525 990
1530 405
1530 520
1531 415
1533 920
1535 425
1535 435
1535 445
1535 485
1535 495
1535 505
1535 990
1540 454
1540 464
1540 474
1543 920
1545 991
1553 920
1555 995
1562 925
1564 1000
1571 930
1574 1000
1581 930
1584 1000
1591 930
1593 1005
1599 923
1603 1005
1604 913
1605 896
1610 886
1613 1005
1615 866
1615 876
1620 856
1623 1005
1625 796
1625 806
1625 816
1625 826
1625 836
1628 849
1630 786
1633 1003
1635 676
1635 686
1635 716
1635 726
1635 756
1635 766
1638 779
1639 696
1639 736
1640 666
1640 706
1640 746
1643 998
1645 571
1645 581
1645 591
1645 601
1645 626
1645 636
1648 659
1649 646
1650 561
1650 610
1650 990
1655 526
1655 536
1655 546
1655 980
1660 516
1660 960
1660 970
1665 486
1665 496
1665 506
1665 925
1665 935
1665 945
1670 426
1670 436
1670 446
1670 456
1670 466
1670 476
1670 915
1675 411
1675 895
1675 905
1680 401
1680 860
1680 885
1685 391
1685 869
1688 853
1690 381
1690 790
1693 843
1695 371
1695 799
1695 809
1695 819
1695 829
1698 783
1700 361
1700 660
1700 670
1700 695
1700 705
1700 735
1700 745
1701 715
1701 755
1703 773
1705 679
1705 725
1708 354
1708 653
1710 605
1710 615
1711 625
1713 643
1715 570
1715 580
1715 590
1718 349
1720 560
1725 525
1725 535
1725 545
1728 345
1730 515
1735 495
1735 505
1738 345
1740 445
1740 455
1740 465
1740 475
1740 485
1745 430
1747 350
1750 415
1756 355
1758 408
1764 361
1765 395
1768 371
1770 381
