410 666
410 676
410 686
410 696
410 706
410 716
410 726
410 736
410 746
410 756
410 766
410 776
410 786
416 794
420 665
425 921
425 931
425 941
425 951
425 961
425 971
425 981
425 991
425 1001
425 1011
425 1021
425 1031
425 1041
425 1051
425 1431
425 1441
425 1451
425 1461
425 1471
425 1481
425 1491
425 1501
425 1511
425 1521
425 1531
425 1541
425 1551
426 794
430 665
430 1171
430 1181
430 1191
430 1201
430 1211
430 1221
430 1231
430 1241
430 1251
430 1261
430 1271
430 1281
430 1291
430 1301
431 1559
435 920
435 1054
435 1430
436 794
440 665
440 1170
440 1304
441 1559
445 920
445 1054
445 1430
446 794
450 665
450 1170
450 1304
451 1559
455 920
455 1054
455 1430
456 794
460 665
460 1170
460 1304
461 1559
465 920
465 1054
465 1430
466 794
470 665
470 1170
470 1304
471 1559
475 920
475 1054
475 1430
476 794
480 665
480 1170
480 1304
481 1559
485 920
485 1054
485 1430
486 794
490 665
490 1170
490 1304
491 1559
495 920
495 1054
495 1430
496 794
500 665
500 1170
500 1304
501 1559
505 920
505 1054
505 1430
506 794
510 665
510 1170
510 1304
511 1559
515 920
515 1054
515 1430
516 794
520 665
520 1170
520 1304
521 1559
525 920
525 1054
525 1430
526 794
530 665
530 1170
530 1304
531 1559
535 920
535 1054
535 1430
536 794
540 665
540 1170
540 1304
541 1559
545 920
545 1054
545 1430
546 794
550 665
550 1170
550 1304
551 1559
555 920
555 1054
555 1430
556 794
560 665
560 1170
560 1304
561 1559
565 920
565 1054
565 1430
566 794
570 665
570 1170
570 1304
571 1559
575 920
575 1054
575 1430
576 794
580 665
580 1170
580 1304
581 1559
585 920
585 1054
585 1430
586 794
590 665
590 1170
590 1304
591 1559
595 920
595 1054
595 1430
596 794
600 665
600 1170
600 1304
601 1559
605 920
605 1054
605 1430
606 794
610 665
610 1170
610 1304
611 1559
615 920
615 1054
615 1430
616 794
620 665
620 1170
620 1304
621 1559
625 920
625 1054
625 1430
626 794
630 665
630 1170
630 1304
631 1559
635 920
635 1054
635 1430
636 794
640 665
640 1170
640 1304
641 1559
645 920
645 1054
645 1430
646 794
650 665
650 1170
650 1304
651 1559
655 920
655 1054
655 1430
656 794
660 665
660 1170
660 1304
661 1559
665 920
665 1054
665 1430
666 794
670 665
670 1170
670 1304
671 1559
675 920
675 1054
675 1430
676 794
680 665
680 1170
680 1304
681 1559
685 920
685 1054
685 1430
686 794
690 665
690 1170
690 1304
691 1559
695 920
695 1054
695 1430
696 794
700 665
700 1170
700 1304
701 1559
705 920
705 1054
705 1430
706 794
710 665
710 1170
710 1304
711 1559
715 920
715 1054
715 1430
716 794
720 665
720 1170
720 1304
721 1559
725 920
725 1054
725 1430
726 794
730 665
730 1170
730 1304
731 1559
735 920
735 1054
735 1430
736 794
740 665
740 1170
740 1304
741 1559
745 920
745 1054
745 1430
746 794
750 665
750 1170
750 1304
751 1559
755 920
755 1054
755 1430
756 794
760 665
760 1170
760 1304
761 1559
765 920
765 1054
765 1430
766 794
770 665
770 1170
770 1304
771 1559
775 920
775 1054
775 1430
776 794
780 665
780 1170
780 1304
781 1559
785 920
785 1054
785 1430
786 794
790 665
790 1170
790 1304
791 1559
795 920
795 1054
795 1430
796 794
800 665
800 1170
800 1304
801 1559
805 920
805 1054
805 1430
806 794
810 665
810 1170
810 1304
811 1559
815 920
815 1054
815 1430
816 794
820 665
820 1170
820 1304
821 1559
825 920
825 1054
825 1430
826 794
830 665
830 1170
830 1304
831 1559
835 920
835 1054
835 1430
836 794
840 665
840 1170
840 1304
841 1559
845 920
845 1054
845 1430
846 794
850 665
850 1170
850 1304
851 1559
855 920
855 1054
855 1430
856 794
860 665
860 1170
860 1304
861 1559
865 920
865 1054
865 1430
866 794
870 665
870 1170
870 1304
871 1559
875 920
875 1054
875 1430
876 794
880 665
880 1170
880 1304
881 1559
885 920
885 1054
885 1430
886 794
890 665
890 1170
890 1304
891 1559
895 920
895 1054
895 1430
896 794
900 665
900 1170
900 1304
901 1559
905 920
905 1054
905 1430
906 794
910 665
910 1170
910 1304
911 1559
915 920
915 1054
915 1430
916 794
920 665
920 1170
920 1304
921 1559
925 920
925 1054
925 1430
926 794
930 665
930 1170
930 1304
931 1559
935 920
935 1054
935 1430
936 794
940 665
940 1170
940 1304
941 1559
945 920
945 1054
945 1430
946 794
949 1309
950 665
950 1170
951 1559
955 920
955 1054
955 1430
956 794
959 1309
960 665
960 1170
961 1559
963 1424
965 920
965 1054
966 794
969 1309
970 665
970 1170
970 1416
971 1559
974 800
975 920
975 1054
978 1304
978 1409
980 665
980 808
980 818
980 828
980 838
980 848
980 858
980 868
980 878
980 888
980 898
980 908
980 1063
980 1073
980 1083
980 1093
980 1103
980 1113
980 1123
980 1133
980 1143
980 1153
980 1163
980 1314
980 1324
980 1334
980 1344
980 1354
980 1364
980 1374
980 1384
980 1394
980 1564
990 665
990 1564
1000 665
1000 1560
1010 665
1010 1559
1020 668
1020 1559
1030 670
1030 1559
1040 670
1040 1559
1050 670
1050 1559
1060 670
1060 1559
1070 670
1070 1559
1080 670
1080 1559
1090 670
1090 1559
1100 670
1100 1559
1110 670
1110 1559
1120 670
1120 1559
1130 670
1130 1559
1140 670
1140 1559
1150 670
1150 1559
1160 670
1160 1559
1170 670
1170 1559
1180 670
1180 1559
1190 670
1190 1559
1200 670
1200 1559
1210 670
1210 1559
1220 670
1220 1559
1230 670
1230 1559
1240 670
1240 1559
1250 670
1250 1559
1260 670
1260 1559
1270 670
1270 1559
1280 670
1280 1559
1284 1286
1289 675
1289 685
1289 695
1289 705
1289 715
1289 725
1289 735
1289 745
1289 755
1289 765
1289 775
1289 785
1289 795
1289 805
1289 815
1289 825
1289 835
1289 845
1289 855
1289 865
1289 875
1289 885
1289 895
1289 905
1289 915
1289 925
1289 935
1289 945
1289 955
1289 965
1289 975
1289 985
1289 995
1289 1295
1289 1305
1289 1315
1289 1325
1289 1335
1289 1345
1289 1355
1289 1365
1289 1375
1289 1385
1289 1395
1289 1405
1289 1415
1289 1425
1289 1435
1289 1445
1289 1455
1289 1465
1289 1475
1289 1485
1289 1495
1289 1505
1289 1515
1289 1525
1289 1535
1289 1545
1291 1005
1294 1284
1301 1005
1304 1284
1311 1005
1314 1284
1321 1005
1324 1284
1331 1005
1334 1284
1341 1005
1344 1284
1351 1005
1354 1284
1361 1005
1364 1284
1371 1005
1374 1284
1381 1005
1384 1284
1391 1005
1394 1284
1401 1005
1404 1284
1411 1005
1414 1284
1421 1005
1424 1284
1431 1005
1434 1284
1441 1005
1444 1284
1451 1005
1454 1284
1461 1005
1464 1284
1471 1005
1474 1284
1481 1005
1484 1284
1491 1005
1494 1284
1501 1005
1504 1284
1511 1005
1514 1284
1521 1005
1524 1284
1531 1005
1534 1284
1541 1005
1544 1284
1551 1005
1554 1284
1561 1005
1564 1284
1571 1005
1574 1284
1581 1005
1584 1284
1591 1005
1594 1284
1601 1005
1604 1284
1611 1005
1614 1284
1621 1005
1624 1284
1631 1005
1634 1284
1641 1005
1644 1284
1651 1005
1654 1284
1661 1005
1664 1284
1671 1005
1674 1284
1681 1005
1684 1284
1691 1005
1694 1284
1701 1005
1704 1284
1711 1005
1714 1284
1721 1005
1724 1284
1731 1005
1734 1284
1741 1005
1744 1284
1751 1005
1754 1284
1761 1005
1764 1284
1771 1005
1774 1284
1781 1005
1784 1284
1791 1005
1794 1284
1801 1005
1804 1284
1811 1005
1814 1284
1821 1005
1824 1284
1831 1005
1834 1284
1841 1005
1844 1284
1851 1005
1854 1284
1861 1005
1864 1284
1871 1005
1874 1284
1881 1005
1884 1284
1891 1005
1894 1284
1901 1005
1904 1284
1911 1005
1914 1284
1921 1005
1924 1284
1931 1005
1934 1284
1941 1005
1944 1284
1951 1005
1954 1284
1961 1005
1964 1284
1971 1005
1974 1284
1981 1005
1984 1284
1991 1005
1994 1284
2001 1005
2004 1284
2011 1005
2014 1284
2021 1005
2024 1284
2031 1005
2034 1284
2041 1005
2044 1284
2051 1005
2054 1284
2061 1005
2064 1284
2071 1005
2074 1284
2081 1005
2084 1284
2091 1005
2094 1284
2101 1005
2104 1284
2111 1005
2114 1284
2121 1005
2124 1284
2131 1005
2134 1284
2141 1005
2144 1284
2151 1005
2154 1284
2161 1005
2164 1284
2171 1005
2174 1284
2181 1005
2184 1284
2191 1005
2194 1284
2201 1005
2204 1284
2211 1005
2214 1284
2221 1005
2224 1284
2231 1005
2234 1284
2241 1005
2244 1284
2251 1005
2254 1284
2261 1005
2264 1284
2271 1005
2274 1284
2281 1005
2284 1284
2291 1005
2294 1284
2301 1005
2304 1284
2311 1005
2314 1284
2321 1005
2324 1284
2331 1005
2334 1284
2341 1005
2344 1284
2351 1005
2354 1284
2361 1005
2364 1284
2371 1005
2374 1284
2381 1005
2384 1284
2391 1005
2394 1284
2401 1005
2404 1284
2411 1005
2414 1284
2421 1005
2424 1284
2431 1005
2434 1284
2441 1005
2444 1284
2451 1005
2454 1284
2461 1005
2464 1284
2471 1005
2474 1284
2481 1005
2484 1284
2491 1005
2494 1284
2501 1005
2504 1284
2511 1005
2514 1284
2521 1005
2524 1284
2531 1005
2534 1284
2541 1005
2544 1284
2551 1005
2554 1284
2561 1005
2564 1284
2571 1005
2574 1284
2581 1005
2584 1284
2591 1005
2594 1284
2601 1005
2604 1284
2611 1005
2614 1284
2621 1005
2624 1284
2631 1005
2634 1284
2641 1005
2644 1284
2651 1005
2654 1284
2661 1005
2664 1284
2671 1005
2674 1284
2681 1005
2684 1284
2691 1005
2694 1284
2701 1005
2704 1284
2711 1005
2714 1284
2721 1005
2724 1284
2731 1005
2734 1284
2741 1005
2744 1284
2751 1005
2754 1284
2761 1005
2764 1284
2771 1005
2774 1015
2774 1025
2774 1035
2774 1045
2774 1055
2774 1065
2774 1075
2774 1085
2774 1095
2774 1105
2774 1115
2774 1125
2774 1135
2774 1145
2774 1155
2774 1165
2774 1175
2774 1185
2774 1195
2774 1205
2774 1215
2774 1225
2774 1235
2774 1245
2774 1255
2774 1265
2774 1275
