290 541
290 551
290 561
290 571
290 581
290 591
290 601
290 611
290 621
290 631
290 641
290 651
290 661
290 671
290 681
290 691
290 701
290 711
290 721
290 731
290 741
290 751
290 761
290 771
290 781
290 791
290 801
290 811
299 816
300 446
300 456
300 466
300 476
300 486
300 496
300 506
300 516
300 526
300 536
300 826
300 836
300 846
305 855
310 261
310 271
310 281
310 291
310 301
310 311
310 321
310 331
310 341
310 351
310 361
310 371
310 381
310 391
310 401
310 411
310 421
310 431
310 441
310 864
311 874
315 186
315 196
315 206
315 216
315 226
315 236
315 246
315 884
315 894
323 900
325 171
325 181
325 910
330 919
330 929
333 165
338 935
340 156
340 945
349 950
350 155
355 146
355 958
363 965
365 145
368 974
370 984
375 145
378 990
383 999
385 145
390 154
390 1007
395 1016
400 155
404 1021
405 164
405 565
405 575
405 585
405 595
405 605
405 615
405 625
405 635
405 645
405 655
405 665
405 675
405 685
405 695
405 705
405 715
405 725
405 735
405 745
405 755
405 765
405 775
405 785
409 1030
410 470
410 480
410 490
410 500
410 510
410 520
410 530
410 540
410 550
410 794
410 804
410 814
410 824
413 170
413 1040
418 830
420 178
420 285
420 295
420 305
420 315
420 325
420 335
420 345
420 355
420 365
420 375
420 385
420 395
420 405
420 415
420 425
420 435
420 445
420 455
420 465
420 840
420 850
423 1044
428 185
428 856
430 195
430 205
430 215
430 225
430 235
430 245
430 255
430 265
430 275
430 866
430 1052
433 876
438 885
440 1055
445 893
449 903
449 1060
457 910
459 1060
463 1070
466 915
470 925
470 1078
471 935
475 1087
480 940
481 1095
489 1101
490 943
494 1110
498 950
500 1118
500 2836
500 2846
500 2856
500 2866
500 2876
500 2886
500 2896
500 2906
500 2916
500 2926
500 2936
500 2946
505 2955
508 950
510 1120
510 2756
510 2766
510 2776
510 2786
510 2796
510 2806
510 2816
510 2826
510 2964
510 2974
510 2984
511 2994
514 958
515 2691
515 2701
515 2711
515 2721
515 2731
515 2741
516 3003
519 1125
522 965
525 2201
525 2211
525 2221
525 2231
525 2241
525 2251
525 2261
525 2271
525 2281
525 2291
525 2301
525 2311
525 2321
525 2331
525 2341
525 2351
525 2361
525 2371
525 2381
525 2391
525 2401
525 2411
525 2421
525 2431
525 2441
525 2451
525 2461
525 2471
525 2481
525 2491
525 2501
525 2511
525 2521
525 2531
525 2541
525 2551
525 2561
525 2571
525 2581
525 2591
525 2601
525 2611
525 2621
525 2631
525 2641
525 2651
525 2661
525 2671
525 2681
525 3008
526 975
529 1125
530 1586
530 1596
530 1606
530 1616
530 1626
530 1636
530 1646
530 1656
530 1666
530 1676
530 1686
530 1696
530 1706
530 1716
530 1726
530 1736
530 1746
530 1756
530 1766
530 2146
530 2156
530 2166
530 2176
530 2186
530 3017
533 1135
535 980
539 1771
540 989
540 1511
540 1521
540 1531
540 1541
540 1551
540 1561
540 1571
540 1581
540 1781
540 1791
540 1801
540 1811
540 1821
540 1831
540 1841
540 1851
540 1861
540 1871
540 1881
540 1891
540 1901
540 1911
540 1921
540 1931
540 1941
540 1951
540 1961
540 1971
540 1981
540 1991
540 2001
540 2011
540 2021
540 2031
540 2041
540 2051
540 2061
540 2071
540 2081
540 2091
540 2101
540 2111
540 2121
540 2131
540 2141
540 3021
543 1135
545 3030
550 990
550 1471
550 1481
550 1491
550 1501
553 1139
554 3035
555 999
555 1441
555 1451
555 1461
558 3045
563 1140
565 1003
565 1401
565 1411
565 1421
565 1431
568 1149
568 3045
570 1012
570 1366
570 1376
570 1386
577 3050
578 1150
580 816
580 826
580 836
580 846
580 856
580 866
580 876
580 886
580 896
580 906
580 916
580 926
580 936
580 946
580 956
580 966
580 976
580 986
580 996
580 1015
580 1160
580 1170
580 1180
580 1190
580 1200
580 1210
580 1220
580 1230
580 1240
580 1250
580 1260
580 1270
580 1280
580 1321
580 1331
580 1341
580 1351
580 1361
585 1005
587 3050
589 1285
590 741
590 751
590 761
590 771
590 781
590 791
590 801
590 811
590 1295
590 1305
590 1315
595 516
595 526
595 536
595 546
595 556
595 566
595 576
595 586
595 596
595 606
595 616
595 626
595 636
595 646
595 656
595 666
595 676
595 686
595 696
595 706
595 716
595 726
597 3050
605 446
605 456
605 466
605 476
605 486
605 496
605 506
607 3050
615 326
615 336
615 346
615 356
615 366
615 376
615 386
615 396
615 406
615 416
615 426
615 436
616 3045
620 196
620 206
620 216
620 226
620 236
620 246
620 256
620 266
620 276
620 286
620 296
620 306
620 316
626 3045
630 181
630 191
630 3035
635 171
639 3030
645 166
645 3020
655 165
655 3010
660 156
660 2995
670 155
670 2980
670 2990
675 2805
675 2815
675 2825
675 2835
675 2845
675 2855
675 2865
675 2875
675 2965
676 2885
680 155
685 2765
685 2775
685 2785
685 2795
685 2890
685 2900
685 2910
685 2920
685 2930
685 2940
685 2950
685 2960
690 155
695 164
695 835
695 845
695 855
695 865
695 875
695 885
695 895
695 905
695 915
695 925
695 935
695 945
695 955
695 965
695 2725
695 2735
695 2745
695 2755
696 975
700 765
700 775
700 785
700 795
700 805
700 815
700 825
700 985
700 995
700 1005
700 1015
700 1025
700 1035
700 2690
700 2700
700 2710
701 1045
705 165
710 540
710 550
710 560
710 570
710 580
710 590
710 600
710 610
710 620
710 630
710 640
710 650
710 660
710 670
710 680
710 690
710 700
710 710
710 720
710 730
710 740
710 750
710 760
710 2660
710 2670
710 2680
711 1045
713 171
715 475
715 485
715 495
715 505
715 515
715 525
715 2635
715 2645
718 180
721 1045
725 188
725 350
725 360
725 370
725 380
725 390
725 400
725 410
725 420
725 430
725 440
725 450
725 460
725 470
725 2610
725 2620
725 2630
731 1045
733 195
735 205
735 215
735 225
735 235
735 245
735 255
735 265
735 275
735 285
735 295
735 305
735 315
735 325
735 335
735 345
735 2580
735 2590
735 2600
740 2555
740 2565
741 1045
750 2540
750 2550
751 1045
755 2505
755 2515
755 2525
760 1040
765 1031
765 2480
765 2490
765 2500
775 1021
775 2425
775 2435
775 2445
775 2455
775 2465
775 2475
780 936
780 946
780 956
780 966
780 976
780 986
780 996
780 1006
780 2395
780 2405
780 2415
790 896
790 906
790 916
790 926
790 2345
790 2355
790 2365
790 2375
790 2385
795 861
795 871
795 881
795 2315
795 2325
795 2335
805 806
805 816
805 826
805 836
805 846
805 856
805 2225
805 2235
805 2245
805 2255
805 2265
805 2275
805 2285
805 2295
805 2305
815 736
815 746
815 756
815 766
815 776
815 786
815 796
815 2210
815 2220
820 676
820 686
820 696
820 706
820 716
820 726
820 2175
820 2185
820 2195
830 631
830 641
830 651
830 661
830 671
830 2115
830 2125
830 2135
830 2145
830 2155
830 2165
835 591
835 601
835 611
835 621
835 2065
835 2075
835 2085
835 2095
835 2105
845 541
845 551
845 561
845 571
845 581
845 2010
845 2020
845 2030
845 2040
845 2050
845 2060
855 526
855 536
855 1890
855 1900
855 1910
855 1920
855 1930
855 1940
855 1950
855 1960
855 1970
855 1980
855 1990
855 2000
860 436
860 446
860 456
860 466
860 511
860 1800
860 1810
860 1820
860 1830
860 1840
860 1850
860 1860
860 1870
860 1880
865 475
870 366
870 376
870 386
870 396
870 406
870 416
870 426
870 484
870 501
870 1705
870 1715
870 1725
870 1735
870 1745
870 1755
870 1765
870 1775
870 1785
870 1795
875 261
875 271
875 281
875 291
875 301
875 311
875 321
875 331
875 341
875 351
875 1615
875 1625
875 1635
875 1645
875 1655
875 1665
875 1675
875 1685
875 1695
885 186
885 196
885 206
885 216
885 226
885 236
885 246
885 256
885 1585
885 1595
885 1605
895 171
895 181
895 955
895 965
895 975
895 985
895 995
895 1520
895 1530
895 1540
895 1550
895 1560
895 1570
895 1580
896 1005
900 915
900 925
900 935
900 945
900 1480
900 1490
900 1500
900 1510
903 165
906 1005
910 156
910 885
910 895
910 905
910 1425
910 1435
910 1445
910 1455
910 1465
910 1475
915 1000
920 155
920 830
920 840
920 850
920 860
920 870
920 880
920 991
920 1375
920 1385
920 1395
920 1405
920 1415
925 146
925 755
925 765
925 775
925 785
925 795
925 805
925 815
925 1320
925 1330
925 1340
925 1350
925 1360
930 990
935 145
935 695
935 705
935 715
935 725
935 735
935 745
935 981
935 1120
935 1130
935 1140
935 1150
935 1160
935 1170
935 1180
935 1190
935 1200
935 1210
935 1220
935 1230
935 1240
935 1250
935 1260
935 1270
935 1280
935 1290
935 1300
935 1310
940 650
940 660
940 670
940 680
940 1110
943 975
945 145
950 500
950 610
950 620
950 630
950 640
950 966
950 1100
951 510
955 145
960 154
960 490
960 515
960 565
960 575
960 585
960 595
960 605
960 956
960 1100
961 525
965 475
965 535
965 545
965 555
968 950
969 1095
970 155
975 164
975 450
975 460
975 470
975 941
975 1085
980 390
980 400
980 410
980 420
980 430
980 440
980 926
983 170
985 1085
990 178
990 285
990 295
990 305
990 315
990 325
990 335
990 345
990 355
990 365
990 375
990 385
990 911
990 921
994 1080
998 185
1000 195
1000 205
1000 215
1000 225
1000 235
1000 245
1000 255
1000 265
1000 275
1000 901
1000 1070
1005 1060
1008 895
1015 876
1015 886
1015 1060
1020 861
1024 1055
1030 856
1030 1045
1040 836
1040 846
1040 1040
1045 821
1045 1030
1055 796
1055 806
1055 816
1055 1020
1060 781
1060 1005
1070 766
1070 776
1070 1000
1080 741
1080 751
1080 761
1080 980
1080 990
1085 711
1085 721
1085 731
1089 975
1095 676
1095 686
1095 696
1095 706
1095 965
1100 636
1100 646
1100 656
1100 666
1100 950
1110 591
1110 601
1110 611
1110 621
1110 631
1110 935
1110 945
1120 371
1120 381
1120 391
1120 401
1120 411
1120 421
1120 431
1120 441
1120 451
1120 461
1120 471
1120 481
1120 491
1120 501
1120 511
1120 521
1120 531
1120 541
1120 551
1120 561
1120 571
1120 581
1120 915
1120 925
1125 276
1125 286
1125 296
1125 306
1125 316
1125 326
1125 336
1125 346
1125 356
1129 910
1135 171
1135 181
1135 191
1135 201
1135 211
1135 221
1135 231
1135 241
1135 251
1135 261
1135 271
1135 895
1140 156
1140 875
1140 885
1150 141
1150 151
1150 860
1150 870
1160 131
1160 845
1160 855
1165 830
1168 125
1175 815
1175 825
1178 124
1180 790
1180 800
1183 115
1190 765
1190 775
1190 785
1193 115
1200 735
1200 745
1200 755
1203 115
1205 700
1205 710
1205 720
1213 115
1215 660
1215 670
1215 680
1215 690
1216 125
1225 610
1225 620
1225 630
1225 640
1225 650
1226 125
1230 395
1230 405
1230 415
1230 425
1230 435
1230 445
1230 455
1230 465
1230 475
1230 485
1230 495
1230 505
1230 515
1230 525
1230 535
1230 545
1230 555
1230 565
1230 575
1230 585
1230 595
1235 130
1240 139
1240 305
1240 315
1240 325
1240 335
1240 345
1240 355
1240 365
1240 375
1240 385
1245 148
1245 225
1245 235
1245 245
1245 255
1245 265
1245 275
1245 285
1245 295
1253 155
1255 165
1255 175
1255 185
1255 195
1255 205
1255 215
