895 556
895 566
895 576
895 586
895 596
895 606
895 616
895 626
900 501
900 511
900 521
900 531
900 541
900 635
900 645
900 655
900 665
900 675
900 685
900 695
900 705
900 715
900 725
900 735
900 745
900 755
900 765
900 775
900 785
900 806
900 816
900 826
900 836
900 846
900 856
900 866
900 876
900 886
900 896
900 906
900 916
900 926
900 936
900 946
900 956
900 966
903 795
905 476
905 486
905 975
910 456
910 466
911 983
915 416
915 426
915 436
915 446
919 990
920 396
920 406
925 376
925 386
928 995
930 361
935 351
938 995
943 344
948 995
953 339
958 999
963 335
965 570
965 580
965 590
965 600
965 610
967 1004
970 515
970 525
970 535
970 545
970 555
970 619
970 629
970 639
970 649
970 659
970 669
970 679
970 689
970 699
970 709
970 719
970 729
970 739
970 749
970 759
970 769
973 335
975 490
975 500
975 778
977 1005
980 470
980 480
982 340
985 430
985 440
985 450
985 460
985 780
987 1009
989 348
990 410
990 420
995 356
995 390
995 400
995 780
996 1014
1000 365
1000 375
1005 780
1006 1015
1015 780
1015 1010
1015 1836
1015 1846
1015 1856
1015 1866
1015 1876
1015 1886
1015 1896
1015 1906
1015 1916
1015 1926
1015 1936
1015 1946
1015 1956
1015 1966
1015 1976
1019 1986
1020 1791
1020 1801
1020 1811
1020 1821
1024 1995
1025 783
1025 1010
1025 1756
1025 1766
1025 1776
1030 1721
1030 1731
1030 1741
1030 2003
1034 788
1034 1015
1035 1676
1035 1686
1035 1696
1035 1706
1038 2009
1040 636
1040 646
1040 656
1040 666
1040 676
1040 686
1040 696
1040 706
1040 716
1040 726
1040 736
1040 746
1040 1066
1040 1076
1040 1086
1040 1096
1040 1106
1040 1116
1040 1126
1040 1136
1040 1146
1040 1156
1040 1166
1040 1176
1040 1186
1040 1196
1040 1206
1040 1651
1040 1661
1043 1020
1044 756
1044 788
1044 1216
1045 566
1045 576
1045 586
1045 596
1045 606
1045 616
1045 626
1045 766
1045 776
1045 1036
1045 1046
1045 1056
1045 1226
1045 1236
1045 1616
1045 1626
1045 1636
1047 2014
1050 536
1050 546
1050 556
1050 1245
1050 1581
1050 1591
1050 1601
1053 1255
1055 526
1055 1265
1055 1546
1055 1556
1055 1566
1057 2015
1060 516
1060 1274
1060 1511
1060 1521
1060 1531
1061 1284
1065 451
1065 461
1065 471
1065 481
1065 491
1065 501
1065 1294
1065 1476
1065 1486
1065 1496
1067 2015
1070 441
1070 1303
1070 1313
1070 1323
1070 1333
1070 1343
1070 1411
1070 1421
1070 1431
1070 1441
1070 1451
1070 1461
1075 1352
1075 1362
1075 1372
1075 1382
1075 1392
1075 1402
1077 2015
1078 434
1086 2010
1088 429
1095 2005
1098 425
1103 1998
1108 425
1109 1990
1110 650
1110 660
1110 670
1110 680
1110 690
1110 700
1110 710
1110 720
1110 730
1110 740
1110 750
1115 575
1115 585
1115 595
1115 605
1115 615
1115 625
1115 635
1115 759
1115 769
1117 430
1118 1985
1120 545
1120 555
1120 565
1120 778
1120 800
1121 810
1124 438
1125 525
1125 535
1125 787
1127 1979
1130 446
1130 515
1131 810
1135 455
1135 465
1135 475
1135 485
1135 495
1135 505
1135 1965
1140 815
1140 1925
1140 1935
1140 1945
1140 1955
1145 1870
1145 1880
1145 1890
1145 1900
1145 1910
1148 821
1150 1795
1150 1805
1150 1815
1150 1825
1150 1835
1150 1845
1150 1855
1155 1755
1155 1765
1155 1775
1155 1785
1158 820
1160 1590
1160 1725
1160 1735
1160 1745
1165 1599
1165 1680
1165 1690
1165 1700
1165 1710
1168 820
1168 1583
1170 1608
1170 1618
1170 1628
1170 1638
1170 1648
1170 1658
1170 1668
1175 1570
1177 825
1180 1040
1180 1050
1180 1060
1180 1070
1180 1080
1180 1090
1180 1100
1180 1110
1180 1120
1180 1130
1180 1140
1180 1150
1180 1160
1180 1170
1180 1180
1180 1190
1180 1200
1180 1210
1180 1220
1180 1230
1180 1240
1180 1250
1180 1260
1180 1270
1180 1280
1180 1290
1180 1300
1180 1310
1180 1320
1180 1330
1180 1530
1180 1540
1180 1550
1180 1560
1185 1339
1185 1485
1185 1495
1185 1505
1185 1515
1186 830
1189 1045
1190 1348
1190 1358
1190 1368
1190 1378
1190 1388
1190 1398
1190 1408
1190 1418
1190 1428
1190 1438
1190 1448
1190 1458
1190 1468
1195 756
1195 766
1195 776
1195 786
1195 796
1195 806
1195 816
1199 1045
1200 746
1205 726
1205 736
1208 1040
1210 716
1215 671
1215 681
1215 691
1215 701
1218 1040
1220 661
1225 631
1225 641
1225 1048
1228 654
1230 621
1235 601
1235 611
1235 1051
1240 591
1245 571
1245 581
1245 1055
1250 561
1255 496
1255 506
1255 516
1255 526
1255 536
1255 546
1255 1050
1260 486
1264 1055
1265 755
1265 765
1265 775
1265 785
1265 795
1265 805
1265 815
1265 825
1266 835
1268 479
1270 720
1270 745
1270 845
1270 855
1271 865
1273 1060
1275 729
1278 474
1278 713
1280 665
1280 860
1282 1065
1283 703
1285 674
1285 684
1288 470
1288 658
1290 860
1292 1064
1293 648
1295 630
1298 470
1299 865
1300 620
1302 1064
1305 600
1305 610
1307 475
1308 870
1310 590
1310 1070
1314 483
1315 570
1315 580
1318 870
1319 1075
1320 491
1320 560
1325 500
1325 510
1325 520
1325 530
1325 540
1325 550
1328 870
1329 1075
1338 870
1339 1075
1347 875
1349 1075
1357 875
1358 1080
1366 870
1367 1085
1370 826
1370 836
1370 846
1370 856
1375 811
1377 1089
1380 781
1380 791
1380 801
1385 731
1385 741
1385 751
1385 761
1385 771
1387 1090
1390 706
1390 716
1395 686
1395 696
1397 1089
1400 666
1400 676
1405 516
1405 526
1405 536
1405 546
1405 556
1405 646
1405 656
1407 1084
1410 506
1410 565
1410 575
1410 585
1410 595
1410 605
1410 615
1410 625
1410 635
1415 421
1415 431
1415 441
1415 451
1415 461
1415 471
1415 481
1415 491
1415 1075
1420 411
1420 1065
1425 1040
1425 1050
1428 404
1430 895
1430 905
1430 915
1430 925
1430 935
1430 945
1430 955
1430 965
1430 975
1430 985
1430 995
1430 1005
1430 1015
1430 1025
1435 885
1438 399
1440 845
1440 855
1440 865
1440 875
1445 825
1445 835
1448 395
1450 795
1450 805
1450 815
1455 745
1455 755
1455 765
1455 775
1455 785
1458 395
1460 715
1460 725
1460 735
1465 695
1465 705
1467 400
1470 675
1470 685
1474 408
1475 515
1475 525
1475 535
1475 545
1475 655
1475 665
1480 416
1480 505
1480 554
1480 564
1480 574
1480 584
1480 594
1480 604
1480 614
1480 624
1480 634
1480 644
1485 425
1485 435
1485 445
1485 455
1485 465
1485 475
1485 485
1485 495
