424 1002
424 1012
424 1022
424 1032
424 1042
429 987
429 1051
434 972
434 1060
439 952
439 962
443 1065
444 942
452 934
453 1065
457 924
462 1070
466 919
472 1070
474 912
481 1075
482 904
489 1081
492 899
496 1089
502 894
504 1095
510 1103
512 889
520 1107
522 884
529 1112
532 884
539 1115
542 879
548 1120
552 879
558 1120
561 874
567 1125
569 867
576 1130
579 862
586 1130
589 859
596 1130
599 859
604 822
604 832
604 842
605 1135
609 807
614 797
615 1135
624 792
625 1135
634 787
635 1135
644 782
644 1140
654 779
654 1140
663 774
663 1145
673 774
673 1145
682 769
682 1150
692 764
692 1150
702 764
702 1150
711 759
712 1150
721 755
722 1154
731 754
732 1155
740 749
742 1155
750 749
751 1160
760 749
761 1160
770 749
770 1165
779 542
779 552
780 749
780 1165
787 534
787 559
790 749
790 1165
795 526
796 564
800 749
800 1165
805 521
806 568
809 1170
810 749
815 516
816 570
819 1170
820 749
825 514
825 575
829 744
829 1170
835 514
835 577
839 744
839 1170
845 511
845 580
848 1175
849 744
855 509
855 580
858 739
858 1175
865 509
865 582
868 739
868 1175
875 509
875 585
878 739
878 1175
879 697
879 707
879 717
879 727
884 677
884 687
885 509
885 585
888 1175
889 595
889 605
889 615
889 625
889 635
889 645
889 655
889 665
895 509
898 1175
899 417
899 427
899 437
899 447
899 457
904 466
904 476
904 504
907 409
908 1175
909 485
909 495
916 404
918 1175
926 404
928 1175
936 404
938 1175
944 411
948 1175
950 419
950 429
950 439
950 449
950 459
950 469
950 479
950 489
950 499
950 509
950 519
950 529
950 630
950 640
950 650
950 660
950 670
950 680
950 690
950 700
950 710
950 720
950 730
950 740
955 610
955 620
955 749
958 535
958 1175
964 605
965 749
967 540
968 1175
973 600
975 749
977 544
978 1175
982 595
985 749
987 544
988 1175
992 594
994 754
997 544
998 1175
1002 590
1004 754
1007 544
1008 1175
1012 589
1014 754
1017 544
1018 1175
1022 584
1023 759
1027 544
1028 1175
1032 580
1033 759
1037 544
1038 1175
1041 575
1043 759
1047 544
1048 1175
1050 570
1053 759
1057 544
1058 1175
1060 570
1063 760
1067 544
1068 1175
1069 565
1073 764
1077 544
1078 1175
1079 562
1083 765
1084 552
1087 1170
1093 769
1097 1170
1103 770
1106 1165
1113 774
1115 1160
1123 774
1125 1160
1132 779
1135 1155
1142 779
1145 1155
1152 779
1155 1155
1162 779
1165 1150
1172 779
1175 1145
1182 779
1185 1140
1192 779
1195 1140
1202 779
1204 1135
1211 784
1213 1130
1220 789
1223 1128
1230 789
1233 1123
1240 792
1243 1120
1247 800
1250 810
1250 820
1250 830
1250 840
1250 850
1250 860
1250 870
1253 1118
1255 879
1263 1115
1265 882
1273 1113
1275 884
1283 1110
1285 884
1293 1110
1294 889
1302 1105
1304 891
1312 1105
1313 896
1321 1100
1323 899
1331 1100
1332 904
1341 909
1341 1100
1350 914
1350 1095
1359 919
1359 1090
1368 924
1368 1085
1375 932
1377 1079
1382 1069
1383 939
1392 944
1392 1064
1400 1050
1401 949
1405 1040
1409 956
1410 1030
1415 1020
1418 961
1420 1010
1425 969
1425 1000
1430 978
1430 988
