414 992
414 1002
414 1012
414 1022
414 1032
414 1042
414 1052
419 982
419 1061
424 972
424 1070
429 962
429 1079
434 1088
437 954
439 1097
445 946
447 1104
453 939
456 1109
460 931
464 1115
470 926
470 1123
480 921
480 1127
489 1132
490 916
498 909
499 1135
505 901
509 1135
513 894
518 1140
522 889
527 1145
530 881
537 1149
538 874
547 869
547 1150
555 861
557 1150
565 856
567 1150
573 849
576 1155
582 844
586 1155
592 844
596 1158
602 839
606 1160
610 831
615 821
616 1160
623 814
626 1160
630 806
635 1165
638 799
645 1167
647 794
655 1170
657 789
664 1175
667 784
674 1175
677 779
684 1175
687 774
693 1180
697 774
703 1180
706 769
713 1180
716 765
722 1185
726 764
732 1185
735 759
742 1185
745 756
752 1185
755 754
761 1190
764 749
771 1190
774 749
779 547
781 1190
783 744
784 556
787 539
791 1193
793 744
794 560
797 534
801 1195
803 744
804 560
807 534
811 1195
813 744
814 560
817 529
821 1195
823 744
824 560
827 529
831 1195
833 744
834 560
837 529
841 1195
843 744
844 560
846 524
851 1195
853 565
853 744
856 524
861 1195
863 565
863 744
866 524
869 717
869 727
870 573
871 1195
874 702
875 582
876 524
879 417
879 427
879 677
879 687
881 1195
884 407
884 436
884 587
884 657
884 667
886 520
889 445
889 455
889 465
889 475
889 485
889 495
889 505
889 596
889 606
889 616
889 626
889 636
889 646
891 1195
892 399
901 1195
902 394
911 1195
912 394
921 1195
922 394
931 399
931 1195
935 409
940 418
941 1195
945 427
945 437
950 446
950 456
951 1195
955 465
955 475
955 485
955 495
957 505
960 600
960 610
960 620
960 630
961 1195
962 514
962 640
965 650
965 660
965 670
965 680
965 690
967 700
969 522
969 595
970 710
970 720
970 730
970 740
971 1195
975 749
977 589
979 524
981 1195
985 749
987 584
989 524
991 1195
995 749
997 579
999 524
1001 1195
1005 749
1007 575
1009 524
1011 1195
1015 749
1016 570
1019 524
1021 1195
1025 749
1026 570
1029 526
1031 1195
1035 565
1035 749
1039 529
1041 1195
1044 754
1045 560
1049 529
1051 1195
1054 754
1055 555
1059 529
1061 1195
1064 756
1065 550
1067 535
1071 1195
1074 759
1081 1195
1084 759
1091 1195
1094 759
1101 1195
1104 761
1111 1195
1113 766
1120 1190
1123 770
1130 1190
1133 774
1140 1190
1143 775
1150 1190
1153 779
1160 1185
1163 779
1170 1185
1173 780
1179 1180
1183 784
1189 1177
1193 784
1199 1172
1203 785
1209 1167
1213 789
1219 1162
1223 790
1229 1157
1230 798
1235 807
1235 817
1239 827
1239 1152
1240 837
1249 1147
1250 839
1259 844
1259 1142
1267 1135
1268 849
1276 1130
1277 854
1285 1125
1286 859
1294 866
1295 1120
1303 871
1303 1113
1310 1105
1313 875
1320 883
1320 1100
1328 889
1330 1095
1337 894
1338 1088
1346 899
1348 1083
1353 1073
1355 904
1363 1068
1365 907
1370 1060
1374 912
1380 1055
1382 919
1390 1055
1391 924
1399 931
1399 1050
1405 939
1408 1045
1415 942
1417 1039
1420 951
1425 960
1427 1034
1430 969
1432 1024
1435 978
1437 1014
1440 987
1440 997
