34 322
34 332
39 312
39 341
44 302
44 350
50 358
52 294
58 365
60 286
67 370
68 279
77 274
77 374
86 269
86 379
94 257
96 383
104 252
105 388
114 249
115 392
124 247
124 397
129 237
134 227
134 400
143 405
144 222
152 410
154 217
162 410
164 212
171 415
174 209
181 415
184 207
191 415
194 204
200 420
204 202
210 420
214 97
214 199
219 106
220 420
224 92
224 199
229 110
230 420
233 194
234 89
239 110
240 420
243 194
244 87
247 184
249 110
250 420
252 174
254 84
257 164
259 110
259 120
259 130
259 140
259 150
260 420
264 32
264 42
264 52
264 62
264 72
264 82
270 420
272 24
280 420
281 29
285 39
290 48
290 58
290 420
295 67
300 76
300 130
300 140
300 150
300 420
305 120
305 159
305 169
306 84
310 178
310 420
315 89
315 120
318 184
320 420
325 89
325 115
328 185
330 420
335 89
335 110
338 189
340 420
345 89
345 105
348 190
350 420
355 92
355 102
358 194
360 420
368 195
370 420
378 199
380 420
387 204
390 420
397 204
399 415
406 209
409 415
416 209
419 415
426 209
428 410
435 214
437 405
440 223
440 233
446 400
448 239
455 395
457 244
465 390
466 249
475 254
475 385
483 378
485 257
489 267
493 373
499 271
503 281
503 368
513 285
513 363
520 293
520 355
528 299
528 348
530 330
535 307
535 317
