409 952
409 962
409 972
414 942
414 981
414 991
414 1001
419 1010
422 934
422 1020
427 1029
430 926
431 1039
436 1048
440 921
440 1058
448 1065
450 919
455 1073
459 914
465 1077
468 909
474 1082
477 904
484 1085
487 899
493 1090
497 894
500 1098
506 889
510 1102
514 882
519 1107
524 877
529 1110
534 872
538 1115
544 867
547 1120
554 864
557 1120
563 859
567 1124
573 859
577 1125
582 854
586 1130
589 807
589 817
589 827
589 837
596 1130
597 799
606 794
606 1130
616 794
616 1133
625 789
626 1135
634 784
636 1135
644 784
645 1140
654 782
655 1142
664 777
664 1147
674 774
674 1150
683 769
684 1150
692 764
693 1155
701 759
702 1160
710 754
712 1160
719 749
722 1160
728 744
732 1164
738 744
742 1165
747 739
752 1165
757 739
762 1165
767 734
772 1165
777 734
782 1165
787 734
792 1165
797 729
799 537
799 547
802 1165
804 556
807 529
807 729
809 565
812 575
812 1165
816 524
817 584
817 729
822 1165
824 592
826 520
827 729
832 599
832 1165
836 519
837 729
841 604
842 1165
845 524
847 729
851 608
852 1165
855 527
857 729
861 610
862 1165
865 529
867 729
871 610
872 1165
875 529
877 729
879 472
879 482
879 492
879 502
879 512
881 613
882 719
882 1165
884 452
884 462
884 623
884 633
884 643
884 653
884 663
884 673
884 683
884 693
884 703
889 437
892 1165
894 427
902 1165
904 422
912 1165
914 419
922 1165
924 419
932 1165
934 419
942 1165
944 421
945 455
945 465
945 475
945 485
945 495
945 505
945 515
945 525
950 429
950 439
950 580
950 590
950 600
950 610
950 620
950 630
950 640
950 650
950 660
950 670
950 680
950 690
950 700
950 710
950 720
952 1165
955 529
955 729
955 739
955 749
960 580
962 1165
964 754
965 529
970 580
972 1165
974 754
975 529
980 580
982 1164
984 754
985 529
990 580
992 1160
994 754
995 529
1000 575
1002 1160
1004 754
1005 529
1010 575
1012 1160
1014 754
1015 529
1019 570
1022 1160
1024 754
1025 526
1029 567
1032 1160
1034 754
1035 524
1039 562
1042 1160
1044 754
1045 527
1049 557
1051 1155
1054 532
1054 754
1059 541
1059 552
1061 1155
1064 754
1071 1155
1074 754
1081 1155
1084 754
1091 1155
1094 754
1101 1155
1104 754
1110 1150
1114 754
1120 1150
1124 754
1129 1145
1134 754
1139 1145
1143 759
1149 1142
1153 760
1159 1140
1163 764
1169 1140
1172 769
1179 1140
1181 774
1188 1135
1191 774
1198 1135
1200 779
1208 1133
1210 782
1218 789
1218 1128
1225 797
1228 1125
1230 806
1230 816
1230 826
1236 834
1237 1120
1246 834
1247 1119
1256 834
1257 1115
1265 839
1266 1110
1275 842
1275 1105
1285 844
1285 1105
1294 849
1294 1100
1302 855
1304 1097
1312 859
1314 1092
1319 867
1324 1090
1327 874
1334 882
1334 1087
1342 889
1344 1085
1351 894
1354 1085
1360 899
1363 1080
1368 905
1372 1075
1375 913
1382 1074
1383 920
1390 928
1392 1069
1398 935
1400 1060
1402 945
1405 1050
1407 954
1410 964
1410 1040
1415 973
1415 1025
1420 982
1420 992
1420 1002
1420 1012
