44 322
44 332
49 312
49 341
54 302
54 350
63 355
64 297
70 363
72 289
80 281
80 365
88 274
89 370
97 269
98 375
105 261
107 380
113 254
117 384
122 249
126 389
129 237
134 227
136 393
144 222
146 395
152 214
156 398
161 209
166 400
170 204
176 400
180 204
186 403
189 199
196 405
198 194
206 408
208 194
214 107
216 410
218 194
219 97
220 115
226 410
228 194
229 92
230 115
236 410
238 194
239 87
240 115
246 410
248 194
249 84
250 115
256 410
258 194
259 47
259 57
259 84
259 120
262 184
264 37
264 66
264 129
264 139
264 149
264 159
264 169
265 415
272 29
275 415
281 24
285 415
291 24
295 34
295 415
300 43
300 53
300 135
300 145
300 155
300 165
305 62
305 72
305 82
305 174
305 184
305 415
308 128
310 193
313 89
315 415
318 123
318 199
323 89
325 415
328 120
328 199
333 89
335 415
337 115
338 199
343 89
345 415
346 110
348 199
353 89
355 415
356 110
357 204
362 94
365 415
367 204
375 415
377 204
385 415
386 209
395 410
396 209
405 214
405 405
415 214
415 405
425 217
425 400
434 222
435 395
444 226
445 236
445 390
448 246
454 254
455 385
464 256
465 380
473 261
475 375
483 264
483 368
493 265
493 363
502 270
503 358
512 274
513 353
521 279
523 348
530 284
530 340
535 293
538 333
540 302
540 312
540 322
