24 312
24 322
24 332
32 304
32 339
39 292
40 345
49 287
49 350
54 277
58 355
62 269
67 360
70 261
77 360
78 254
87 249
87 364
96 244
96 369
105 239
106 370
115 236
116 370
123 229
125 375
127 219
135 375
137 214
144 380
146 209
154 380
156 209
164 380
166 205
173 385
176 204
183 385
186 200
192 390
196 195
202 390
206 194
209 87
212 390
214 96
216 194
219 84
222 394
224 100
225 189
229 84
232 395
234 100
234 184
239 84
242 399
244 100
244 177
249 84
249 152
249 162
250 108
252 400
254 118
254 128
254 138
259 42
259 52
259 62
259 72
259 82
262 400
264 32
272 24
272 400
275 34
280 43
280 53
282 400
285 62
285 72
285 120
285 130
285 140
290 110
290 149
290 159
290 169
290 179
292 404
293 79
295 188
300 105
302 405
303 80
305 189
310 105
312 405
313 84
314 194
320 100
322 405
323 84
324 194
330 100
332 405
333 84
334 194
340 100
342 405
343 85
344 196
352 405
354 199
362 405
364 199
372 405
373 204
382 405
383 204
392 405
393 204
401 400
403 205
411 400
413 209
420 395
423 210
425 220
425 230
430 239
430 390
435 248
440 390
445 252
448 383
455 254
458 378
465 257
468 373
474 262
478 368
484 266
488 363
490 274
495 355
498 280
504 350
505 288
512 344
513 295
517 305
517 334
520 315
