29 312
29 322
29 332
34 302
34 341
39 292
44 345
49 287
50 353
54 277
60 355
64 272
69 360
74 267
78 365
84 262
88 365
94 257
97 370
104 252
107 370
114 249
117 374
123 244
124 232
127 375
129 222
137 214
137 379
146 209
147 380
155 204
157 384
164 199
167 385
173 194
177 389
183 194
186 394
192 189
196 395
202 189
206 395
209 87
212 189
214 96
216 398
217 79
222 189
224 100
226 400
227 74
232 189
234 100
236 400
237 74
239 109
239 119
239 129
239 139
239 149
239 159
239 169
239 179
246 400
247 74
254 32
254 42
254 52
254 62
255 405
262 24
265 405
272 24
275 407
282 24
285 410
290 30
295 39
295 49
295 59
295 69
295 79
295 410
300 120
300 130
300 140
300 150
300 160
300 170
305 79
305 179
305 410
310 115
314 184
315 79
315 410
320 115
323 189
325 79
325 410
330 115
333 189
335 79
335 410
340 115
343 189
345 79
345 410
348 108
353 189
354 84
354 100
355 410
360 92
362 194
365 410
372 194
375 410
382 194
385 405
391 199
395 400
400 204
405 400
410 204
415 395
420 204
425 390
430 207
435 385
439 212
440 222
445 231
445 241
445 251
445 380
451 259
453 373
460 264
460 365
468 358
470 267
475 350
479 272
485 350
489 274
495 345
499 276
503 338
508 281
510 330
515 320
518 285
520 310
525 293
