24 312
29 302
29 321
34 292
34 330
42 284
43 335
50 343
51 279
60 274
60 345
69 262
70 345
79 257
79 350
89 254
89 350
99 252
99 350
109 247
109 350
114 237
119 227
119 350
128 355
129 222
134 212
135 363
144 207
145 367
154 202
154 372
164 199
164 375
174 199
174 375
183 380
184 199
192 385
194 199
202 385
203 194
212 189
212 389
214 82
214 92
222 189
222 390
224 77
224 95
232 184
232 390
233 100
234 74
242 184
242 390
243 100
244 74
252 179
252 390
253 100
254 74
257 169
262 159
262 390
263 100
264 27
264 37
264 74
264 110
264 120
264 130
264 140
269 46
269 56
272 390
274 24
282 390
284 24
290 32
290 42
290 52
290 62
292 390
295 71
295 110
297 120
300 130
300 140
300 150
300 160
301 79
302 390
303 103
305 169
305 179
305 189
311 79
312 390
313 98
313 195
321 79
321 395
323 95
323 199
331 75
331 395
333 93
333 200
341 74
341 395
343 90
343 204
349 81
351 395
353 205
361 395
363 209
371 395
373 210
380 390
383 214
390 390
393 214
400 385
403 214
409 380
413 214
419 380
423 214
428 375
432 219
438 375
440 225
445 234
445 244
447 370
450 253
456 365
460 254
464 357
470 257
474 352
479 262
484 350
489 266
494 347
495 274
504 279
504 342
512 285
514 337
520 292
520 325
525 301
525 311
