29 297
29 307
34 287
34 316
34 326
34 336
34 346
39 277
39 355
45 363
47 269
53 370
56 264
63 370
65 259
72 375
74 254
82 375
83 249
91 380
92 244
100 385
102 244
109 390
112 239
118 395
122 234
127 224
128 395
132 214
137 400
142 209
147 404
152 204
157 405
162 199
167 409
172 199
177 410
182 194
187 410
192 189
197 410
202 189
204 87
204 97
207 410
209 106
212 189
214 82
216 114
217 410
222 189
224 79
226 118
227 410
232 189
234 77
236 120
237 410
242 189
244 74
246 120
247 409
250 181
254 74
254 142
254 152
254 162
256 120
257 405
259 37
259 47
259 57
259 130
264 27
267 405
274 24
277 405
284 24
287 405
294 26
295 36
295 46
295 56
297 405
300 65
305 74
305 125
305 135
305 145
305 155
305 165
305 175
307 185
307 405
310 115
315 74
317 189
317 405
320 110
325 77
327 184
327 405
330 110
335 79
337 184
337 405
340 105
345 79
346 400
347 184
350 88
350 98
356 400
357 184
366 400
367 184
375 395
376 189
385 194
385 395
394 199
394 390
403 204
404 390
412 209
414 390
421 214
424 387
429 221
434 385
438 226
443 235
444 385
447 245
454 385
457 249
463 380
466 254
473 378
475 259
480 370
484 264
489 365
492 270
498 360
502 274
507 354
511 279
512 345
515 289
520 298
521 340
525 307
525 317
525 327
