39 327
39 337
44 307
44 317
44 346
49 355
54 302
54 364
59 292
62 370
69 287
72 374
79 282
82 375
89 277
92 379
99 272
101 384
109 267
111 385
119 262
121 388
129 242
129 252
130 393
134 232
139 222
140 397
149 217
150 400
159 212
160 402
169 209
170 405
179 209
180 407
189 209
190 410
199 209
200 412
209 209
210 415
219 209
220 415
224 107
224 117
229 209
230 415
234 102
234 120
239 207
240 415
244 99
244 120
249 204
249 420
250 128
254 97
258 135
259 197
259 420
264 94
264 143
264 153
264 163
264 173
264 183
269 52
269 420
274 42
274 61
274 71
274 81
274 91
279 32
279 420
289 27
289 420
299 26
299 420
305 34
305 44
305 54
305 64
305 74
305 84
305 140
305 150
305 160
309 420
310 93
310 130
310 169
315 178
318 99
319 420
320 125
323 185
328 100
329 420
330 125
330 193
338 104
338 199
338 425
340 120
347 204
348 104
348 425
350 120
356 209
358 105
358 425
360 115
365 214
368 425
375 214
378 425
385 217
388 425
395 219
398 425
405 222
407 420
415 224
417 420
425 224
426 415
435 224
435 410
443 230
445 405
447 240
450 250
452 260
455 400
460 267
465 400
470 269
475 395
479 274
485 390
489 274
495 385
497 280
505 380
507 284
514 292
515 375
520 365
522 299
525 355
529 307
530 345
535 335
537 314
540 324
