24 292
24 302
29 282
29 311
34 320
37 330
39 277
42 339
46 349
49 272
54 355
59 267
63 360
69 262
72 365
77 254
82 369
86 249
92 370
95 244
102 374
105 241
109 227
112 375
114 217
122 379
124 212
132 380
134 207
142 384
144 204
152 385
154 202
162 389
164 197
172 189
172 390
182 184
182 394
192 184
192 395
202 184
202 395
211 179
212 395
219 82
219 92
221 179
222 395
224 101
229 77
229 110
231 179
232 395
235 118
239 79
241 179
242 395
245 120
249 79
251 179
252 395
254 52
254 62
254 125
254 135
254 145
254 155
254 165
259 42
262 395
264 32
272 24
272 395
282 24
282 395
285 45
285 55
285 65
289 32
290 74
290 105
290 115
290 125
290 135
290 145
290 155
290 165
290 175
290 185
292 395
299 79
300 105
300 189
302 394
309 79
310 105
310 189
312 390
319 79
320 105
320 189
322 390
329 79
329 100
330 189
332 390
337 94
339 81
340 189
342 390
350 189
352 390
360 189
362 390
370 189
372 389
380 192
382 385
389 197
392 384
399 199
402 380
409 201
412 379
418 206
422 375
425 214
425 224
432 374
433 230
442 369
443 234
452 365
453 235
462 240
462 364
472 244
472 359
479 252
482 355
487 259
492 354
496 264
500 274
502 349
508 280
510 340
515 288
518 333
520 297
520 307
520 317
