600 216
600 226
600 236
600 246
600 256
600 266
600 276
605 186
605 196
605 206
606 284
610 176
611 293
618 169
619 300
625 161
625 308
633 314
635 156
636 324
644 330
645 151
650 338
655 146
655 347
660 356
665 145
666 364
674 140
674 370
683 134
683 375
692 380
693 129
701 385
703 125
709 391
712 120
716 399
722 120
724 405
725 1346
725 1356
725 1366
725 1376
725 1386
725 1396
725 1406
725 1416
725 1426
728 415
729 1436
730 1321
730 1331
730 1446
730 1456
732 120
733 424
735 1306
735 1465
736 434
738 1475
740 444
740 1286
740 1296
740 1485
741 454
742 120
743 1495
745 464
745 1271
745 1505
746 474
750 484
750 1261
750 1514
751 494
751 1524
752 120
755 504
755 514
755 1251
755 1534
760 523
760 1241
760 1543
762 120
765 532
765 542
765 1231
765 1552
770 551
770 561
770 571
770 581
770 1221
770 1561
772 120
774 1571
775 590
775 1211
779 1580
780 599
780 609
780 619
780 1201
780 1986
780 1996
781 125
783 1590
784 2006
785 628
785 1971
785 2016
785 2026
785 2036
785 2046
785 2056
785 2066
785 2076
788 1194
788 1599
790 130
790 637
790 647
790 1941
790 1951
790 1961
790 2085
791 1609
793 2095
795 656
795 666
795 676
795 1186
795 1921
795 1931
796 1618
798 2104
799 135
799 686
800 696
800 706
800 716
800 1628
800 1911
801 2114
803 1179
805 725
805 735
805 745
805 1637
805 1891
805 1901
806 2123
808 140
808 755
808 1169
810 765
810 775
810 785
810 1646
810 1866
810 1876
810 2133
811 150
815 794
815 804
815 1161
815 1655
815 2142
818 1859
819 156
820 813
820 823
820 1151
820 1664
820 1836
820 1846
820 2151
825 164
825 832
825 842
825 1673
825 1683
825 1821
825 2160
828 1144
830 173
830 851
830 861
830 1692
830 1806
830 2169
833 1134
835 182
835 870
835 880
835 1701
835 1796
835 2178
839 1711
840 191
840 889
840 899
840 909
840 919
840 1116
840 1126
840 1776
840 1786
840 2187
844 1720
845 200
845 928
845 938
845 948
845 1730
845 1751
845 1761
845 2196
846 210
848 1110
850 957
850 1739
851 2204
855 215
855 966
856 2213
857 1105
859 976
860 2223
863 221
864 985
865 1096
868 995
868 2229
870 229
870 1005
870 1015
870 1025
870 1086
875 2237
876 1033
878 235
878 1079
880 1043
880 1053
880 1063
880 2246
884 243
886 2254
889 252
894 2260
896 260
900 2268
901 269
905 279
908 2274
910 288
910 298
915 307
915 317
916 2280
920 326
920 336
920 346
924 2286
925 355
926 365
930 375
931 385
934 2290
935 395
940 404
940 414
943 2295
945 423
945 433
949 443
950 453
952 2300
954 463
955 473
959 483
960 493
960 503
961 2305
965 512
965 522
971 530
971 2308
975 540
975 550
975 560
975 570
975 580
976 590
980 600
980 610
980 2313
985 619
990 628
990 638
990 648
990 658
990 668
990 2316
994 678
995 688
1000 2320
1003 695
1005 705
1005 715
1005 725
1006 735
1009 2325
1010 745
1010 755
1015 764
1018 2330
1020 773
1020 783
1020 793
1020 803
1025 812
1025 822
1028 2330
1029 832
1030 842
1030 852
1035 861
1035 871
1038 2330
1040 880
1040 890
1041 900
1045 910
1045 920
1048 2334
1050 929
1050 939
1050 949
1055 958
1055 968
1058 2335
1063 975
1066 985
1068 2335
1071 994
1075 1004
1078 2335
1080 1013
1085 1022
1088 2339
1089 1032
1094 1041
1095 1051
1095 1061
1095 1071
1098 2340
1100 1080
1101 1090
1108 2340
1110 1095
1118 2340
1120 1095
1128 2340
1129 1100
1138 1105
1138 2340
1147 1110
1148 2340
1156 1115
1158 2340
1166 1119
1168 2340
1174 1125
1178 2340
1183 1130
1188 2340
1192 1135
1198 2340
1199 1143
1207 2335
1209 1146
1215 1154
1217 2335
1223 1160
1227 2334
1229 1168
1237 1175
1237 2330
1244 1183
1246 2325
1252 1190
1256 1200
1256 2325
1264 1206
1265 2320
1270 1214
1275 1223
1275 2320
1279 1233
1284 1242
1284 2315
1289 1251
1290 1261
1294 2312
1295 1270
1296 1280
1301 1289
1304 2307
1305 1299
1310 1308
1310 1318
1314 1328
1314 2302
1315 1338
1315 1348
1320 1357
1320 1367
1320 1377
1320 1387
1320 1485
1320 1495
1320 1505
1320 1515
1320 1525
1320 1535
1320 1620
1320 1630
1320 1640
1320 1650
1321 1545
1321 1660
1324 2297
1325 1396
1325 1406
1325 1416
1325 1426
1325 1436
1325 1446
1325 1456
1325 1466
1325 1476
1325 1555
1325 1565
1325 1575
1325 1585
1325 1595
1325 1605
1329 1666
1334 2292
1335 1674
1343 1680
1344 2287
1349 1688
1352 2280
1354 1697
1361 1705
1361 2275
1370 1710
1370 2270
1378 1716
1380 2265
1388 1720
1388 2258
1394 1728
1395 2250
1400 1736
1405 2245
1406 1744
1410 2230
1414 1751
1418 2223
1420 1759
1425 1768
1425 2210
1433 1775
1433 2203
1436 1785
1438 2193
1444 1791
1445 2180
1448 1801
1450 2170
1453 1810
1455 2160
1459 1818
1460 2150
1464 1827
1465 1837
1465 2140
1470 1846
1470 2130
1473 1856
1475 1866
1475 2120
1480 1875
1480 2105
1481 1885
1485 1895
1485 2085
1485 2095
1486 1905
1490 1915
1490 2060
1490 2070
1495 1924
1495 1934
1495 1944
1495 1954
1495 1964
1495 1974
1495 1984
1495 1994
1495 2004
1495 2014
1495 2024
1495 2034
1495 2044
