229 97
229 107
229 117
229 127
229 137
229 147
229 157
229 167
229 177
229 187
229 197
229 207
234 87
234 216
239 225
242 79
245 233
250 71
253 240
258 64
262 245
267 59
272 245
277 59
282 249
287 59
292 250
297 59
302 250
307 59
312 250
317 59
321 245
327 59
331 245
336 64
340 240
345 69
348 233
353 75
355 225
360 83
363 218
370 84
373 215
380 84
383 215
389 223
389 233
389 243
389 253
389 263
389 273
389 283
389 293
389 303
389 313
389 323
389 333
389 343
389 353
389 363
389 373
389 383
389 393
389 403
389 413
389 423
389 433
389 443
389 453
389 463
389 473
389 483
389 493
389 503
389 513
389 523
389 533
389 543
389 553
389 563
389 573
389 583
389 593
389 603
389 613
389 623
389 633
389 643
389 653
389 663
389 673
389 683
389 693
389 703
389 713
389 723
389 733
389 743
389 753
389 763
389 773
389 783
389 793
389 803
389 813
389 823
389 833
389 843
389 853
389 863
389 873
389 883
389 893
389 903
389 913
389 923
389 933
389 943
389 953
389 963
389 973
389 983
389 993
389 1003
389 1013
389 1023
389 1033
389 1043
389 1053
389 1063
389 1073
389 1083
389 1093
389 1103
389 1113
389 1123
389 1133
389 1143
389 1153
389 1163
389 1173
389 1183
390 84
394 1192
400 84
402 1199
410 84
412 1200
420 84
422 1200
430 84
432 1200
440 84
442 1200
450 87
452 1199
460 89
460 1190
468 1183
470 89
470 215
470 225
470 235
470 245
470 255
470 265
470 275
470 285
470 295
470 305
470 315
470 325
470 335
470 345
470 355
470 365
470 375
470 385
470 395
470 405
470 415
470 425
470 435
470 445
470 455
470 465
470 475
470 485
470 495
470 505
470 515
470 525
470 535
470 545
470 555
470 565
470 575
470 585
470 595
470 605
470 615
470 625
470 635
470 645
470 655
470 665
470 675
470 685
470 695
470 705
470 715
470 725
470 735
470 745
470 755
470 765
470 775
470 785
470 795
470 805
470 815
470 825
470 835
470 845
470 855
470 865
470 875
470 885
470 895
470 905
470 915
470 925
470 935
470 945
470 955
470 965
470 975
470 985
470 995
470 1005
470 1015
470 1025
470 1035
470 1045
470 1055
470 1065
470 1075
470 1085
470 1095
470 1105
470 1115
470 1125
470 1135
470 1145
470 1155
470 1165
480 89
480 217
490 92
490 220
499 225
500 94
509 99
509 225
519 101
519 225
525 109
525 233
533 115
535 235
540 123
544 240
548 130
554 240
555 138
560 248
563 145
570 153
570 252
577 260
578 160
585 168
587 264
593 175
595 185
595 270
600 194
604 275
608 200
610 210
614 272
615 219
615 229
615 239
615 249
620 258
