52 76
56 64
61 55
62 75
67 47
67 66
73 39
75 58
81 31
83 52
89 25
93 49
94 360
96 340
96 350
98 20
98 204
98 214
98 224
98 234
98 244
98 254
98 264
98 274
98 284
98 294
98 304
98 314
98 324
100 57
100 184
100 194
102 67
103 365
104 77
106 87
106 174
108 20
108 97
110 107
110 117
110 127
110 137
110 147
110 157
113 365
118 20
123 365
128 20
133 365
135 106
135 116
135 126
135 136
135 146
135 156
136 166
137 88
138 20
139 176
141 74
143 365
145 52
145 62
145 184
145 194
147 204
147 214
147 224
147 234
147 244
147 254
147 264
147 274
147 284
147 294
147 304
147 314
147 324
147 334
148 23
149 344
149 354
153 45
158 24
163 45
168 24
173 49
178 20
183 51
188 23
189 33
189 43
