144 122
144 132
144 142
144 152
144 162
144 172
144 182
144 192
144 202
144 212
144 222
144 232
144 242
144 252
144 262
144 272
144 282
144 292
144 302
144 312
144 322
144 332
144 342
144 352
150 360
154 119
160 360
164 119
170 360
174 119
180 360
184 119
190 360
194 119
200 360
204 119
210 360
214 119
220 360
224 119
230 360
234 119
240 360
244 119
250 360
254 119
260 360
264 119
270 360
274 121
275 131
275 340
275 350
281 139
285 340
291 139
295 340
299 350
299 360
299 370
299 380
299 390
299 400
299 410
299 420
299 430
299 440
299 450
299 460
299 470
299 480
299 490
299 500
299 510
299 520
299 530
299 540
299 550
299 560
299 570
299 580
299 590
299 600
299 610
299 620
299 630
299 640
299 650
299 660
299 670
299 680
299 690
299 700
299 710
299 720
299 730
299 740
299 750
299 760
299 770
299 780
299 790
299 800
299 810
299 820
299 830
299 840
299 850
299 860
299 870
299 880
299 890
299 900
299 910
299 920
299 930
299 940
299 950
299 960
299 970
299 980
299 990
299 1000
299 1010
299 1020
299 1030
299 1040
299 1050
299 1060
299 1070
299 1080
299 1090
299 1100
299 1110
299 1120
299 1130
299 1140
299 1150
299 1160
299 1170
299 1180
299 1190
301 139
302 1200
311 139
312 1200
321 139
322 1200
331 139
332 1200
341 139
342 1200
351 139
352 1200
361 139
362 1200
371 139
372 1200
381 139
382 1200
391 139
392 1200
401 139
402 1200
411 139
412 1200
420 144
420 335
420 345
420 355
420 365
420 375
420 385
420 395
420 405
420 415
420 425
420 435
420 445
420 455
420 465
420 475
420 485
420 495
420 505
420 515
420 525
420 535
420 545
420 555
420 565
420 575
420 585
420 595
420 605
420 615
420 625
420 635
420 645
420 655
420 665
420 675
420 685
420 695
420 705
420 715
420 725
420 735
420 745
420 755
420 765
420 775
420 785
420 795
420 805
420 815
420 825
420 835
420 845
420 855
420 865
420 875
420 885
420 895
420 905
420 915
420 925
420 935
420 945
420 955
420 965
420 975
420 985
420 995
420 1005
420 1015
420 1025
420 1035
420 1045
420 1055
420 1065
420 1075
420 1085
420 1095
420 1105
420 1115
420 1125
420 1135
420 1145
420 1155
420 1165
420 1175
420 1185
430 144
430 335
440 147
440 335
449 152
450 335
459 156
460 335
469 159
470 337
479 161
480 340
485 169
490 340
495 172
500 340
503 179
510 342
512 184
520 345
521 189
529 196
530 345
538 201
540 347
548 205
550 350
555 213
560 352
565 217
570 355
572 225
580 232
580 355
587 240
590 357
592 249
599 257
600 360
605 265
607 275
609 365
612 284
619 292
619 365
624 301
628 370
630 309
630 319
635 328
637 375
640 337
644 347
645 357
647 379
650 366
