96 360
98 30
98 40
98 186
98 196
98 206
98 216
98 226
98 236
98 246
98 256
98 266
98 276
98 286
98 296
98 306
98 316
98 326
98 336
98 346
102 50
102 60
104 20
104 70
105 80
105 365
106 170
107 90
108 100
108 110
108 120
108 130
108 140
108 150
108 160
114 20
115 365
124 20
125 365
129 100
129 110
129 120
129 130
129 140
129 150
129 160
131 84
131 170
133 180
134 20
135 365
137 30
139 40
139 188
139 198
139 208
139 218
139 228
139 238
139 248
139 258
139 268
139 278
139 288
139 298
139 308
139 318
139 328
139 338
139 348
141 50
141 81
143 60
143 70
