96 350
96 360
98 28
98 38
98 182
98 192
98 202
98 212
98 222
98 232
98 242
98 252
98 262
98 272
98 282
98 292
98 302
98 312
98 322
98 332
102 48
102 58
102 68
104 20
104 78
105 365
106 88
106 98
106 166
108 108
108 118
108 128
108 138
108 148
114 20
115 365
124 20
125 365
127 128
127 138
128 148
129 90
129 100
129 110
129 158
129 168
131 178
134 21
134 81
135 365
137 31
137 186
139 41
139 196
139 206
139 216
139 226
139 236
139 246
139 256
139 266
139 276
139 286
139 296
139 306
139 316
139 326
139 336
139 346
141 51
141 61
143 71
