82 64
82 74
86 48
90 38
90 81
95 29
98 362
100 81
100 196
100 206
100 216
100 226
100 236
100 246
100 256
100 266
100 276
100 326
100 336
100 346
101 21
102 182
102 286
102 296
102 306
102 316
107 173
108 87
108 97
108 365
110 107
110 117
110 127
110 137
110 147
110 157
111 20
118 365
121 20
128 365
131 20
133 118
133 128
133 138
133 148
135 90
135 100
135 158
135 168
138 178
138 365
139 74
141 20
141 64
143 52
143 187
143 197
143 207
143 217
143 227
143 237
143 247
143 257
143 267
143 277
143 287
143 297
143 307
143 317
143 327
143 337
143 347
145 357
151 22
152 47
157 30
