58 30
58 40
63 21
64 48
73 20
74 51
83 22
83 46
90 358
91 52
92 62
92 72
92 330
92 340
93 20
94 184
94 194
94 204
94 214
94 224
94 234
94 244
94 254
94 264
94 274
94 284
94 294
94 304
94 314
98 80
98 365
99 175
100 90
102 100
102 110
102 120
102 130
102 140
102 150
102 160
103 20
108 365
113 20
118 365
123 20
128 365
129 108
129 118
129 128
129 138
129 148
129 158
131 90
131 168
133 20
134 178
135 74
137 188
138 365
139 60
139 198
139 208
139 218
139 228
139 238
139 248
139 258
139 268
139 278
139 288
139 298
139 308
139 318
139 328
139 338
140 348
143 20
148 65
151 26
154 73
158 34
160 81
164 42
170 50
170 81
175 59
177 69
180 79
