119 147
119 157
119 167
119 177
119 187
119 197
119 207
119 217
119 227
119 237
119 247
119 257
119 267
125 275
129 144
135 275
139 144
139 285
139 295
139 305
139 315
139 325
139 335
139 345
139 355
139 365
139 375
139 385
139 395
139 405
142 415
144 425
144 435
149 144
149 444
154 453
159 144
159 462
159 472
164 481
169 144
169 490
175 498
179 144
180 507
187 515
189 144
192 524
199 144
199 532
204 541
209 144
209 550
214 559
219 144
220 567
227 575
229 144
235 582
239 144
242 590
249 144
252 594
259 144
259 602
269 144
269 605
278 610
279 144
287 615
289 144
296 620
299 144
304 626
309 144
314 630
319 144
323 635
329 144
332 640
335 420
335 430
335 440
335 450
335 460
337 470
339 144
340 275
340 285
340 295
340 480
340 490
340 500
342 510
342 640
345 420
345 520
345 530
347 540
349 144
350 275
350 299
350 550
351 645
352 560
355 420
355 570
355 580
357 590
359 146
360 156
360 166
360 176
360 186
360 196
360 206
360 216
360 226
360 236
360 246
360 256
360 266
360 299
360 600
361 648
365 420
365 609
365 619
370 299
370 628
371 650
375 420
375 637
380 299
385 420
390 299
395 420
400 299
405 420
410 299
415 420
420 299
425 420
430 299
435 420
440 299
445 420
450 299
455 420
460 299
465 420
470 299
475 420
480 299
485 420
490 299
495 420
500 299
505 420
510 299
515 420
520 299
525 420
530 299
535 420
540 299
545 420
550 299
555 420
560 299
565 420
570 299
575 420
580 299
585 420
590 299
595 420
600 299
605 420
610 299
615 420
620 299
625 420
630 299
635 420
640 299
645 420
650 299
655 420
660 299
665 420
670 299
675 420
680 299
685 420
690 299
695 420
700 299
705 420
710 299
715 420
720 299
725 420
730 299
735 420
740 299
745 420
750 299
755 420
760 299
765 420
770 299
775 420
780 299
785 420
790 299
795 420
800 299
805 420
810 299
815 420
820 299
825 420
830 299
835 420
840 299
845 420
850 299
855 420
860 299
865 420
870 299
875 420
880 299
885 420
890 299
895 420
900 299
905 420
910 299
915 420
920 299
925 420
930 299
935 420
940 299
945 420
950 299
955 420
960 299
965 420
970 299
975 420
980 299
985 420
990 299
995 420
1000 299
1005 420
1010 299
1015 420
1020 299
1025 420
1030 299
1035 420
1040 299
1045 420
1050 299
1055 420
1060 299
1065 420
1070 299
1075 420
1080 299
1085 420
1090 299
1095 420
1100 299
1105 420
1110 299
1115 420
1120 299
1125 420
1130 299
1135 420
1140 299
1145 420
1150 299
1155 420
1160 299
1165 420
1170 299
1175 420
1180 299
1185 420
1190 299
1195 420
1200 302
1200 312
1200 322
1200 332
1200 342
1200 352
1200 362
1200 372
1200 382
1200 392
1200 402
