52 72
56 62
61 53
66 63
67 45
73 37
74 55
81 31
84 51
89 25
92 358
94 47
94 336
94 346
96 198
96 208
96 218
96 228
96 238
96 248
96 258
96 268
96 278
96 288
96 298
96 308
96 318
98 20
98 57
98 182
100 67
100 365
104 77
106 87
106 97
106 168
108 20
108 107
108 117
108 127
108 137
108 147
108 157
110 365
118 20
120 365
128 20
130 365
133 100
133 110
133 120
133 130
133 140
133 150
133 160
135 86
135 170
137 180
138 20
139 74
140 365
141 62
143 50
143 188
145 198
145 208
145 218
145 228
145 238
145 248
145 258
145 268
145 278
145 288
145 298
145 308
145 318
145 328
147 338
147 348
148 24
148 358
152 45
158 24
162 45
168 22
171 50
178 20
181 51
187 25
187 35
