78 70
78 80
80 60
84 48
88 38
88 81
94 28
98 81
100 352
100 362
102 20
102 186
102 196
102 206
102 216
102 226
102 236
102 246
102 256
102 266
102 276
102 286
102 296
102 306
102 316
102 326
102 336
106 176
108 84
110 94
110 104
110 114
110 124
110 148
110 158
110 365
112 20
112 134
120 365
122 20
130 365
132 20
135 110
135 120
135 130
135 140
135 150
135 160
137 90
137 100
137 170
140 180
140 365
141 74
142 20
143 190
145 52
145 62
145 200
145 210
145 220
145 230
145 240
145 250
145 260
145 270
145 280
145 290
145 300
145 310
145 320
145 330
145 340
145 350
152 20
155 49
161 25
162 41
