66 30
66 40
72 22
72 48
82 20
82 51
92 23
92 48
92 362
94 58
94 338
94 348
95 68
96 186
96 196
96 206
96 216
96 226
96 236
96 246
96 256
96 266
96 276
96 286
96 296
96 306
96 316
96 326
100 77
100 176
102 20
102 87
102 365
104 97
104 107
104 117
104 148
104 158
106 127
106 137
112 20
112 365
122 20
122 365
131 102
131 112
131 122
131 132
131 142
131 152
131 162
132 20
132 365
133 88
133 172
137 74
138 181
139 191
139 201
141 211
141 221
141 231
141 241
141 251
141 261
141 271
141 281
141 291
141 301
141 311
141 321
141 331
141 341
141 351
142 20
142 365
146 79
150 27
156 81
157 35
163 43
166 81
168 52
172 62
175 72
