82 28
82 38
87 47
90 20
94 352
94 362
96 52
96 62
96 184
96 194
96 204
96 214
96 224
96 234
96 244
96 254
96 264
96 274
96 284
96 294
96 304
96 314
96 324
96 334
98 72
100 20
101 82
102 170
104 92
104 102
104 112
104 122
104 152
104 365
106 132
106 142
110 20
114 365
120 20
124 365
129 100
129 110
129 120
129 130
129 140
129 150
129 160
130 20
131 86
131 170
133 180
134 365
137 190
137 200
137 264
137 274
137 284
137 294
137 304
137 314
137 324
139 210
139 220
139 230
139 240
139 250
139 334
139 344
139 354
140 23
140 81
145 32
149 42
150 81
153 52
155 62
157 72
