52 72
56 62
57 81
61 53
64 73
67 45
70 65
73 37
78 57
81 31
86 51
89 25
94 356
96 48
96 330
96 340
98 20
98 58
98 192
98 202
98 212
98 222
98 232
98 242
98 252
98 262
98 272
98 282
98 292
98 302
98 312
99 365
100 68
100 182
103 78
106 88
106 168
108 20
108 98
108 108
108 118
108 128
108 138
108 148
108 158
109 365
118 20
119 365
128 20
129 365
135 98
135 108
135 118
135 128
135 138
135 148
135 158
136 168
137 86
138 20
139 178
139 365
141 74
144 187
145 48
145 58
145 197
145 207
145 217
145 227
145 237
145 247
145 257
145 267
145 277
145 287
145 297
145 307
145 317
147 327
147 337
147 347
148 23
149 357
155 45
158 24
165 45
168 22
173 51
178 20
183 50
187 25
187 40
