98 196
98 206
98 216
98 226
98 236
98 246
98 256
98 266
98 336
98 346
98 356
100 70
100 182
100 276
100 286
100 296
100 306
100 316
100 326
101 80
102 40
102 50
102 60
103 365
104 24
108 88
108 168
110 98
110 108
110 118
110 128
110 138
110 148
110 158
113 365
114 20
123 365
124 20
129 98
129 108
129 118
129 128
129 138
129 148
129 158
130 168
131 82
132 178
133 365
134 23
135 33
137 43
137 53
137 63
139 73
139 186
139 276
139 286
139 296
139 306
139 316
139 326
141 196
141 206
141 216
141 226
141 236
141 246
141 256
141 266
141 336
141 346
141 356
