68 74
70 64
74 52
76 81
79 43
85 35
86 81
91 27
96 81
98 352
98 362
99 20
100 194
100 204
100 214
100 224
100 234
100 244
100 254
100 264
100 274
100 284
100 294
100 304
100 314
100 324
100 334
102 182
104 74
106 84
106 172
108 94
108 104
108 160
108 365
109 20
110 114
110 124
110 134
110 144
118 365
119 20
128 365
129 20
135 106
135 116
135 126
135 136
135 146
135 156
136 166
137 88
138 365
139 20
139 176
141 74
143 186
143 196
145 54
145 64
145 206
145 216
145 226
145 236
145 246
145 256
145 266
145 276
145 286
145 296
145 306
145 316
145 326
145 336
145 346
145 356
149 20
155 51
159 20
165 48
168 25
170 39
