74 352
74 362
74 372
79 317
79 337
79 381
84 282
84 292
84 302
84 326
84 390
84 407
84 417
84 427
89 436
94 277
96 444
104 274
106 445
114 274
115 450
123 279
125 450
133 280
135 445
140 425
140 435
143 284
145 400
145 410
152 289
154 395
155 299
155 325
155 335
160 308
160 344
164 395
170 347
173 400
180 349
183 400
190 349
193 400
200 349
202 405
210 349
212 405
220 347
222 405
230 344
232 405
240 344
242 405
250 344
252 405
259 339
262 409
269 339
272 410
279 339
282 410
288 334
292 410
297 329
302 410
307 329
312 414
317 329
322 410
327 329
332 410
337 329
342 410
347 324
352 410
357 324
362 409
367 324
372 405
377 324
382 405
387 319
392 405
397 319
402 405
407 319
411 400
417 319
421 400
426 314
430 395
436 314
440 395
446 314
449 390
456 314
459 390
466 314
468 385
476 314
477 380
486 314
487 379
495 309
497 374
505 309
507 370
515 309
516 365
525 306
525 360
535 307
535 360
543 353
545 309
553 315
553 348
555 335
557 325
