209 122
209 132
214 112
217 139
222 104
224 147
232 104
232 154
239 162
242 104
245 170
251 178
252 104
259 185
260 110
262 120
265 193
270 127
273 200
277 135
280 208
282 144
288 215
289 152
294 223
295 233
297 159
300 169
303 240
310 172
312 245
314 182
320 252
322 189
327 260
329 197
335 205
335 267
339 277
340 214
347 284
348 220
351 294
355 228
355 238
359 300
362 310
363 244
372 249
372 314
375 259
379 322
383 265
384 331
387 275
391 339
394 349
395 282
395 292
399 417
399 427
399 437
400 357
402 300
404 367
404 446
407 309
409 412
412 374
414 317
414 450
416 384
419 326
419 409
424 390
424 450
428 331
429 399
429 409
432 444
435 339
440 348
440 435
445 357
450 366
450 435
460 367
460 435
469 430
470 366
477 424
478 359
487 419
488 359
495 410
497 354
504 405
507 354
510 395
514 362
518 388
520 370
