129 342
134 332
134 351
141 359
142 324
147 314
149 365
155 306
158 370
159 292
164 282
168 368
172 274
178 363
181 269
185 355
190 345
191 265
195 335
199 257
204 242
204 330
210 338
212 234
218 345
222 234
227 350
230 280
231 229
232 290
235 357
237 299
239 275
240 234
242 365
246 304
247 269
248 240
250 250
252 369
254 311
259 377
263 316
267 384
270 324
274 392
279 329
282 399
287 335
289 407
295 342
297 414
303 349
306 419
312 354
314 425
321 359
323 430
330 364
330 438
338 370
340 442
347 375
347 450
355 382
357 454
364 387
366 459
372 394
376 463
381 399
385 468
390 404
395 470
399 409
404 475
408 414
413 480
417 419
423 480
426 424
432 485
435 429
442 489
445 432
452 490
454 437
461 495
464 439
471 495
473 444
480 500
482 449
490 502
491 454
500 459
500 505
510 459
510 507
519 464
519 512
528 469
529 515
537 474
538 510
545 480
547 490
547 504
