92 68
92 78
94 54
96 44
100 30
100 356
102 81
102 184
102 194
102 204
102 214
102 224
102 234
102 244
102 254
102 264
102 274
102 284
102 294
102 304
102 314
102 324
102 334
102 344
104 20
105 365
108 174
110 88
110 98
110 164
111 108
112 118
112 128
112 138
112 148
114 20
115 365
124 20
125 365
133 104
133 114
133 124
133 134
133 144
133 154
133 164
134 20
135 86
135 365
136 174
137 76
139 62
141 48
141 183
143 193
143 203
143 213
143 223
143 233
143 243
143 253
143 263
143 273
143 283
143 293
143 303
143 313
143 323
143 333
143 343
143 353
144 23
145 363
147 40
