86 30
87 40
92 22
93 48
94 360
96 188
96 198
96 208
96 218
96 228
96 238
96 248
96 258
96 268
96 278
96 288
96 298
96 308
96 318
96 328
96 338
96 348
98 57
98 67
100 77
102 20
102 87
102 174
103 365
104 97
106 107
106 117
106 127
106 137
106 147
106 157
112 20
113 365
122 20
123 365
129 96
129 106
129 116
129 126
129 136
129 146
129 156
129 166
131 84
132 20
132 176
133 365
137 185
137 195
137 262
137 272
137 282
137 292
137 302
137 312
137 322
137 332
139 205
139 215
139 225
139 235
139 245
139 342
139 352
140 27
141 81
145 36
147 46
149 56
151 66
151 81
