54 74
58 62
62 81
63 53
69 45
71 76
75 37
76 67
82 59
83 29
90 53
91 23
96 354
96 364
98 314
98 324
98 334
98 344
99 58
100 68
100 186
100 196
100 206
100 216
100 226
100 236
100 246
100 256
100 266
100 276
100 286
100 296
101 20
104 78
105 177
106 365
107 88
108 98
108 166
110 108
110 118
110 128
110 138
110 148
111 20
116 365
121 20
126 365
131 20
136 365
137 100
137 110
137 120
137 130
137 140
137 150
137 160
139 86
139 170
141 20
142 180
143 74
145 190
146 365
147 52
147 62
147 200
147 210
147 220
147 230
147 240
147 250
147 260
147 270
147 280
147 290
147 300
147 310
147 320
147 330
149 340
149 350
151 24
155 45
161 24
165 47
171 20
175 51
181 20
185 44
187 28
