96 64
96 74
98 48
98 360
100 36
100 186
100 196
100 206
100 216
100 226
100 236
100 246
100 256
100 266
100 276
100 286
100 296
100 306
100 316
100 326
100 336
100 346
104 20
104 81
107 365
108 91
108 170
110 101
110 111
110 121
110 131
110 141
110 151
114 20
117 365
124 20
127 365
131 98
131 108
131 118
131 128
131 138
131 148
131 158
132 168
133 84
134 20
135 68
135 178
137 46
137 56
137 365
140 28
141 186
141 196
141 206
141 216
141 226
141 236
141 246
141 256
141 266
141 276
141 286
141 296
141 306
141 316
141 326
141 336
141 346
143 356
