54 72
58 60
59 81
64 50
69 81
70 42
75 72
78 34
81 62
86 26
89 54
94 20
94 360
96 336
96 346
98 59
98 69
98 194
98 204
98 214
98 224
98 234
98 244
98 254
98 264
98 274
98 284
98 294
98 304
98 314
98 324
100 182
102 79
103 365
104 20
104 172
106 89
106 99
108 109
108 119
108 129
108 139
108 149
108 159
113 365
114 20
123 365
124 20
133 365
134 20
135 104
135 114
135 124
135 134
135 144
135 154
135 164
137 88
139 174
141 74
143 184
143 365
144 20
145 56
145 194
145 204
145 214
145 224
145 234
145 244
145 254
145 264
145 274
145 284
145 294
145 304
145 314
145 324
145 334
147 46
147 344
147 354
154 24
157 45
164 20
165 51
174 20
175 51
182 26
183 40
