96 76
98 52
98 62
100 40
100 194
100 204
100 214
100 224
100 234
100 244
100 254
100 264
100 334
100 344
100 354
100 364
101 274
102 30
102 182
102 284
102 294
102 304
102 314
102 324
105 81
106 20
108 172
110 90
110 100
110 110
110 158
110 365
112 120
112 130
112 140
116 20
120 365
126 20
130 365
131 108
131 118
131 128
131 138
131 148
131 158
133 86
133 96
133 168
135 76
135 178
136 20
137 58
139 44
140 365
141 29
141 186
141 196
141 256
141 266
141 276
141 286
141 296
141 306
141 316
141 326
141 336
143 206
143 216
143 226
143 236
143 246
143 346
