92 64
92 74
94 50
98 34
100 81
100 350
100 360
102 24
102 182
102 192
102 202
102 212
102 222
102 232
102 242
102 252
102 262
102 272
102 282
102 292
102 302
102 312
102 322
102 332
108 87
108 172
109 365
110 97
110 107
110 117
110 152
110 162
112 20
112 127
112 137
119 365
122 20
129 365
132 20
133 96
133 106
133 116
133 126
133 136
133 146
133 156
133 166
135 84
136 176
137 74
139 54
139 64
139 365
141 185
141 290
141 300
141 310
141 320
142 22
143 195
143 205
143 215
143 225
143 235
143 245
143 255
143 265
143 275
143 330
143 340
143 350
144 45
147 31
