62 72
66 58
67 81
71 49
76 40
77 81
84 32
87 80
91 70
92 24
96 61
96 362
98 344
100 188
100 198
100 208
100 218
100 228
100 238
100 248
100 258
100 268
100 278
100 288
100 298
100 308
100 318
100 328
101 73
102 20
104 178
106 82
106 365
108 92
108 102
108 160
109 112
110 122
110 132
110 142
112 20
116 365
122 20
126 365
132 20
135 112
135 122
135 132
135 142
135 152
136 365
137 90
137 100
137 162
139 172
141 74
142 20
142 182
145 64
145 192
145 202
145 212
145 222
145 232
145 242
145 252
145 262
145 272
145 282
145 292
145 302
145 312
145 322
145 332
145 342
146 365
147 48
147 352
152 22
157 51
162 20
167 51
172 21
175 42
177 30
