52 26
52 36
54 46
60 20
63 51
70 20
73 47
80 24
83 45
90 24
90 360
92 344
93 47
94 57
94 202
94 212
94 222
94 232
94 242
94 252
94 262
94 272
94 282
94 292
94 302
94 312
94 322
94 332
96 67
96 182
96 192
99 365
100 20
100 77
102 87
102 170
104 97
104 107
104 158
106 117
106 127
106 137
106 147
109 365
110 20
119 365
120 20
129 365
130 20
131 108
131 118
131 128
131 138
131 148
131 158
133 88
133 98
133 168
136 178
137 74
139 365
140 20
141 54
141 64
141 187
141 197
141 207
143 217
143 227
143 237
143 247
143 257
143 267
143 277
143 287
143 297
143 307
143 317
143 327
143 337
143 347
145 357
150 24
151 51
158 30
161 55
166 37
168 63
173 45
174 71
179 53
179 80
183 63
187 73
