54 74
58 62
62 81
63 53
68 44
72 81
76 36
77 70
83 60
84 28
91 54
92 22
94 362
96 346
98 62
98 198
98 208
98 218
98 228
98 238
98 248
98 258
98 268
98 278
98 288
98 298
98 308
98 318
98 328
100 72
100 182
102 20
104 82
104 365
105 173
106 92
108 102
108 112
108 122
108 132
108 142
108 152
108 162
112 20
114 365
122 20
124 365
132 20
134 365
135 110
135 120
135 130
135 140
135 150
135 160
137 90
137 100
137 170
141 74
141 180
142 20
144 365
145 62
145 190
145 200
145 210
145 220
145 230
145 240
145 250
145 260
145 270
145 280
145 290
145 300
145 310
145 320
147 46
147 330
147 340
147 350
152 24
157 45
162 22
166 50
172 20
176 51
181 25
183 42
