52 24
52 34
52 44
60 51
62 20
70 47
72 23
80 45
82 24
90 46
90 358
92 24
92 334
92 344
94 196
94 206
94 216
94 226
94 236
94 246
94 256
94 266
94 276
94 286
94 296
94 306
94 316
96 54
96 64
96 182
98 365
99 74
102 20
102 84
102 172
104 94
104 104
106 114
106 124
106 134
106 144
106 154
108 365
112 20
118 365
122 20
128 365
131 102
131 112
131 122
131 132
131 142
131 152
131 162
132 20
133 86
133 172
136 182
137 74
138 365
139 64
141 48
141 191
141 201
142 20
143 211
143 221
143 231
143 241
143 251
143 261
143 271
143 281
143 291
143 301
143 311
143 321
143 331
143 341
145 351
151 25
151 49
159 31
160 54
167 38
168 60
173 46
174 68
179 54
180 76
184 63
189 81
