86 76
88 60
90 50
94 38
95 81
98 28
100 348
100 358
102 182
102 192
102 202
102 212
102 222
102 232
102 242
102 252
102 262
102 272
102 282
102 292
102 302
102 312
102 322
102 332
104 20
105 81
108 170
108 365
110 90
110 100
110 110
110 120
110 150
110 160
112 130
112 140
114 20
118 365
124 20
128 365
133 114
133 124
133 134
133 144
133 154
134 20
135 90
135 100
135 164
137 80
137 174
138 365
141 54
141 64
142 183
143 193
143 203
143 213
143 223
143 233
143 243
143 253
143 263
143 273
143 283
143 293
143 303
143 313
143 323
143 333
143 343
143 353
144 20
149 46
151 28
