66 28
66 38
71 47
74 20
81 51
84 20
91 48
92 360
94 22
94 58
94 330
94 340
94 350
95 68
96 184
96 194
96 204
96 214
96 224
96 234
96 244
96 254
96 264
96 274
96 284
96 294
96 304
96 314
99 78
100 174
101 365
102 88
103 98
104 20
104 108
104 118
104 128
104 138
104 148
104 158
111 365
114 20
121 365
124 20
131 98
131 108
131 118
131 128
131 138
131 148
131 158
131 365
132 168
133 86
134 20
135 178
137 74
139 188
139 198
139 208
139 218
139 252
139 262
139 272
139 282
139 292
139 302
139 312
140 322
141 228
141 238
141 332
141 342
141 352
141 365
144 21
146 79
151 29
156 81
159 36
164 45
166 81
169 54
172 64
175 74
