54 26
54 36
57 46
62 20
66 51
72 20
76 47
82 24
86 45
88 362
90 348
92 20
92 53
92 63
92 206
92 216
92 226
92 236
92 246
92 256
92 266
92 276
92 286
92 296
92 306
92 316
92 326
92 336
94 73
94 184
94 194
98 83
98 365
99 175
100 93
102 20
102 103
102 113
102 123
102 133
102 143
102 153
102 163
108 365
112 20
118 365
122 20
128 365
129 116
129 126
129 136
129 146
129 156
131 90
131 100
131 166
132 20
133 176
135 76
138 185
138 365
139 64
139 195
139 205
139 215
139 225
139 235
139 245
139 255
139 265
139 275
139 285
139 295
139 305
141 52
141 315
141 325
141 335
141 345
142 20
143 355
150 26
150 57
158 32
158 64
163 73
166 39
169 81
172 47
177 56
179 81
181 66
