56 76
60 62
65 53
65 81
70 44
75 81
78 36
81 72
86 28
86 63
94 22
94 55
96 360
98 334
98 344
99 64
100 190
100 200
100 210
100 220
100 230
100 240
100 250
100 260
100 270
100 280
100 290
100 300
100 310
100 320
101 74
104 20
104 178
105 365
106 83
108 93
108 103
108 160
110 113
110 123
110 133
110 143
114 20
115 365
124 20
125 365
134 20
135 365
137 96
137 106
137 116
137 126
137 136
137 146
137 156
137 166
139 86
141 176
143 74
144 20
145 186
145 196
145 206
145 216
145 365
147 52
147 62
147 226
147 236
147 246
147 256
147 266
147 276
147 286
147 296
147 306
147 316
147 326
147 336
147 346
154 24
155 45
164 20
164 50
174 20
174 51
182 27
182 43
