69 172
69 182
69 192
69 202
69 212
74 221
74 231
77 164
79 240
82 250
84 260
87 164
89 269
89 279
94 288
97 164
99 297
104 306
106 169
109 315
112 325
114 176
114 335
117 345
118 186
119 355
119 365
119 375
119 385
119 395
119 405
119 415
119 425
119 435
120 196
123 206
124 444
124 454
125 216
125 226
126 464
129 474
129 587
129 597
130 235
131 484
132 245
134 494
134 572
139 503
139 552
139 562
139 600
140 252
140 262
140 513
144 272
144 523
144 533
144 543
149 92
149 102
149 112
149 122
149 132
149 142
149 152
149 162
149 281
149 600
153 291
154 171
157 84
159 180
159 190
159 200
159 210
159 220
159 230
159 240
159 600
160 299
164 249
164 259
166 79
166 269
169 279
169 289
169 600
176 79
179 600
186 79
189 600
194 86
199 600
200 94
205 103
205 113
205 123
205 133
205 143
209 600
210 152
210 162
210 172
210 182
214 192
215 202
219 212
219 600
220 222
220 232
225 241
225 251
229 600
235 254
239 600
245 254
249 600
254 259
259 600
264 259
269 600
273 264
279 600
283 264
289 600
293 264
299 600
303 264
309 237
309 247
309 597
310 585
314 217
314 227
315 575
319 197
319 207
323 568
324 112
324 122
324 132
324 142
324 152
324 162
324 172
324 182
329 97
330 560
337 89
339 555
346 84
349 555
356 84
357 549
360 330
360 340
360 350
365 89
365 255
365 265
365 275
365 285
365 295
365 305
365 315
365 359
365 369
365 540
370 235
370 245
373 95
373 533
375 180
375 190
375 200
375 210
375 220
375 372
377 105
379 382
380 115
380 125
380 135
380 145
380 155
380 165
380 525
387 389
388 518
395 510
397 389
402 379
403 503
410 371
410 490
415 361
415 480
423 354
423 473
430 346
430 460
438 339
438 453
440 440
445 331
448 433
453 324
453 423
460 410
462 319
468 403
471 314
475 390
480 309
483 383
488 373
489 304
495 365
499 304
505 355
509 304
513 348
518 309
523 343
527 314
530 324
530 334
