24 117
24 127
24 137
24 147
24 157
24 167
24 177
29 107
29 186
29 196
34 87
34 97
34 205
37 215
39 77
42 224
44 67
46 234
49 57
51 243
57 49
59 250
65 258
66 44
73 265
74 37
79 273
84 32
84 282
94 27
94 285
103 290
104 24
107 300
114 24
116 305
124 24
125 310
134 24
134 315
143 320
144 24
152 325
154 24
162 329
164 26
171 334
173 31
181 338
183 35
190 343
192 40
200 347
202 44
210 350
211 49
220 54
220 352
228 60
229 357
235 68
239 360
243 74
248 365
252 79
257 370
259 87
265 377
269 91
272 385
273 101
278 110
282 389
285 118
289 397
290 127
297 119
297 404
302 109
306 409
307 99
315 91
316 405
320 81
325 400
330 76
333 393
340 71
343 388
348 64
353 383
355 56
363 380
365 51
373 378
375 46
383 373
385 41
393 370
395 36
403 368
405 34
413 365
415 34
422 360
425 34
432 360
435 34
441 355
445 34
450 350
454 39
458 343
463 44
465 335
473 44
475 330
482 49
483 323
489 57
490 315
497 64
498 308
505 295
506 69
513 288
515 74
520 280
523 80
525 270
527 90
530 260
535 97
535 107
535 250
540 116
540 230
540 240
545 125
545 135
545 215
550 144
550 154
550 164
550 174
550 184
550 194
550 204
