24 187
24 197
24 207
24 217
24 227
29 177
29 236
34 157
34 167
34 245
39 147
39 254
44 137
45 262
52 129
52 270
60 121
60 277
65 111
67 285
70 101
75 292
78 94
82 300
84 82
90 307
92 74
99 312
100 66
104 321
105 56
113 49
114 325
120 41
120 333
128 34
128 340
137 29
137 345
145 352
146 24
152 360
156 24
160 367
165 29
167 375
175 32
177 379
183 39
184 387
192 44
192 394
199 52
201 399
209 56
209 405
215 64
215 413
223 70
225 417
227 80
232 89
232 425
239 97
240 432
245 105
249 437
250 114
254 446
255 123
260 132
261 454
265 141
269 460
270 150
275 159
275 468
284 164
285 465
290 156
295 146
295 460
300 136
303 453
305 126
310 116
313 448
315 106
320 96
323 443
325 86
330 435
333 79
339 67
340 430
348 423
349 62
354 52
358 418
364 47
368 413
374 42
378 408
384 37
388 403
394 32
398 398
404 29
405 390
413 383
414 29
423 378
424 29
433 373
434 31
440 365
444 34
449 360
454 36
457 354
462 345
463 41
471 340
473 45
475 330
482 50
485 325
490 315
492 54
498 308
499 62
505 300
507 69
513 293
516 74
520 84
520 280
525 270
528 90
530 260
532 100
535 250
537 109
540 119
540 230
540 240
545 128
545 138
545 205
545 215
550 147
550 157
550 167
550 177
550 187
