24 122
24 132
24 142
24 152
24 162
24 172
24 182
29 102
29 112
29 191
29 201
34 92
34 210
37 220
39 82
42 229
44 72
46 239
49 62
54 52
54 245
59 254
62 44
65 262
71 39
74 267
80 34
84 270
89 29
94 270
98 24
104 270
108 24
114 270
118 24
124 267
128 24
134 265
138 24
144 265
148 24
154 265
158 24
164 265
167 29
174 265
174 327
174 337
174 347
174 357
176 34
179 274
179 284
179 294
179 304
179 314
182 364
185 39
191 369
195 42
199 375
204 47
208 380
212 390
214 51
220 59
221 395
228 65
229 401
235 73
236 409
243 80
246 413
247 90
252 99
254 420
255 109
260 118
260 428
265 127
269 433
270 136
274 442
275 145
280 154
282 449
285 163
290 455
295 161
300 151
300 455
305 141
308 448
310 131
315 440
318 124
322 114
325 435
327 104
332 94
335 430
337 84
343 423
345 76
350 415
353 69
360 61
360 410
365 51
370 405
375 46
380 400
385 41
390 395
395 36
400 390
405 34
409 385
415 34
417 379
425 34
425 370
435 34
435 365
445 34
445 360
453 353
454 39
460 345
463 44
468 338
473 44
478 333
482 49
485 320
489 57
493 313
497 64
500 305
505 295
506 69
513 288
515 74
520 275
523 80
527 90
528 268
533 258
535 97
535 107
538 248
540 116
540 230
545 125
545 135
545 215
550 144
550 154
550 164
550 174
550 184
550 194
550 204
