24 117
24 127
24 137
24 147
24 157
24 167
24 177
29 97
29 107
29 186
29 196
29 206
34 87
34 215
39 77
39 224
44 67
45 232
49 242
52 59
57 49
57 249
64 257
65 41
69 266
75 36
79 270
85 31
88 275
95 26
95 283
103 290
105 24
113 290
115 24
122 295
125 24
132 295
135 24
142 299
145 24
152 300
155 24
162 300
165 27
172 300
174 32
181 305
184 36
191 305
193 41
200 310
203 45
209 315
212 50
218 320
220 57
227 65
227 325
235 72
235 332
239 342
242 80
244 351
244 361
247 89
249 370
250 99
252 380
254 390
255 108
257 400
260 117
262 409
265 126
266 419
270 135
271 428
275 144
275 438
280 153
280 447
285 162
287 455
295 161
297 454
300 151
305 141
305 445
310 131
315 440
318 124
322 114
325 435
327 104
332 94
335 430
337 84
343 423
345 76
350 415
353 69
360 61
360 410
365 51
370 405
375 46
380 400
385 41
390 395
395 36
400 390
405 34
410 385
415 34
415 375
425 34
425 370
435 34
435 365
445 34
445 360
453 353
454 39
460 345
463 44
468 338
473 44
478 333
482 49
485 320
489 57
493 313
497 64
500 305
505 295
506 69
513 288
515 74
520 275
523 80
527 90
528 268
533 258
535 97
535 107
538 248
540 116
540 230
545 125
545 135
545 215
550 144
550 154
550 164
550 174
550 184
550 194
550 204
