24 117
24 127
24 137
24 147
24 157
24 167
24 177
29 97
29 107
29 186
29 196
29 206
34 87
34 215
39 77
39 224
44 233
47 69
49 242
52 59
57 49
57 249
64 257
65 41
69 266
75 36
79 270
85 31
88 275
95 26
95 283
103 290
105 24
113 290
115 24
122 295
125 24
132 295
135 24
142 299
145 24
152 300
155 24
162 300
165 27
172 300
174 32
181 305
184 36
191 305
193 41
200 310
203 45
209 315
212 50
218 320
220 57
227 65
227 325
235 72
235 332
239 342
242 80
244 351
244 361
247 89
249 370
250 99
254 379
254 389
255 108
259 398
260 117
264 407
264 417
265 126
269 426
270 135
274 435
275 144
280 153
280 443
285 162
285 452
295 161
295 455
300 151
303 448
305 141
310 131
310 435
315 425
318 124
320 415
322 114
325 405
327 104
330 385
330 395
332 94
335 365
335 375
337 84
340 355
345 76
345 345
350 335
353 69
358 328
360 61
365 51
368 323
375 46
378 318
385 41
388 315
395 36
398 315
405 34
408 315
415 34
418 315
425 34
428 315
435 34
437 320
445 34
447 320
454 39
457 320
463 44
466 315
473 44
476 315
482 49
486 315
489 57
495 310
497 64
503 303
506 69
508 293
515 74
515 285
520 275
523 80
527 90
528 268
533 258
535 97
535 107
538 248
540 116
540 230
545 125
545 135
545 215
550 144
550 154
550 164
550 174
550 184
550 194
550 204
