24 117
24 127
24 137
24 147
24 157
24 167
24 177
24 187
29 107
29 196
34 87
34 97
34 205
37 215
39 77
42 224
46 234
47 69
51 243
54 57
55 253
59 47
63 260
69 42
72 265
77 34
80 272
86 29
87 280
95 287
96 29
104 292
105 24
112 299
115 24
119 307
125 24
129 310
135 24
138 315
145 24
148 315
155 24
157 320
165 27
166 325
174 32
176 325
184 36
186 328
193 41
196 330
203 45
206 333
212 50
215 338
220 57
225 340
227 65
235 342
237 69
240 79
244 347
245 88
250 97
254 350
255 106
260 115
260 358
265 124
268 365
270 133
275 142
277 370
279 152
284 161
285 377
290 169
295 380
299 157
304 142
305 375
309 132
315 370
317 124
322 114
325 365
327 104
332 94
335 360
337 84
345 76
345 355
353 69
355 355
360 61
365 51
365 355
375 46
375 350
385 41
385 350
395 36
395 350
405 34
405 350
415 34
415 350
425 34
425 350
435 34
435 345
445 34
445 345
454 39
455 340
463 44
465 335
473 44
475 330
482 49
483 323
489 57
490 315
497 64
498 308
505 295
506 69
513 288
515 74
520 280
523 80
525 270
527 90
530 260
535 97
535 107
535 250
540 116
540 230
540 240
545 125
545 215
550 134
550 144
550 154
550 164
550 174
550 184
550 194
550 204
