24 117
24 127
24 137
24 147
24 157
24 167
24 177
29 107
29 186
29 196
34 87
34 97
34 205
37 215
39 77
42 224
46 234
47 69
51 243
54 57
59 47
59 250
65 258
69 42
73 265
77 34
79 273
84 282
86 29
94 285
96 29
100 293
105 24
108 300
115 24
115 308
123 315
125 24
130 323
135 24
138 330
145 24
147 335
155 24
155 342
162 350
165 27
172 354
174 32
179 362
184 36
189 365
193 41
195 373
203 45
203 380
212 50
212 385
220 57
220 392
227 65
227 400
235 72
236 405
242 80
244 411
247 89
250 99
251 419
255 108
259 425
260 117
265 126
265 433
270 135
273 440
275 144
280 153
280 448
285 162
288 455
295 161
298 455
300 151
305 141
307 449
310 131
315 440
318 124
322 114
324 435
327 104
332 94
333 430
337 84
342 425
345 76
351 420
353 69
359 412
360 61
365 51
369 407
375 46
379 402
385 41
389 397
395 36
397 390
405 34
406 385
415 34
415 380
425 34
425 375
433 368
435 34
443 363
445 34
450 350
454 39
460 345
463 44
468 338
473 44
475 330
482 49
483 323
489 57
490 310
497 64
500 305
505 295
506 69
513 288
515 74
520 275
523 80
527 90
528 268
533 258
535 97
535 107
538 248
540 116
540 230
545 125
545 135
545 215
550 144
550 154
550 164
550 174
550 184
550 194
550 204
