24 77
24 87
24 97
29 106
34 74
34 115
39 124
43 79
45 132
49 142
52 74
57 149
62 74
64 157
69 166
71 79
74 175
80 84
80 183
88 190
89 89
94 198
98 94
99 207
104 216
107 99
111 224
116 104
119 230
125 109
125 238
133 115
135 242
139 252
142 120
149 255
150 127
155 263
158 134
159 287
159 297
163 270
164 306
167 139
171 314
176 144
181 315
185 149
191 315
193 155
195 300
200 163
205 300
210 167
214 305
217 175
223 310
225 182
232 315
234 187
241 320
242 194
249 326
251 199
256 334
260 204
264 340
269 349
270 204
274 358
279 367
280 207
287 374
290 209
295 380
300 209
305 380
309 214
314 385
319 216
323 390
328 221
333 390
335 229
340 238
340 248
340 290
342 395
345 257
345 267
345 299
348 283
352 399
353 305
360 313
362 400
368 320
370 407
375 328
380 410
383 335
389 415
390 343
395 352
398 420
402 360
404 428
409 437
410 367
414 446
417 375
419 455
422 465
427 379
429 473
434 387
434 482
439 396
439 491
446 499
448 401
454 505
457 515
458 405
466 520
467 410
470 460
470 470
470 480
472 490
475 417
475 500
475 510
479 455
485 419
489 455
494 424
499 455
503 429
508 460
512 434
517 465
521 439
527 465
530 444
536 470
540 447
546 470
547 455
