189 587
189 597
189 607
189 617
194 547
194 557
194 567
194 577
194 626
194 636
194 646
199 527
199 537
199 655
202 665
204 487
204 497
204 507
204 517
204 675
209 477
209 684
211 694
214 457
214 467
214 704
219 442
219 713
224 432
224 722
229 422
229 731
234 412
234 740
239 402
240 748
247 394
248 755
252 384
254 763
259 772
260 376
264 781
265 366
269 790
273 359
278 795
280 351
285 803
288 344
295 336
295 807
302 815
303 329
310 321
310 822
317 830
318 314
325 837
327 309
332 845
336 304
341 850
344 297
350 855
354 292
360 857
362 284
369 862
372 279
379 865
382 274
388 870
392 274
397 875
401 269
407 879
410 264
416 884
420 261
426 885
430 259
435 890
439 254
445 892
449 254
455 895
458 249
465 897
468 249
475 900
478 249
485 900
488 249
495 900
497 244
504 905
507 244
514 905
517 244
523 910
527 244
533 908
537 244
543 905
547 244
553 905
557 244
563 903
567 244
573 900
576 249
583 900
586 249
593 898
595 254
603 895
605 254
613 893
615 257
623 888
625 259
633 883
634 264
643 269
643 878
650 870
653 270
660 865
662 275
670 860
672 279
679 855
681 284
688 850
689 291
697 844
698 296
707 839
708 300
715 308
717 834
723 315
725 825
732 320
735 820
740 327
745 815
747 335
754 810
755 342
762 350
762 804
770 357
770 795
774 367
779 790
782 374
785 384
788 785
793 390
795 400
795 410
798 785
800 419
805 428
808 785
813 435
817 445
818 785
825 452
828 785
832 460
838 785
842 464
848 785
851 469
858 785
861 469
868 785
871 469
878 785
881 469
888 785
891 469
898 785
901 469
908 785
911 469
918 785
921 469
928 785
931 469
938 785
940 464
948 785
950 464
958 785
960 464
968 785
970 464
978 783
980 464
985 775
990 464
993 768
1000 464
1000 760
1008 753
1010 464
1013 743
1020 464
1020 735
1030 464
1030 730
1040 464
1040 725
1050 464
1050 725
1060 464
1060 725
1070 464
1070 725
1079 720
1080 464
1088 715
1090 464
1098 713
1100 464
1108 708
1110 464
1118 705
1120 464
1127 700
1130 464
1137 700
1140 464
1146 695
1150 464
1156 695
1160 464
1166 695
1170 464
1176 695
1180 464
1186 695
1190 464
1195 690
1200 464
1205 690
1210 467
1214 685
1220 469
1223 680
1230 469
1232 675
1240 469
1242 674
1250 469
1252 670
1260 469
1261 665
1270 469
1271 665
1280 469
1281 665
1290 469
1291 668
1300 469
1301 670
1310 469
1310 675
1320 469
1320 675
1329 670
1330 469
1339 670
1340 469
1349 670
1350 469
1359 670
1360 469
1368 675
1370 469
1378 675
1380 469
1388 675
1390 469
1398 675
1400 469
1408 675
1410 469
1417 680
1420 469
1427 680
1430 469
1437 680
1440 469
1446 685
1450 469
1456 685
1460 469
1465 680
1470 469
1475 680
1480 469
1485 675
1490 469
1495 675
1500 469
1505 675
1510 469
1515 675
1520 469
1524 680
1530 469
1533 685
1540 469
1542 690
1550 469
1551 695
1559 701
1560 469
1569 705
1570 469
1578 710
1580 469
1588 710
1590 469
1597 715
1600 469
1607 715
1610 469
1617 715
1620 469
1627 715
1630 469
1637 715
1640 469
1647 715
1650 469
1657 715
1660 469
1667 715
1670 469
1677 715
1680 472
1687 715
1690 474
1697 715
1700 474
1707 715
1710 474
1717 715
1720 474
1727 715
1730 474
1737 715
1740 474
1746 710
1750 474
1756 710
1760 474
1765 705
1770 474
1775 700
1780 474
1783 693
1790 474
1790 685
1800 474
1800 680
1809 675
1810 474
1818 670
1819 479
1827 485
1827 665
1835 492
1836 660
1840 501
1845 655
1846 509
1850 519
1855 650
1858 525
1862 535
1865 645
1870 542
1874 552
1875 640
1880 560
1885 569
1885 635
1890 578
1890 588
1893 628
1895 597
1899 607
1900 617
