189 527
189 537
189 547
189 557
189 567
189 577
189 587
189 597
189 607
189 617
189 627
189 637
189 647
189 657
189 667
194 457
194 467
194 477
194 487
194 497
194 507
194 517
194 676
194 686
194 696
194 706
194 716
199 442
199 725
202 735
204 427
204 745
204 755
204 765
204 775
207 785
209 402
209 412
209 795
214 392
214 804
219 372
219 382
220 812
224 357
227 820
229 347
234 337
235 827
239 327
242 835
244 317
250 842
254 312
259 847
264 309
269 850
274 307
278 855
282 299
287 860
290 291
295 867
298 284
304 872
307 279
314 875
317 274
323 880
327 269
332 885
337 264
342 889
347 264
351 894
357 259
361 898
366 254
371 900
375 249
380 905
384 244
390 907
394 242
400 910
404 237
409 915
414 234
419 915
424 232
428 920
434 229
438 920
444 229
447 925
453 224
457 925
463 224
467 925
472 219
476 930
482 219
486 930
491 214
495 935
501 214
505 935
511 210
515 935
521 209
524 940
531 209
534 940
541 205
544 940
551 204
554 940
561 204
564 940
571 204
574 940
581 200
584 940
591 199
594 940
600 204
604 940
610 204
614 940
620 204
624 940
630 207
634 940
639 212
643 935
649 216
652 929
658 221
660 920
665 229
668 913
670 238
675 900
678 244
683 893
687 249
690 880
694 257
698 873
704 261
705 860
710 269
713 853
715 278
720 840
723 285
725 830
730 293
730 815
735 302
735 800
740 311
740 785
743 321
745 765
745 775
748 330
750 750
755 338
755 740
760 347
760 725
765 356
765 710
770 365
770 700
775 374
775 690
780 383
783 683
785 392
792 400
793 680
802 404
803 680
811 409
813 680
821 409
823 680
831 409
833 680
841 409
843 680
851 409
853 680
860 414
863 680
868 420
870 430
873 680
875 439
883 680
884 444
893 680
894 444
903 449
903 680
913 450
913 680
923 454
923 680
933 454
933 680
943 454
943 680
953 454
953 680
962 459
963 680
971 464
973 680
980 469
983 680
989 474
993 680
999 474
1003 680
1009 474
1013 680
1019 474
1023 680
1029 472
1033 680
1039 469
1043 680
1048 464
1053 680
1057 459
1063 680
1067 454
1073 680
1077 454
1083 680
1087 454
1093 680
1097 454
1103 680
1107 454
1113 680
1117 454
1123 680
1127 454
1133 680
1137 454
1143 680
1147 454
1153 680
1156 459
1163 680
1165 464
1173 470
1173 680
1177 480
1183 680
1185 487
1193 494
1193 680
1202 499
1203 680
1212 499
1213 680
1222 499
1223 680
1232 499
1233 680
1242 499
1243 680
1252 499
1253 680
1262 494
1263 680
1272 489
1273 680
1280 481
1283 680
1290 476
1293 680
1298 469
1303 680
1307 464
1313 680
1316 459
1323 680
1325 454
1333 680
1335 454
1343 680
1345 454
1353 680
1355 454
1363 680
1365 457
1373 680
1374 462
1382 469
1383 680
1391 474
1393 680
1399 481
1403 680
1405 489
1413 680
1414 494
1423 499
1423 680
1433 499
1433 680
1443 499
1443 680
1453 499
1453 680
1463 499
1463 680
1473 499
1473 680
1482 494
1483 680
1491 489
1493 680
1501 489
1503 680
1510 494
1513 680
1520 497
1523 680
1530 499
1533 680
1540 499
1543 680
1550 499
1553 680
1560 499
1563 680
1570 499
1573 680
1580 499
1583 678
1590 499
1593 675
1600 502
1603 675
1609 507
1612 670
1617 514
1622 670
1624 522
1632 529
1632 669
1639 537
1640 660
1644 546
1648 653
1650 554
1658 648
1660 554
1665 640
1668 560
1673 633
1675 568
1680 577
1680 587
1680 625
1685 596
1688 618
1690 605
