294 747
294 757
294 767
294 777
299 697
299 707
299 717
299 727
299 737
299 786
299 796
299 806
304 662
304 672
304 682
304 815
304 825
304 835
304 845
309 647
309 854
309 864
311 874
314 637
316 883
319 627
320 893
324 617
325 902
329 607
329 912
334 597
334 921
339 930
342 589
342 940
347 949
350 581
351 959
358 574
359 965
365 566
365 973
373 559
373 980
380 551
380 988
388 544
390 992
395 536
397 1000
403 529
405 1007
410 521
412 1015
418 514
421 1020
425 506
429 1026
435 501
436 1034
443 494
444 1040
450 486
453 1045
460 481
462 1050
468 474
471 1055
477 469
480 1060
485 461
489 1065
495 456
498 1070
503 449
508 1070
512 444
517 1075
521 439
526 1080
529 432
536 1080
539 427
546 1080
547 419
556 1080
557 414
566 1080
567 409
576 1080
577 404
586 1080
587 399
596 1080
597 394
606 1080
607 389
616 1080
617 389
626 1080
627 389
636 1080
637 389
646 1080
647 389
656 1080
657 389
666 1080
667 389
676 1080
677 389
686 1080
687 389
696 1080
697 389
706 1080
707 389
716 1080
717 389
726 1080
727 384
736 1080
737 384
746 1080
747 384
756 1080
757 384
766 1080
767 384
776 389
776 1080
786 389
786 1080
795 394
796 1080
805 394
806 1080
814 399
816 1080
824 401
826 1080
834 404
836 1080
843 409
846 1080
853 410
855 1075
863 414
865 1075
873 415
875 1070
883 419
885 1070
892 424
893 1063
900 1055
901 429
908 1048
909 436
913 1038
915 444
918 1028
920 453
923 1018
928 460
928 1008
933 998
935 468
940 985
943 475
945 975
947 485
950 965
952 494
955 504
958 958
960 513
960 523
963 948
965 532
969 542
970 935
974 551
978 561
978 928
983 918
985 569
990 910
993 575
1000 905
1002 580
1010 905
1012 584
1020 900
1022 584
1030 900
1032 584
1040 895
1042 584
1050 895
1052 584
1060 895
1062 584
1070 895
1072 584
1080 895
1082 584
1090 895
1092 584
1100 895
1102 584
1110 895
1112 584
1120 895
1122 584
1130 895
1131 589
1140 895
1141 589
1150 594
1150 890
1158 883
1160 597
1163 873
1168 863
1169 602
1175 855
1179 606
1184 850
1188 611
1192 844
1198 615
1200 835
1205 623
1210 830
1215 627
1220 825
1224 632
1230 825
1234 636
1240 644
1240 825
1250 647
1250 825
1259 652
1260 825
1269 654
1270 827
1279 654
1280 830
1289 652
1289 835
1299 647
1299 835
1308 840
1309 642
1317 634
1317 845
1326 850
1327 629
1334 856
1336 624
1341 864
1346 620
1351 868
1356 619
1361 870
1366 619
1371 870
1376 619
1381 870
1386 619
1391 870
1396 619
1401 870
1405 624
1409 862
1415 624
1419 857
1425 624
1427 849
1435 624
1435 840
1443 833
1444 629
1452 635
1453 828
1457 644
1460 820
1464 652
1470 815
1472 659
1480 815
1481 664
1489 671
1490 815
1498 676
1500 815
1508 680
1510 815
1517 685
1520 815
1527 689
1530 815
1537 689
1539 820
1547 689
1548 825
1556 684
1557 830
1564 677
1567 834
1574 674
1577 835
1583 669
1587 839
1592 664
1597 840
1602 664
1607 840
1611 659
1616 845
1620 654
1626 845
1630 654
1636 845
1640 654
1646 845
1650 654
1656 845
1660 654
1665 840
1670 657
1674 835
1680 659
1682 829
1689 664
1690 820
1697 670
1700 815
1705 677
1708 808
1712 685
1718 803
1722 689
1725 795
1729 697
1734 790
1737 704
1742 784
1744 712
1750 775
1754 716
1755 765
1760 724
1760 755
1765 733
1765 745
