269 687
274 522
274 532
274 542
274 552
274 562
274 572
274 582
274 592
274 602
274 612
274 622
274 632
274 642
274 652
274 662
274 672
274 696
274 706
279 487
279 497
279 507
281 714
284 472
289 462
289 720
295 728
297 454
300 737
305 446
307 745
313 439
315 752
320 431
324 757
328 424
334 760
337 419
340 768
347 419
350 772
355 411
359 777
363 404
369 780
372 399
378 785
382 394
387 790
392 389
397 790
402 384
406 795
412 384
416 795
421 379
425 800
431 379
434 805
441 375
444 805
451 370
453 810
461 369
462 815
471 365
472 819
481 360
482 820
486 350
492 824
494 344
501 829
503 339
511 830
513 339
521 830
522 334
530 835
532 329
539 840
542 329
549 840
552 324
559 840
562 319
568 845
572 319
578 845
582 319
587 850
592 314
596 845
602 314
605 850
611 309
615 850
621 309
624 855
631 305
634 855
641 304
644 857
650 299
654 855
660 299
663 850
670 299
672 855
680 299
682 859
689 294
689 867
699 294
699 870
709 294
709 870
719 292
719 870
729 289
729 870
738 284
738 875
748 284
748 875
757 870
758 284
767 870
768 284
776 875
777 279
786 875
787 279
796 875
797 279
806 875
807 279
816 875
817 279
825 880
827 279
834 885
837 279
843 890
847 279
853 890
856 274
863 890
866 274
872 895
876 274
882 895
886 274
892 895
896 274
902 895
906 274
912 895
916 274
922 895
926 274
932 895
936 274
942 895
946 274
952 895
956 274
962 895
965 279
972 895
975 279
982 895
985 279
991 900
995 282
1000 895
1004 287
1010 895
1012 294
1019 890
1021 299
1027 884
1029 306
1035 314
1035 875
1040 323
1040 865
1045 332
1048 858
1050 341
1055 850
1056 349
1060 359
1060 840
1065 368
1065 830
1070 377
1070 820
1075 386
1075 810
1080 395
1080 795
1085 404
1085 414
1085 785
1090 423
1093 778
1095 432
1098 768
1099 442
1108 763
1109 446
1115 755
1118 451
1123 748
1128 455
1133 743
1135 463
1143 470
1143 740
1150 478
1153 738
1158 484
1163 735
1167 489
1173 735
1177 489
1182 729
1187 489
1190 720
1195 710
1197 489
1200 700
1205 690
1207 489
1213 683
1217 489
1223 678
1227 489
1233 673
1237 489
1240 665
1247 489
1248 658
1255 650
1257 489
1265 645
1267 489
1275 640
1277 489
1285 640
1287 489
1294 635
1297 489
1304 635
1307 489
1314 635
1317 489
1323 640
1327 489
1332 645
1337 489
1341 650
1347 489
1349 656
1357 489
1359 660
1367 489
1369 660
1377 489
1379 657
1387 489
1389 655
1397 489
1399 655
1407 489
1409 655
1417 489
1419 655
1427 489
1428 660
1437 489
1438 660
1447 489
1448 658
1457 489
1458 653
1465 645
1467 489
1474 640
1477 489
1483 635
1487 489
1492 630
1497 489
1502 630
1507 489
1512 630
1517 489
1522 634
1527 489
1531 639
1537 489
1541 643
1547 489
1550 648
1557 489
1560 652
1567 489
1570 655
1577 489
1580 655
1587 489
1590 650
1597 489
1600 650
1607 489
1610 650
1617 489
1620 652
1627 489
1630 655
1637 489
1640 657
1647 489
1650 660
1657 489
1660 660
1667 489
1670 660
1677 489
1679 655
1687 489
1688 650
1697 489
1698 650
1707 489
1707 645
1716 494
1716 640
1725 635
1726 494
1735 630
1736 494
1744 625
1746 494
1752 619
1755 499
1760 605
1764 504
1768 598
1773 509
1773 588
1778 578
1782 514
1785 570
1789 522
1793 563
1795 530
1800 539
1800 549
