209 582
209 592
209 602
209 612
209 622
209 632
209 642
209 652
209 662
209 672
209 682
209 692
209 702
209 712
214 562
214 572
214 721
219 547
219 730
222 740
224 532
227 749
229 512
229 522
231 759
234 497
236 768
239 487
240 778
244 788
247 479
249 797
252 469
254 806
259 815
260 461
262 825
268 454
269 833
274 842
275 446
279 851
283 439
286 859
290 431
291 868
298 424
299 875
302 885
305 416
310 892
313 409
314 902
320 401
322 909
328 394
329 917
334 926
335 386
341 934
343 379
349 940
352 374
355 948
360 366
363 955
370 361
370 963
378 354
378 970
387 349
387 975
396 344
396 980
404 337
405 985
414 332
414 990
422 324
423 995
432 319
433 995
442 314
442 1000
452 309
452 1004
461 1009
462 304
471 1010
472 299
480 1015
482 294
490 1017
492 294
500 1020
502 294
510 1020
511 289
520 1020
521 285
530 1020
531 284
540 1020
541 284
550 1020
551 284
560 1020
561 284
570 1020
571 284
580 1020
581 284
590 1022
591 284
600 1025
601 284
610 1025
611 284
620 1025
621 284
630 1025
631 284
640 1025
641 284
650 1025
651 284
660 1025
661 284
670 1020
671 284
680 1020
681 284
690 1020
691 284
700 1020
701 284
709 1015
711 284
719 1015
721 284
729 1015
731 284
738 1010
741 284
748 1010
750 289
758 1010
760 289
768 1008
770 292
778 1005
780 294
788 1005
789 299
798 1003
799 301
808 1000
809 304
818 309
818 1000
828 310
828 998
838 314
838 995
847 319
848 995
856 324
858 993
866 324
868 988
875 329
875 980
880 970
884 334
885 960
890 945
892 340
895 935
900 347
900 920
905 356
905 905
910 895
911 364
915 374
915 880
920 383
920 393
920 403
920 865
925 412
925 422
925 850
929 432
930 835
935 440
935 825
940 449
943 818
945 458
950 467
953 815
955 476
961 484
963 815
965 494
973 815
974 499
983 504
983 815
993 504
993 815
1002 820
1003 504
1012 820
1013 504
1022 820
1023 504
1032 820
1033 504
1042 820
1043 504
1052 820
1053 504
1062 820
1063 504
1071 815
1073 504
1081 815
1082 499
1091 815
1092 499
1101 815
1102 494
1110 810
1112 494
1118 803
1122 494
1128 798
1131 499
1135 790
1140 504
1145 785
1148 510
1155 518
1155 785
1165 522
1165 780
1174 527
1175 780
1184 529
1185 780
1193 534
1194 775
1203 535
1204 775
1213 539
1214 772
1222 544
1224 770
1231 549
1233 765
1240 554
1242 760
1249 559
1252 760
1258 564
1260 767
1268 565
1269 772
1277 779
1278 569
1285 785
1288 569
1295 785
1298 569
1305 787
1307 564
1315 556
1315 790
1323 549
1325 790
1333 549
1335 790
1342 544
1345 792
1352 544
1355 795
1362 544
1365 795
1372 539
1375 790
1382 539
1385 790
1392 539
1395 790
1402 539
1405 790
1412 539
1414 785
1422 539
1424 785
1431 544
1434 785
1440 549
1444 785
1450 549
1453 780
1459 554
1463 780
1469 556
1473 780
1479 559
1482 775
1489 559
1492 774
1499 561
1502 770
1508 566
1512 770
1515 574
1521 775
1525 577
1530 780
1535 579
1539 785
1545 579
1548 790
1555 576
1558 790
1565 574
1567 795
1574 569
1577 795
1583 564
1587 795
1593 564
1597 795
1602 559
1607 795
1612 559
1617 795
1622 559
1627 795
1632 559
1637 795
1641 564
1646 790
1651 564
1655 785
1660 569
1663 778
1670 569
1673 773
1679 574
1680 765
1687 580
1688 758
1695 587
1698 753
1702 595
1705 745
1710 602
1714 740
1717 610
1722 734
1725 617
1732 625
1732 729
1740 632
1742 724
1744 642
1750 715
1752 649
1759 657
1760 710
1764 666
1768 676
1768 703
1770 686
