24 47
24 57
24 67
24 77
24 87
24 97
24 107
24 117
24 127
24 137
24 147
24 157
24 167
24 177
24 187
24 197
24 207
24 217
24 227
24 237
24 247
24 257
29 37
32 264
37 29
40 270
47 29
49 275
56 34
58 270
65 278
66 34
75 29
75 280
85 26
85 280
95 24
95 280
105 24
105 280
115 24
115 275
124 280
125 27
133 275
135 26
142 280
145 24
152 280
154 29
162 280
163 24
172 280
173 24
182 280
183 25
190 33
191 275
195 45
197 55
199 267
200 65
204 257
205 74
205 84
209 247
210 93
210 235
218 99
218 228
223 218
228 99
230 205
236 213
238 99
246 210
248 100
256 210
257 105
264 202
267 109
272 195
276 114
281 190
286 114
291 193
296 110
301 190
306 114
311 190
316 114
321 193
325 109
331 190
334 114
341 190
344 112
350 195
354 114
360 190
364 111
370 185
374 112
380 187
384 111
390 190
394 114
399 195
403 109
408 190
412 114
418 190
422 114
427 195
431 109
436 190
441 110
446 190
451 114
456 193
461 110
466 190
471 110
476 190
481 110
485 195
491 114
494 190
501 110
504 190
511 114
514 190
521 114
524 190
531 114
534 187
540 119
540 175
548 125
548 168
552 135
554 160
560 142
560 152
