24 142
24 152
24 162
29 127
29 171
34 180
37 119
39 189
46 114
47 195
54 107
57 199
64 102
66 204
72 94
76 205
82 94
84 77
85 210
92 69
94 215
94 225
97 235
99 47
99 57
107 239
109 44
109 249
111 259
118 39
121 263
127 34
130 268
135 26
138 275
145 24
148 275
153 30
158 275
160 38
168 45
168 273
170 55
178 61
178 268
185 69
185 260
193 253
194 74
200 245
204 71
208 238
214 72
215 230
224 76
225 232
228 86
235 225
238 89
245 225
247 84
254 92
255 220
262 99
264 215
270 105
274 215
280 107
284 212
290 107
292 204
300 104
300 195
308 188
309 99
318 183
319 99
328 180
329 99
338 180
339 99
348 180
349 99
358 180
359 99
368 180
369 99
378 180
379 99
388 180
389 97
398 180
399 96
408 178
409 94
418 99
418 175
428 99
428 175
437 94
437 169
445 160
447 94
455 160
457 94
465 160
467 94
475 160
477 94
485 160
487 89
495 160
496 94
504 165
506 94
514 165
516 90
524 165
526 90
534 167
536 94
542 159
545 99
550 150
553 105
558 143
560 113
560 123
560 133
