69 182
69 192
69 202
69 212
74 162
74 172
74 221
79 147
79 230
84 137
84 239
90 247
92 129
94 257
97 119
104 260
105 111
110 268
115 106
118 275
123 99
127 280
132 94
137 284
142 94
146 289
151 89
156 290
161 89
166 290
170 84
175 295
180 84
185 295
190 87
194 290
200 89
204 290
210 92
212 284
219 97
222 279
229 101
230 270
238 106
240 270
245 114
248 263
253 120
255 255
260 128
260 138
265 255
268 145
275 153
275 255
285 154
285 255
295 154
295 255
305 154
305 255
315 154
315 255
323 248
325 154
330 240
335 154
340 235
345 154
350 235
355 154
360 230
365 154
370 230
375 154
379 225
385 154
389 225
395 154
398 220
405 154
408 220
415 154
418 220
425 154
428 220
435 154
438 220
445 154
448 220
455 154
458 220
465 154
467 225
475 154
476 220
485 154
486 220
495 154
496 223
504 230
505 154
514 230
515 154
523 235
525 154
533 235
535 154
543 235
544 159
553 235
554 159
562 230
564 159
572 229
574 159
580 220
584 159
590 167
590 215
597 175
600 210
605 182
609 192
610 202
