24 87
24 97
24 112
24 122
24 132
24 142
24 152
24 162
24 172
24 182
24 192
24 202
24 212
29 221
34 72
34 82
39 225
44 72
48 230
52 64
57 235
62 59
67 235
72 54
75 242
82 54
85 245
90 46
95 247
100 44
104 252
109 39
114 255
119 39
124 255
128 34
134 257
138 34
144 260
148 34
153 265
155 26
163 265
165 27
172 260
175 24
181 265
185 24
190 260
195 24
200 255
205 24
210 250
212 260
213 30
220 38
220 210
220 220
220 230
220 240
225 47
225 57
225 70
225 200
227 80
235 202
237 84
244 197
247 84
254 195
257 84
264 195
266 89
274 195
275 94
280 103
283 200
290 104
292 195
299 99
301 190
309 99
311 190
319 99
321 190
329 101
331 190
339 102
341 190
349 99
350 185
359 99
360 185
369 99
369 190
378 104
379 187
387 99
387 180
397 99
397 180
407 99
407 180
417 99
417 180
427 99
427 184
435 175
437 99
445 177
447 99
452 185
457 99
459 177
467 99
469 180
477 99
479 180
487 99
489 177
497 99
497 184
507 99
507 184
512 175
517 99
522 174
527 99
530 165
535 105
540 155
545 107
550 120
550 150
555 140
558 126
