28 217
31 227
36 209
41 231
44 202
51 235
52 196
61 190
61 239
71 185
71 242
81 181
81 245
91 177
91 248
101 174
101 251
111 172
111 253
121 170
121 256
131 168
131 258
141 166
141 260
151 164
151 262
161 163
161 263
171 161
171 265
181 160
181 267
191 158
191 269
201 157
201 270
211 156
211 272
221 155
221 273
231 154
231 275
241 152
241 277
251 151
251 278
261 150
261 279
271 149
271 281
281 148
281 282
291 147
291 283
301 146
301 285
311 146
311 286
321 145
321 287
331 144
331 288
341 143
341 289
351 142
351 290
361 141
361 292
371 141
371 293
381 140
381 294
391 139
391 295
401 138
401 296
411 138
411 297
421 137
421 297
431 136
431 298
441 136
441 299
451 135
451 300
461 134
461 300
471 134
471 301
481 133
481 301
491 132
491 302
501 132
501 302
511 131
511 302
521 130
521 302
531 129
531 302
541 129
541 302
551 128
551 301
559 294
561 126
563 281
566 271
570 260
571 122
575 250
580 241
581 119
586 232
591 120
593 224
601 120
603 220
611 120
613 217
621 120
621 211
629 204
631 120
638 198
641 120
648 193
651 120
658 190
661 119
668 186
671 119
678 184
681 118
688 182
691 117
698 182
701 117
708 182
711 116
718 183
721 115
728 183
731 115
738 185
741 115
748 187
751 114
758 188
761 114
768 190
771 114
778 191
781 113
788 192
791 113
798 193
801 114
808 193
811 114
818 193
821 115
828 193
831 115
838 194
841 116
848 194
851 117
858 194
861 117
868 194
871 118
878 194
881 119
888 194
891 120
898 194
901 122
908 193
911 123
918 192
921 125
928 190
931 127
938 187
941 129
948 185
951 131
958 182
961 134
968 180
971 137
978 176
981 140
988 171
990 145
996 163
997 153
