14 197
19 182
19 206
24 215
27 174
30 223
35 166
38 230
40 156
42 240
48 149
49 248
54 137
54 257
59 127
59 266
64 275
67 119
70 283
72 109
77 99
78 290
84 87
85 298
90 307
92 79
94 317
97 69
104 320
105 61
107 330
110 51
112 339
118 44
119 347
124 356
125 36
131 364
133 29
139 370
142 24
148 375
150 16
157 380
160 14
167 379
170 14
177 374
180 14
187 370
189 19
196 365
198 24
205 360
207 29
213 353
216 34
223 348
224 41
233 46
233 343
240 54
243 338
250 57
253 333
258 64
260 325
267 69
269 320
274 77
278 315
282 84
287 309
290 90
295 300
298 96
305 104
305 295
313 288
315 107
319 117
320 275
324 126
328 268
330 134
335 260
339 139
345 255
347 145
355 245
357 149
360 159
360 235
365 168
365 178
368 228
370 187
378 225
379 192
388 225
389 194
398 225
399 194
408 225
409 194
418 225
419 194
428 225
429 194
438 199
438 225
448 199
448 225
458 199
458 225
467 204
468 223
477 199
478 220
487 199
488 220
496 194
498 220
500 204
508 220
510 204
518 220
519 209
527 225
529 209
537 225
539 209
547 224
549 209
557 220
565 214
573 220
