14 177
14 187
19 167
19 196
24 157
24 205
27 215
32 149
32 224
37 139
39 232
44 241
45 131
51 249
53 124
57 114
59 255
67 109
68 260
72 270
76 104
82 274
84 97
89 282
92 89
97 289
100 81
104 297
108 74
110 305
114 62
116 313
124 57
124 320
127 330
129 47
135 337
139 42
142 345
147 34
150 352
157 29
157 360
166 24
167 360
176 20
176 365
184 14
186 365
194 14
196 365
204 14
206 365
214 14
215 360
224 16
225 360
230 24
235 355
240 24
244 350
248 30
254 347
255 38
262 340
263 44
271 335
272 49
280 55
280 330
288 61
288 323
293 70
295 315
298 79
300 305
305 87
305 295
310 96
310 106
310 275
310 285
313 116
318 268
320 124
324 260
329 129
334 260
339 129
344 260
349 129
353 255
358 134
363 253
368 134
373 248
377 139
380 149
380 220
380 230
380 240
385 158
388 213
393 165
398 210
403 169
407 205
413 169
417 205
423 169
427 205
433 169
436 200
443 169
446 200
453 169
456 200
463 169
466 200
473 169
475 195
483 169
485 195
493 169
495 195
503 170
505 195
513 174
515 195
523 174
525 195
533 174
534 190
543 174
544 190
553 174
554 190
562 169
563 185
572 169
573 185
582 169
583 185
592 164
593 185
601 169
603 185
611 169
613 185
621 169
623 183
630 174
