14 207
19 192
19 216
24 182
26 224
32 174
34 162
34 230
37 240
42 154
42 249
47 144
49 257
55 136
57 264
63 129
64 272
72 124
72 279
79 112
80 285
89 102
89 290
95 298
97 94
102 84
103 305
109 67
110 313
114 57
115 322
122 49
122 330
130 41
130 337
134 347
138 34
142 354
145 26
149 362
155 21
157 369
165 16
165 375
175 14
175 377
185 14
185 380
195 17
195 380
205 19
205 380
214 24
214 375
224 26
224 372
230 34
234 370
240 34
242 364
248 40
250 355
257 45
260 350
265 52
269 345
274 57
277 339
282 64
285 325
291 69
294 320
299 76
300 310
303 86
305 295
310 94
310 104
310 114
310 285
315 123
315 270
320 255
323 129
328 248
333 130
338 245
343 134
348 245
352 139
355 149
355 159
355 169
357 239
360 225
364 174
368 218
374 174
378 213
384 174
388 210
394 174
397 205
404 174
406 210
414 174
416 210
423 179
426 210
433 179
436 210
443 179
446 210
453 179
456 210
462 184
466 210
472 184
476 210
482 184
486 210
492 184
495 205
502 184
505 205
512 184
515 205
522 184
525 205
532 184
535 205
542 184
545 205
552 184
555 205
562 184
565 205
571 189
575 205
581 189
585 205
591 189
595 205
601 189
605 205
611 189
615 200
623 194
