14 182
19 162
19 172
19 191
24 200
27 154
27 210
34 142
34 218
35 228
42 134
43 235
47 245
50 126
55 252
58 119
62 260
67 114
70 267
72 104
77 275
82 99
85 282
90 91
92 290
98 84
100 297
102 74
107 64
107 305
112 314
114 52
116 324
122 44
124 330
127 340
130 36
135 347
139 27
142 355
149 24
152 355
158 19
161 360
167 14
171 360
177 14
181 360
187 14
190 355
196 19
200 355
205 24
208 348
215 27
218 345
223 34
227 340
233 35
236 335
240 43
245 330
248 49
253 323
257 54
260 315
265 60
268 308
273 66
273 298
278 288
280 74
283 278
285 83
288 268
290 92
295 101
295 111
295 121
295 260
298 131
304 255
308 134
314 255
318 135
324 255
327 140
332 249
335 147
337 239
342 155
342 229
345 165
350 174
352 225
359 179
361 220
369 181
371 220
379 184
381 220
389 184
391 220
399 186
401 220
409 189
411 220
419 189
421 220
429 189
431 220
439 189
441 220
449 191
451 220
459 194
461 220
469 194
471 220
478 199
481 220
488 199
491 220
498 199
501 220
508 199
511 223
518 200
521 225
528 204
531 225
538 204
541 225
548 204
551 225
558 204
561 225
568 205
571 225
578 209
581 225
587 214
591 225
597 214
601 225
607 214
611 225
617 214
621 225
