14 207
19 197
19 216
24 187
26 224
32 179
34 230
37 240
39 167
44 157
45 247
49 257
54 147
57 264
64 142
64 272
72 134
72 279
79 287
80 126
87 294
88 119
91 304
95 111
99 310
100 101
104 319
108 94
110 327
114 82
117 335
119 72
124 343
127 64
129 352
132 54
134 361
140 46
141 369
145 36
149 375
152 385
155 31
160 392
163 24
167 400
172 19
176 405
181 14
185 410
191 14
195 410
200 19
204 405
210 22
213 400
220 24
223 398
228 30
230 390
237 35
240 385
247 39
248 378
254 47
258 373
262 54
265 365
269 62
273 358
277 69
280 350
284 77
288 343
292 84
295 335
299 92
303 328
304 101
310 109
310 315
315 118
315 305
320 285
320 295
323 125
325 275
330 133
335 270
340 137
345 270
349 142
355 270
359 144
365 265
367 150
373 258
377 154
380 250
384 162
388 243
389 171
393 181
395 235
403 185
404 230
413 189
414 227
423 189
424 225
433 189
434 225
443 189
444 225
453 189
454 225
463 190
464 222
473 194
474 220
483 194
484 220
493 195
494 220
503 199
503 215
513 199
513 215
523 199
523 215
533 199
533 215
543 199
543 215
553 199
553 215
562 194
563 215
571 199
573 215
581 199
583 215
591 199
593 213
601 199
603 210
611 199
613 210
621 204
