14 217
19 202
19 226
24 235
27 194
29 244
32 184
34 253
37 174
39 262
42 164
44 271
47 154
49 280
52 144
54 289
60 136
60 297
67 305
70 131
75 312
78 124
84 317
87 119
92 324
95 111
99 332
105 106
107 339
113 99
114 347
122 94
122 354
129 362
130 86
137 369
140 81
144 377
148 74
152 384
155 66
156 394
163 59
164 400
170 51
173 405
178 44
180 413
185 36
188 420
193 29
197 425
200 21
207 425
210 19
217 425
219 14
226 420
229 14
236 420
238 19
245 415
247 24
254 410
256 29
262 404
265 34
272 399
273 40
280 48
280 390
288 55
288 383
295 63
295 370
303 70
303 363
310 78
310 355
318 85
318 348
322 95
325 340
330 102
330 112
334 335
337 120
342 329
345 127
347 319
352 135
352 309
355 145
360 154
360 300
368 160
370 295
377 165
380 290
387 169
390 290
396 174
400 285
405 179
409 280
410 188
410 198
415 245
417 255
417 274
420 199
422 264
425 245
430 199
435 245
440 199
445 245
449 204
455 245
459 204
464 240
469 204
474 240
479 204
483 245
488 209
493 245
498 209
502 240
508 209
512 240
518 209
522 240
528 209
532 240
538 209
542 240
548 209
552 239
558 209
562 235
568 209
572 235
578 209
582 235
588 209
592 235
598 209
602 235
608 209
611 230
617 214
621 230
626 219
