14 207
19 197
19 216
24 187
24 225
29 172
29 234
35 242
37 164
42 154
42 250
44 260
50 146
50 268
58 275
59 137
62 285
69 132
71 290
76 299
77 124
85 116
86 303
93 109
94 310
100 101
100 318
108 94
110 322
114 332
115 86
120 76
124 335
125 66
127 345
134 57
135 352
139 362
142 49
147 369
149 37
154 377
157 29
162 384
166 24
166 394
174 17
176 398
184 14
184 405
194 14
194 405
204 16
204 405
213 21
213 400
223 25
223 398
232 30
233 393
242 34
243 388
249 42
250 380
257 49
260 375
264 57
268 368
272 64
275 360
279 72
283 353
287 79
289 345
294 87
295 335
300 95
303 328
305 104
310 113
310 315
315 122
315 305
320 290
324 127
328 283
334 131
335 275
344 134
344 270
353 265
354 134
362 140
362 259
365 225
365 235
365 245
370 147
373 218
375 156
380 165
383 215
385 174
393 215
395 174
403 213
405 174
413 210
415 174
423 210
425 174
433 210
435 174
443 210
445 174
453 208
454 179
463 205
464 179
473 205
474 179
483 205
484 179
493 205
494 179
503 203
504 179
513 200
514 179
523 200
524 179
533 200
534 179
543 200
544 179
552 195
554 177
562 195
564 174
572 195
574 174
582 195
584 174
592 195
594 174
602 194
604 174
612 190
613 179
622 184
