19 202
19 212
24 187
24 221
24 231
31 239
32 179
39 167
39 245
42 255
44 157
49 263
52 149
54 272
57 139
62 279
65 131
69 287
73 124
77 294
80 116
84 302
88 109
92 309
95 101
99 317
104 92
107 324
114 87
114 332
122 79
122 339
129 347
130 71
137 354
138 64
141 364
145 56
149 370
153 49
155 378
160 41
163 385
170 36
170 393
178 29
178 400
187 24
187 405
196 19
197 405
205 14
207 405
215 14
216 400
223 20
225 395
232 25
234 390
237 34
242 384
245 40
250 375
253 46
258 55
259 370
265 63
265 360
270 72
274 355
277 80
280 345
282 89
285 99
288 338
293 105
295 115
295 325
300 124
303 318
305 133
308 308
310 142
310 285
310 295
315 270
317 150
320 260
325 157
328 253
333 164
335 245
342 169
343 238
350 230
351 174
359 181
360 225
369 184
370 220
378 189
380 220
388 189
390 215
398 189
400 215
408 189
410 215
418 189
420 215
428 189
430 215
438 189
440 215
448 189
450 215
458 189
460 215
468 189
469 210
478 189
479 210
488 189
489 207
498 189
499 205
508 189
509 205
518 189
519 205
527 184
529 205
537 184
539 205
547 184
549 205
557 184
559 205
566 189
569 205
576 189
579 205
586 189
589 205
596 189
599 205
606 189
609 205
616 189
619 205
625 194
