125 496
125 506
125 516
125 526
129 536
130 471
130 481
134 545
135 451
135 461
140 441
140 553
145 431
148 559
150 569
153 424
155 578
158 414
163 404
163 584
166 594
168 394
170 604
170 616
175 386
175 626
179 636
180 646
183 380
189 651
190 371
194 660
198 364
200 668
205 356
210 671
215 351
216 679
224 685
225 350
230 693
235 346
235 702
245 346
245 706
253 340
254 711
260 719
261 729
263 340
270 741
273 339
276 749
283 335
285 754
286 764
292 330
294 770
300 778
302 330
305 787
312 330
313 794
320 802
322 330
328 809
331 335
336 815
341 335
344 821
351 335
354 825
358 835
361 335
365 846
370 340
374 851
380 336
381 859
389 865
390 336
393 875
400 336
403 879
410 340
412 884
416 894
420 336
426 898
430 335
435 903
440 331
443 909
450 330
452 914
456 924
460 326
466 928
470 321
475 933
480 320
480 942
488 949
490 318
496 310
496 955
504 961
505 315
509 970
515 316
518 975
523 984
525 315
530 992
534 320
538 999
543 325
547 1004
553 325
556 1009
562 330
566 1013
570 1023
571 335
580 340
580 1026
588 346
589 1031
594 1040
598 350
603 1045
607 355
608 1054
614 363
616 1060
624 366
625 1065
631 1073
633 371
635 1083
640 1092
643 370
645 1101
645 1111
645 1131
650 1120
650 1140
650 1150
650 1160
652 375
655 1169
655 1179
656 1189
660 1199
660 1209
660 1219
662 375
665 1228
669 383
670 1237
678 1244
679 386
681 1254
688 391
689 1260
695 1268
698 390
705 1271
707 395
711 1279
717 395
721 1283
727 395
730 1288
737 395
740 1291
744 403
746 1299
754 401
756 1303
763 406
765 1308
773 410
775 1311
781 1319
783 410
789 418
791 1320
799 421
801 1323
808 426
810 1328
818 430
818 1334
824 438
827 1339
834 436
836 1344
843 441
846 1348
850 1358
853 440
860 1361
862 445
869 1366
872 445
876 1374
881 450
886 1378
889 456
895 1383
899 460
900 1392
909 461
910 1396
918 466
919 1401
926 1409
928 470
934 478
936 1413
944 481
945 1418
953 486
955 1421
960 494
961 1429
970 498
971 1433
979 503
980 1438
989 505
990 1295
990 1441
995 1304
996 1449
999 506
999 1290
1005 514
1005 1298
1005 1308
1006 1453
1009 1318
1015 513
1015 1296
1015 1458
1017 1325
1023 1464
1024 518
1024 1301
1024 1333
1032 1469
1034 521
1034 1300
1034 1336
1035 1346
1040 1475
1041 1354
1043 526
1043 1305
1046 1483
1050 534
1050 1359
1053 1305
1055 1370
1055 1488
1060 538
1062 1310
1063 1376
1065 1386
1065 1491
1069 543
1069 1501
1070 1316
1070 1395
1071 1405
1076 1414
1079 541
1079 1321
1079 1505
1085 1419
1088 1510
1089 541
1089 1325
1090 1428
1097 1515
1099 545
1099 1325
1099 1433
1105 1333
1107 1515
1109 546
1109 1436
1115 554
1115 1336
1115 1444
1117 1515
1123 1450
1124 1341
1125 558
1126 1460
1127 1514
1131 550
1134 1345
1135 1465
1135 1505
1139 543
1140 1474
1140 1485
1140 1495
1144 1345
1145 535
1150 1353
1155 531
1160 521
1160 1356
1168 515
1169 1361
1175 506
1179 1360
1185 501
1188 1365
1195 491
1195 1373
1205 481
1205 1376
1214 1381
1215 476
1220 466
1224 1385
1230 461
1234 1385
1235 451
1240 1393
1245 453
1250 1395
1251 445
1256 435
1260 1396
1265 430
1270 1400
1275 421
1280 1401
1285 420
1286 1409
1293 414
1296 1413
1298 405
1305 1418
1307 410
1311 400
1315 1420
1316 390
1325 395
1325 1421
1330 405
1331 1429
1334 390
1335 414
1341 1433
1343 420
1351 1435
1352 425
1360 1440
1361 420
1366 1448
1371 424
1375 1453
1380 1462
1380 1472
1381 420
1385 1481
1385 1491
1390 1500
1391 424
1396 1508
1400 1518
1401 425
1405 1527
1405 1537
1410 1546
1410 1556
1411 424
1415 1565
1418 1575
1421 420
1423 1584
1425 1594
1430 411
1430 1603
1430 1613
1440 415
1440 1616
1440 1626
1445 425
1445 1635
1449 410
1450 434
1450 444
1451 1643
1458 450
1459 1650
1460 1660
1467 455
1469 1665
1475 1673
1476 460
1480 1686
1485 465
1489 1691
1494 1700
1495 461
1498 1710
1505 465
1508 1714
1515 466
1517 1719
1520 456
1520 475
1520 495
1520 505
1520 515
1521 485
1525 524
1526 1724
1529 470
1530 458
1531 1733
1535 528
1539 463
1540 1738
1543 535
1548 1744
1552 540
1555 855
1556 865
1557 1749
1560 845
1560 875
1561 545
1566 1754
1568 838
1568 881
1570 540
1573 828
1575 889
1576 1758
1578 818
1580 543
1584 810
1584 1765
1585 893
1590 541
1593 1770
1594 812
1594 898
1595 585
1599 802
1600 540
1600 620
1600 1778
1603 578
1603 591
1604 898
1605 601
1605 611
1605 629
1608 568
1608 1784
1609 797
1610 538
1610 720
1610 730
1610 740
1613 558
1614 893
1615 633
1615 710
1615 749
1617 789
1617 1789
1618 548
1623 703
1624 638
1624 890
1625 753
1625 763
1625 780
1626 1794
1628 693
1632 645
1633 770
1633 884
1636 1798
1638 690
1640 651
1643 661
1643 880
1644 1805
1647 685
1653 665
1653 879
1653 1810
1656 680
1658 870
1662 670
1663 1814
1665 685
1668 870
1671 1820
1678 870
1680 1825
1687 865
1689 1830
1697 865
1698 1835
1706 860
1707 1840
1716 860
1717 1840
1726 860
1726 1845
1735 855
1736 1845
1745 855
1745 1850
1754 1855
1755 853
1763 1860
1765 850
1773 1860
1775 850
1782 1865
1784 845
1791 1870
1794 846
1801 1870
1804 845
1809 1876
1814 843
1819 1880
1824 843
1829 1880
1834 843
1838 1885
1844 845
1848 1885
1854 845
1855 1893
1864 846
1865 1896
1874 850
1874 1901
1884 850
1884 1905
1894 850
1894 1905
1900 1913
1904 850
1910 1916
1914 850
1919 1921
1924 851
1929 1925
1934 851
1939 1925
1943 856
1945 1933
1953 855
1955 1936
1962 860
1964 1941
1969 868
1974 1945
1979 871
1984 1945
1988 876
1994 1945
1998 880
2004 1945
2008 880
2013 1950
2014 888
2020 1690
2021 1700
2022 1945
2024 891
2025 1710
2025 1720
2030 1691
2030 1729
2030 1739
2032 1945
2033 896
2038 1745
2039 1696
2042 1945
2043 900
2045 1753
2049 908
2049 1700
2049 1763
2051 1950
2055 1771
2058 1695
2059 911
2060 1780
2061 1790
2061 1950
2067 1700
2069 915
2070 1795
2070 1805
2071 1953
2075 1815
2076 1705
2079 916
2079 1947
2080 1824
2085 924
2085 1700
2085 1833
2089 1950
2090 1842
2095 928
2095 1700
2096 1850
2099 1947
2101 1859
2104 933
2104 1705
2109 1865
2109 1945
2113 1710
2114 931
2115 1873
2118 1719
2119 1945
2120 1882
2123 936
2127 1724
2129 1887
2129 1942
2130 944
2135 1730
2136 1895
2137 1934
2140 948
2141 1904
2145 1730
2145 1925
2149 953
2149 1911
2154 1735
2159 956
2164 1735
2165 964
2173 1740
2175 968
2182 1745
2184 973
2192 980
2192 1745
2201 985
2201 1750
2206 1759
2211 989
2214 1765
2220 994
2223 1770
2228 1000
2233 1774
2234 1008
2242 1779
2244 1011
2250 1019
2250 1785
2259 1790
2260 1023
2268 1030
2268 1795
2274 1038
2278 1799
2284 1041
2286 1805
2290 1049
2295 1810
2298 1055
2304 1815
2307 1060
2313 1820
2314 1068
2322 1075
2322 1825
2326 1085
2331 1830
2336 1089
2339 1836
2340 1099
2345 1450
2345 1844
2346 1460
2350 1103
2350 1853
2354 1466
2355 1112
2355 1450
2355 1862
2360 1474
2363 1869
2364 1117
2364 1445
2365 1483
2370 1125
2370 1877
2370 1887
2374 1442
2374 1488
2375 1134
2375 1896
2375 1906
2380 1143
2380 1915
2382 1495
2384 1153
2384 1442
2389 1503
2389 1920
2392 1160
2393 1930
2394 1440
2396 1170
2397 1510
2398 1939
2400 1951
2404 1176
2404 1440
2406 1515
2406 1959
2410 1184
2411 1968
2414 1437
2414 1521
2415 1193
2419 1975
2420 1202
2423 1526
2424 1440
2425 1983
2429 1207
2433 1530
2433 1989
2434 1437
2435 1215
2436 1225
2439 1538
2440 1997
2444 1437
2446 1229
2449 1541
2450 2001
2454 1236
2454 1435
2454 2011
2458 1246
2458 1546
2460 2021
2464 1432
2465 1254
2468 1550
2469 2026
2473 1260
2474 1427
2474 1558
2474 2035
2476 1270
2478 2045
2484 1422
2484 1553
2485 1275
2485 2053
2490 1284
2490 2062
2492 1414
2494 1550
2495 1293
2499 1303
2500 1400
2500 2066
2504 1550
2505 1311
2505 1321
2505 1331
2505 1390
2505 2075
2510 1340
2510 1350
2510 1360
2510 1370
2510 1380
2511 2083
2514 1550
2519 2090
2524 1550
2525 2098
2533 1555
2533 2104
2542 1560
2542 2109
2546 2119
2552 1560
2556 2123
2562 1560
2565 2128
2571 1565
2575 2131
2580 1570
2581 2139
2590 1566
2591 2143
2600 1570
2601 2145
2610 1570
2611 2148
2620 1570
2621 2150
2630 1570
2630 2155
2636 2163
2640 1570
2646 2163
2649 1575
2656 2165
2659 1575
2666 2168
2668 1580
2676 2168
2678 1580
2686 2170
2687 1585
2696 1590
2696 2170
2704 1596
2705 2175
2713 1601
2715 2175
2723 1605
2725 2175
2733 1605
2734 2180
2743 1605
2744 2180
2749 1613
2754 2182
2759 1615
2764 2182
2769 1616
2774 2185
2778 1621
2784 2185
2788 1620
2794 2185
2797 1625
2804 2182
2807 1625
2814 1633
2814 2180
2824 1636
2824 2182
2834 1640
2834 2182
2844 1641
2844 2182
2853 1646
2854 2185
2863 1650
2864 2185
2872 1655
2874 2187
2879 1663
2884 2187
2889 1666
2894 2185
2895 1674
2904 2182
2905 1678
2914 1683
2914 2180
2920 1691
2924 2177
2929 1696
2934 2175
2935 1705
2943 1711
2944 2172
2952 2165
2953 1715
2956 1725
2961 2160
2965 1730
2970 1739
2970 2155
2978 1745
2980 2150
2985 1753
2990 1762
2990 2145
2996 1770
2998 2138
3001 1779
3005 1789
3008 2133
3013 1795
3013 2123
3016 1805
3021 1814
3023 2118
3028 2108
3029 1821
3033 2098
3035 1829
3038 2088
3040 1838
3040 1848
3045 1857
3045 1867
3045 1877
3045 2075
3050 1886
3050 1896
3050 2065
3055 1905
3055 1920
3055 2050
3060 1929
3060 1939
3060 1950
3060 1970
3060 1990
3060 2040
3065 1960
3065 1979
3065 1999
3065 2009
3065 2020
3065 2030
