24 192
24 202
29 211
29 221
32 184
34 230
34 240
40 176
40 248
50 171
50 252
57 260
58 164
65 156
65 267
72 275
73 149
82 144
82 275
92 139
92 279
100 285
102 139
110 285
111 134
120 287
121 130
127 295
131 129
137 295
141 129
147 299
151 129
155 305
161 129
165 305
171 129
175 307
181 125
185 310
191 129
194 315
201 129
204 315
211 129
213 320
221 129
223 320
231 129
232 325
241 129
241 330
249 336
251 129
256 344
261 129
264 350
270 358
271 129
280 134
280 360
289 365
290 134
299 365
300 134
309 129
309 365
318 124
318 370
320 335
325 116
325 344
328 370
330 335
333 109
335 344
337 375
340 335
342 104
343 350
347 360
347 379
350 337
352 99
355 385
357 364
359 87
360 340
365 387
366 369
367 79
370 340
374 392
375 374
377 79
379 345
384 379
384 395
385 71
388 340
393 400
394 381
395 69
398 340
400 389
402 405
405 66
407 345
410 389
412 404
415 64
417 345
425 67
427 345
435 69
437 345
445 69
447 345
455 72
457 345
465 74
465 135
465 145
466 350
470 154
473 80
473 128
474 356
478 118
479 365
480 88
480 98
480 154
485 107
485 373
490 151
490 382
497 390
498 144
507 139
507 394
514 402
517 134
524 405
525 126
533 119
533 410
540 418
543 119
550 111
550 420
560 106
560 420
570 107
570 422
580 109
580 425
589 104
590 425
599 106
599 430
609 109
609 430
619 111
619 430
628 116
629 430
638 119
639 430
640 365
642 375
647 124
649 430
650 365
652 379
656 129
659 387
659 430
660 367
665 134
667 394
669 430
670 370
675 137
677 394
679 430
680 146
680 370
686 154
686 399
689 430
690 372
694 406
695 225
696 154
697 235
699 427
700 375
700 414
704 161
705 220
707 239
709 370
713 166
715 220
716 244
718 375
720 174
725 220
725 249
728 375
730 177
735 220
735 249
738 375
739 182
744 215
745 249
747 189
747 380
754 215
755 252
756 194
757 380
763 259
764 212
765 199
766 375
772 254
776 378
782 254
786 380
791 259
796 380
801 259
806 383
810 254
815 388
820 254
825 392
830 254
834 397
839 249
842 404
848 254
852 405
858 254
860 412
868 255
870 415
878 259
880 415
888 259
889 420
897 254
899 420
906 259
909 420
916 259
919 420
926 259
929 420
935 264
939 417
945 264
949 412
955 267
959 410
963 274
968 405
973 274
978 405
983 275
987 399
990 283
990 293
995 390
998 300
1003 383
1005 308
1008 373
1010 317
1010 345
1010 355
1014 327
