169 1137
169 1147
169 1157
169 1167
174 1127
174 1176
174 1186
179 1117
179 1195
184 1107
185 1203
189 1077
189 1087
189 1097
194 1067
195 1205
199 1057
205 1207
207 1049
215 1041
215 1210
223 1034
225 1210
230 1026
235 1210
240 1021
244 1205
248 1014
252 1004
254 1205
260 996
264 1205
265 986
273 979
274 1202
277 969
284 1197
285 961
290 951
294 1195
298 944
304 932
304 1195
312 924
313 1190
319 912
323 1188
329 907
333 1183
337 899
343 1178
344 702
344 712
344 722
344 887
349 692
349 731
349 741
349 751
353 1175
354 677
354 760
354 882
357 770
359 662
362 874
362 1170
365 777
367 654
369 787
369 862
372 1169
374 796
375 646
379 805
379 815
379 857
382 1164
383 639
385 823
387 849
390 631
390 1155
393 830
394 840
398 624
399 1150
407 619
407 1144
415 1135
417 619
425 1130
426 614
434 1125
436 610
440 1115
446 609
450 1110
455 614
458 1103
465 614
465 1090
474 619
475 1085
484 621
484 1080
492 1074
493 626
500 1065
503 630
509 1060
510 638
518 645
518 1055
525 653
528 1055
533 660
538 1055
540 668
548 1055
550 672
558 1055
559 522
559 532
559 542
559 552
559 562
559 572
559 592
559 602
559 667
564 492
564 502
564 512
564 581
564 611
564 621
567 1060
569 477
569 630
569 657
572 640
574 467
576 1055
582 459
586 1058
590 451
596 1055
598 444
604 1047
607 439
612 1039
615 431
620 1030
625 426
625 1020
633 419
633 1013
640 1005
642 414
648 998
651 409
655 905
655 990
661 409
663 898
663 983
670 404
670 885
670 970
673 899
678 878
680 404
680 960
683 899
684 870
685 950
689 399
690 860
690 891
693 943
698 853
699 399
700 889
700 935
705 845
708 928
709 397
710 835
710 886
713 918
718 828
719 394
720 884
720 910
725 815
728 903
729 392
730 887
733 808
739 387
739 800
747 794
749 384
755 780
759 384
764 775
769 384
774 775
778 379
784 775
787 374
794 775
797 369
800 445
804 775
805 435
807 369
810 425
810 446
814 775
815 415
816 374
818 439
823 408
824 772
825 431
826 374
830 390
830 400
833 424
834 770
840 416
844 770
848 409
852 764
855 401
862 759
863 394
870 386
870 750
878 379
880 740
885 371
888 733
893 364
895 725
900 356
905 346
905 715
913 339
915 705
917 329
919 317
920 520
920 695
924 307
928 513
928 688
930 524
930 675
932 299
935 500
935 665
939 512
940 291
940 650
943 493
945 281
945 620
945 630
945 640
948 483
949 267
949 507
950 605
955 475
955 585
955 595
957 259
959 242
959 509
960 550
960 560
960 570
963 468
965 540
967 234
967 515
969 222
970 460
970 525
977 214
978 453
982 204
985 445
990 196
990 435
994 182
998 428
1002 174
1005 420
1007 164
1012 154
1013 413
1020 146
1023 408
1025 136
1030 400
1034 127
1040 395
1042 119
1049 390
1051 114
1058 385
1061 110
1067 379
1071 109
1077 374
1081 110
1087 370
1091 110
1096 365
1101 114
1105 360
1109 121
1113 353
1115 129
1120 345
1125 132
1130 340
1132 140
1140 147
1140 330
1147 155
1150 325
1155 162
1158 318
1162 170
1165 310
1170 177
1173 303
1175 186
1180 295
1181 194
1185 204
1188 288
1193 210
1195 280
1200 218
1200 270
1205 227
1205 237
1205 247
1208 263
