154 152
159 161
159 171
162 144
166 179
170 150
174 185
174 457
174 467
174 477
174 487
175 159
180 193
182 494
184 247
184 459
185 162
186 504
188 200
189 256
193 454
194 244
195 164
195 208
196 264
196 505
199 218
199 228
199 382
199 392
199 402
199 412
199 422
200 446
204 240
204 270
204 362
204 372
204 431
205 167
206 505
209 352
213 275
214 342
215 166
216 505
219 332
222 280
224 322
225 164
225 500
229 312
230 287
231 508
235 164
237 295
237 305
239 515
242 525
245 161
247 534
251 544
255 156
256 553
264 560
265 151
267 570
275 146
275 577
282 585
285 144
291 590
294 139
300 595
304 137
310 595
314 134
319 600
324 132
329 600
334 129
339 600
344 129
349 600
354 129
358 595
364 129
368 595
374 129
377 590
384 131
386 585
394 134
395 580
404 136
405 575
413 568
414 139
420 560
423 144
425 550
430 540
433 145
435 530
440 520
442 150
445 510
450 500
452 154
455 490
459 162
460 280
460 290
460 480
465 299
465 470
467 169
470 280
470 308
470 455
474 177
475 317
475 445
479 285
480 326
480 430
482 184
485 194
485 335
485 410
485 420
489 285
490 203
490 213
490 223
490 344
490 354
490 364
490 375
490 385
490 395
498 280
500 227
508 280
510 229
518 280
520 232
528 280
530 234
538 278
540 234
548 273
550 234
558 268
559 229
565 255
569 229
570 240
