79 142
84 151
87 134
89 160
95 126
98 165
99 432
99 442
103 119
104 417
104 451
104 461
105 173
109 402
109 470
113 119
113 180
114 392
114 479
119 488
120 111
120 188
122 384
127 374
128 104
128 195
129 490
132 364
135 96
135 203
137 354
139 487
140 212
142 344
143 89
144 222
144 332
149 231
149 312
149 322
149 490
150 81
154 240
154 250
154 260
154 272
154 282
154 297
159 490
160 76
162 500
168 69
170 507
174 517
177 64
179 526
184 535
185 56
190 543
195 51
195 552
202 560
205 46
211 565
215 41
220 570
225 36
230 570
235 31
240 570
245 26
249 575
255 26
258 580
265 24
268 580
275 24
277 585
285 24
286 590
295 24
295 595
305 24
305 597
315 24
315 600
324 29
324 605
333 610
334 29
342 615
344 31
352 615
354 34
355 365
355 375
360 355
360 384
362 40
362 619
365 393
368 348
372 39
372 615
374 340
375 397
379 47
382 619
384 340
384 402
387 54
392 409
392 615
394 340
396 59
401 414
402 615
404 66
404 340
405 424
410 74
411 610
413 345
415 427
420 77
421 610
422 350
423 434
427 85
430 605
431 355
432 439
435 92
439 361
439 447
440 600
442 100
446 369
447 454
450 600
452 104
454 375
455 460
459 595
460 383
460 469
461 109
468 390
468 590
470 114
470 472
475 398
477 480
477 585
480 114
483 405
485 487
487 584
490 114
490 413
492 495
495 285
495 575
498 420
500 112
500 294
500 304
500 502
505 285
505 313
505 428
505 570
507 510
510 109
510 322
514 280
515 432
515 517
515 565
517 330
520 109
522 274
522 339
522 440
522 525
525 560
527 534
529 347
530 107
530 175
530 544
531 445
532 269
535 165
535 184
537 354
540 107
540 155
540 193
540 260
540 450
544 362
545 145
550 107
550 130
550 197
550 250
550 445
552 369
554 117
555 379
557 205
558 243
560 230
560 388
560 400
560 415
560 430
560 440
562 214
