79 127
79 137
87 119
87 144
94 152
96 114
99 457
99 467
99 477
104 155
104 486
105 109
107 449
109 495
110 163
111 100
115 441
119 92
119 497
120 165
123 434
127 84
129 170
129 495
130 426
137 79
138 175
139 495
140 421
145 71
147 180
148 500
150 416
152 510
155 66
157 184
158 409
160 517
163 59
164 527
166 189
167 404
169 536
172 54
174 545
176 193
177 399
180 553
181 49
185 198
185 562
187 394
190 44
193 205
194 567
196 389
199 37
202 210
202 574
204 382
209 32
210 217
211 579
212 374
219 27
219 222
221 580
222 369
227 229
229 24
230 361
231 580
234 237
238 19
238 354
240 585
242 244
244 342
246 254
248 19
250 587
251 263
252 334
254 322
255 273
258 19
259 283
259 293
259 303
259 313
259 592
268 19
269 595
278 19
278 600
288 19
288 600
297 605
298 19
306 610
308 19
315 615
317 24
324 620
327 24
334 620
337 24
343 625
346 29
353 625
355 34
363 625
365 37
370 485
372 495
373 625
374 42
375 470
382 49
382 494
383 463
383 625
388 453
391 54
391 499
393 625
395 445
400 59
401 499
402 620
405 68
405 440
410 504
412 620
415 72
415 440
420 507
422 80
422 619
424 435
430 87
430 509
432 615
434 435
438 94
440 512
441 610
444 435
447 99
450 514
450 605
453 440
456 104
460 517
460 600
463 440
465 109
468 524
470 595
472 445
474 114
478 524
480 590
482 449
483 109
487 529
490 590
491 454
493 109
495 290
496 534
497 300
498 583
500 310
501 455
502 104
504 285
505 319
506 534
508 578
510 328
510 460
512 104
513 280
514 541
515 337
518 573
520 462
522 104
522 274
523 344
523 546
525 565
530 170
530 180
530 460
530 554
532 104
532 269
532 349
535 160
535 359
538 186
540 260
540 460
542 104
543 153
543 365
545 140
545 194
550 125
550 250
550 373
550 455
551 109
555 197
555 382
558 243
558 448
559 207
560 230
560 391
560 405
560 420
560 430
564 216
