64 142
69 151
72 134
76 159
80 126
84 165
84 432
84 442
84 452
84 462
88 119
89 417
89 471
90 173
94 407
94 480
97 114
98 180
99 397
99 489
107 109
107 185
107 389
107 495
112 194
112 379
115 101
116 500
117 369
119 202
119 357
123 94
124 211
124 347
125 495
129 220
129 332
130 86
132 230
134 240
134 322
135 497
138 79
139 249
139 259
139 269
139 279
139 289
139 299
139 309
144 502
147 74
152 509
155 66
156 519
161 528
165 61
169 535
174 544
175 56
179 553
183 49
184 562
192 44
192 569
201 39
201 574
209 580
211 35
219 580
221 30
228 585
231 25
238 585
241 24
247 590
251 24
257 590
261 24
265 597
271 24
275 600
281 24
285 602
291 24
294 607
301 24
304 610
311 24
313 615
321 24
323 615
325 205
325 215
330 195
330 224
331 24
332 620
335 185
340 29
340 227
341 625
343 178
348 234
349 34
350 165
351 625
357 40
358 158
358 235
361 625
365 47
365 150
365 485
367 240
370 475
370 494
371 625
372 55
373 143
375 247
375 465
377 64
379 499
380 135
381 625
383 254
383 458
384 72
388 128
388 448
389 499
391 625
392 79
392 259
393 438
398 123
398 504
399 87
400 430
401 264
401 625
405 115
405 310
405 320
407 330
408 505
409 91
410 269
410 425
410 620
413 108
414 305
415 278
417 334
418 418
418 509
420 287
420 297
420 620
427 334
428 413
428 509
430 615
435 405
437 334
437 514
440 610
445 400
447 334
447 514
450 610
455 395
456 519
457 329
459 605
465 390
465 524
467 324
468 600
474 529
475 390
477 324
478 598
484 385
484 531
485 590
486 319
493 536
494 385
494 585
496 319
503 380
503 539
503 580
506 315
512 544
512 575
513 378
516 310
520 550
521 570
523 375
525 559
526 309
532 370
535 304
541 365
544 299
550 360
554 299
560 355
564 299
569 350
574 301
575 340
580 309
580 330
585 318
