24 247
24 257
24 267
29 237
29 276
34 212
34 222
34 285
40 293
44 202
48 300
52 194
58 300
61 189
68 300
69 182
77 174
78 300
84 107
84 117
84 127
84 137
85 166
87 305
89 92
89 146
89 156
97 84
97 305
105 312
107 79
114 317
116 84
119 326
119 382
119 392
126 84
126 334
127 374
129 395
134 340
136 84
137 369
138 400
140 348
145 89
147 369
147 395
148 355
150 98
150 108
155 117
155 127
155 137
155 147
157 395
163 154
167 394
172 159
177 390
182 154
187 390
191 159
196 385
200 154
205 380
209 147
215 380
219 144
225 380
229 142
234 385
237 395
239 139
245 402
249 139
254 407
258 144
264 410
267 139
274 407
277 139
284 405
287 139
294 405
297 139
304 405
306 144
309 414
309 424
316 144
317 430
326 144
326 435
329 122
329 132
336 435
339 119
345 405
345 415
345 425
349 119
355 400
359 119
365 127
365 137
365 147
365 157
365 400
374 162
375 400
384 166
385 400
390 174
394 405
395 183
403 190
404 405
407 200
414 402
415 207
422 215
424 400
427 224
434 232
434 397
440 240
440 260
442 389
445 249
445 269
445 279
450 288
450 298
450 308
450 318
450 380
455 327
455 337
455 370
460 346
460 356
