24 72
24 82
32 64
32 89
39 97
42 59
44 106
49 115
51 64
55 123
61 64
63 130
67 140
70 69
75 147
79 74
82 155
87 80
90 162
95 87
97 170
104 92
105 177
112 185
114 96
117 194
119 204
119 214
119 224
119 234
120 104
121 244
129 109
129 250
132 260
137 115
141 265
145 122
150 260
154 127
160 135
160 250
168 141
169 245
175 253
178 145
183 260
185 153
190 268
193 160
198 275
200 168
205 283
210 172
215 287
217 180
219 297
227 184
229 300
234 192
238 305
242 199
245 313
252 199
253 320
262 199
262 325
264 335
269 344
271 354
272 199
279 360
282 199
285 368
290 377
292 199
295 240
297 250
297 385
301 204
303 233
305 257
307 384
309 211
310 221
312 265
317 380
320 272
327 280
327 380
337 284
337 380
347 284
347 380
356 289
357 380
365 387
366 289
372 395
375 294
380 402
385 297
387 410
394 302
394 418
395 330
395 340
395 350
397 360
399 427
400 320
402 309
402 369
404 436
409 377
409 445
415 453
419 381
420 462
427 470
428 386
432 479
435 394
439 487
444 496
445 397
451 504
454 402
459 510
464 406
469 507
470 465
470 475
470 485
470 495
473 411
479 460
483 415
489 460
492 420
499 460
502 424
509 460
511 429
519 436
519 460
528 441
529 460
535 449
539 462
