134 287
134 297
139 306
142 279
144 315
144 325
150 271
150 333
155 342
158 264
159 352
159 362
159 372
162 254
164 381
170 246
172 374
178 239
180 365
185 231
185 355
190 335
190 345
193 224
198 328
202 219
205 320
209 207
209 497
213 313
214 457
214 467
214 477
214 487
214 506
217 199
218 303
219 447
219 515
225 295
225 523
226 194
227 439
230 532
232 429
233 288
234 542
235 189
239 417
239 551
240 280
244 184
244 407
246 559
249 275
249 397
253 179
254 565
257 269
257 389
259 574
262 379
263 179
265 255
265 582
269 367
270 171
272 590
275 250
275 575
277 359
279 347
280 166
280 535
280 545
280 555
280 565
284 337
285 250
285 500
285 510
285 520
290 164
290 475
290 485
292 329
294 245
295 465
300 161
300 321
302 239
303 458
308 314
308 448
310 159
312 235
313 438
315 306
318 428
319 154
322 234
323 299
325 415
329 154
330 291
332 230
333 408
338 284
338 398
339 154
342 230
344 547
344 557
344 567
344 577
344 587
344 597
344 607
344 617
344 627
344 637
344 647
344 657
344 667
345 385
347 279
349 154
349 512
349 522
349 532
349 676
350 375
352 230
354 492
354 502
357 274
358 368
359 154
359 477
359 680
362 230
364 467
365 360
365 688
367 269
369 154
369 457
372 230
373 353
373 695
374 447
377 269
379 154
380 345
380 703
382 230
382 439
386 264
387 429
389 154
390 340
390 707
392 230
394 412
396 264
397 715
399 154
399 402
400 340
402 230
405 259
407 394
407 719
409 154
409 335
412 230
412 384
414 240
414 250
415 725
419 154
419 335
420 376
420 555
420 565
420 575
420 585
420 595
420 605
420 615
420 625
420 635
420 645
420 655
420 665
422 675
425 515
425 525
425 535
425 545
425 685
425 695
425 705
425 725
427 715
428 369
429 154
429 335
430 500
435 361
435 490
438 159
438 340
440 480
442 350
448 159
448 473
452 149
453 463
460 141
460 450
465 435
468 134
473 428
475 126
480 420
485 121
488 413
489 527
489 537
489 547
489 557
489 567
489 577
489 587
489 597
493 114
494 492
494 502
494 512
494 606
494 616
498 408
499 472
499 482
499 625
502 109
502 635
504 452
504 462
508 410
509 437
509 643
509 653
509 663
510 673
511 104
514 418
514 428
514 683
514 693
514 703
514 713
514 723
519 732
519 742
519 752
519 762
520 99
525 770
529 94
534 775
538 89
544 775
548 89
553 780
557 84
563 780
565 530
565 540
565 550
565 560
565 570
565 580
565 590
567 84
567 600
570 495
570 505
570 515
573 780
575 475
575 485
575 607
577 79
579 617
580 460
580 627
583 780
584 637
585 445
585 647
585 657
585 667
587 79
590 676
590 686
590 696
590 706
590 716
592 785
593 726
595 447
595 736
595 746
595 756
595 766
597 79
602 455
607 79
610 462
617 79
617 470
622 479
624 489
627 79
629 498
629 508
634 517
634 527
637 79
639 536
639 546
639 556
639 566
644 575
644 585
644 595
644 605
644 615
644 625
644 635
644 645
644 655
644 665
644 675
644 685
644 695
644 705
644 715
644 725
644 735
644 745
644 755
644 765
644 775
646 84
647 785
656 84
657 785
665 89
667 785
675 89
677 785
680 420
680 430
684 94
685 439
687 785
690 415
690 448
693 99
695 457
695 467
697 785
700 410
700 476
700 486
702 104
705 495
705 505
707 785
710 410
710 514
710 524
711 109
715 533
715 543
715 553
715 563
717 784
719 415
720 114
720 572
720 582
720 592
720 602
720 612
720 622
720 632
720 642
720 652
720 662
720 672
720 682
720 692
720 702
720 712
720 722
720 732
720 742
720 752
720 762
720 772
725 423
728 120
733 430
737 125
742 435
745 132
747 444
752 140
754 452
759 461
760 147
765 156
765 355
766 469
769 479
770 364
771 164
773 348
774 488
775 498
778 370
779 340
779 508
780 518
781 164
784 528
787 375
788 345
789 537
789 547
791 164
794 556
794 566
795 382
797 350
799 575
799 585
799 595
799 605
799 662
799 672
799 682
799 692
799 702
799 712
799 722
799 732
800 245
800 255
800 265
800 391
801 164
804 614
804 624
804 634
804 644
805 274
805 357
806 399
809 367
809 732
810 169
810 245
810 409
815 277
817 374
817 724
818 415
820 169
820 247
821 384
825 279
825 423
825 715
829 174
829 390
830 250
832 400
833 430
834 284
835 710
837 440
839 174
839 255
840 407
840 450
840 700
842 290
842 460
845 470
847 415
848 179
848 260
848 693
850 297
850 479
850 489
854 423
855 498
855 508
855 685
857 265
857 305
858 180
859 432
860 517
860 527
863 678
865 312
865 536
865 546
866 270
867 185
867 439
869 322
870 555
872 565
873 673
874 447
875 192
875 275
875 330
875 575
875 585
875 595
877 605
878 663
879 456
880 339
880 615
880 625
880 635
880 645
884 197
885 277
885 348
886 464
889 474
893 355
894 201
894 483
894 493
895 280
899 502
899 512
900 363
904 204
904 285
904 521
904 531
908 370
909 540
909 550
910 293
912 380
913 209
914 559
914 569
914 579
916 589
919 599
919 609
919 619
920 297
920 387
923 209
927 305
927 395
929 617
932 214
935 312
935 402
937 609
939 412
941 219
942 320
942 599
945 420
949 226
950 327
950 429
950 575
950 585
955 234
955 438
955 560
957 335
960 447
960 520
960 530
960 540
960 550
964 239
964 457
965 342
965 467
965 485
965 495
965 505
972 245
972 350
980 252
980 357
987 260
987 365
992 374
995 267
999 382
1002 275
1009 377
1010 282
1010 365
1015 345
1015 355
1017 290
1020 335
1025 297
1028 328
1030 310
