279 337
279 347
279 357
279 367
279 377
279 387
279 397
279 407
284 312
284 322
284 416
284 426
289 297
289 435
294 282
295 443
299 272
303 450
307 264
312 254
312 455
320 246
321 460
330 241
331 460
340 239
341 460
350 239
351 460
360 239
361 460
370 242
371 460
380 244
381 460
390 244
391 460
400 244
401 460
410 244
411 460
420 244
421 460
430 244
431 460
440 244
441 460
450 244
451 460
460 244
461 460
469 249
471 460
479 249
481 460
489 249
491 460
499 249
501 460
509 249
511 460
519 249
521 460
529 249
531 460
539 249
541 460
548 254
551 460
558 254
561 460
568 254
571 460
578 254
581 460
588 254
591 460
598 254
601 460
608 254
611 460
618 255
621 460
628 259
631 460
638 259
641 460
648 259
651 460
658 259
661 460
668 259
671 460
678 259
680 465
688 259
690 465
698 259
700 465
708 259
709 460
717 264
719 460
727 264
729 460
737 264
738 465
747 264
748 465
757 264
758 465
767 264
768 465
777 264
778 465
787 264
788 465
797 264
798 465
806 269
808 465
816 269
818 465
826 269
828 465
836 269
838 465
846 269
848 465
856 269
858 465
866 269
868 465
875 274
878 465
885 274
888 465
895 277
898 463
905 279
908 458
915 279
918 455
925 279
928 455
934 284
938 455
944 284
948 455
954 284
958 455
964 284
968 455
974 284
978 455
984 286
988 455
994 289
998 455
1004 289
1008 455
1014 289
1018 455
1024 289
1028 455
1034 289
1038 455
1044 289
1048 455
1054 289
1058 455
1063 294
1068 455
1073 294
1078 455
1083 294
1088 455
1093 294
1097 460
1103 294
1107 460
1113 294
1117 460
1123 294
1127 460
1133 294
1137 460
1142 299
1147 460
1152 299
1157 460
1162 299
1167 460
1172 299
1177 460
1182 299
1187 460
1192 299
1197 460
1202 299
1207 460
1211 304
1217 460
1221 304
1227 460
1231 304
1237 460
1241 304
1247 460
1251 304
1257 460
1261 304
1267 460
1271 304
1277 460
1281 304
1287 460
1290 309
1297 460
1300 309
1307 460
1310 309
1317 460
1320 309
1327 460
1330 309
1337 460
1340 309
1347 460
1350 309
1357 460
1360 309
1367 460
1369 314
1377 460
1379 314
1387 460
1389 314
1397 460
1399 314
1407 460
1409 314
1416 465
1419 314
1426 465
1429 314
1436 465
1439 314
1446 465
1448 319
1456 465
1458 319
1466 465
1468 319
1476 465
1478 319
1486 465
1488 319
1496 465
1498 319
1506 465
1508 319
1516 465
1518 319
1526 465
1527 324
1536 465
1537 324
1546 465
1547 324
1556 465
1557 324
1566 465
1567 324
1576 465
1577 324
1586 465
1587 324
1596 329
1596 468
1606 329
1606 470
1616 329
1616 470
1626 329
1626 470
1636 329
1636 470
1646 329
1646 470
1656 329
1656 470
1666 329
1666 470
1676 329
1676 470
1685 334
1686 470
1695 334
1695 465
1705 337
1705 465
1715 339
1715 465
1724 460
1725 342
1734 460
1735 344
1743 455
1744 349
1753 354
1753 455
1762 450
1763 355
1772 360
1772 449
1782 364
1782 444
1791 369
1792 439
1800 374
1802 434
1810 377
1812 429
1819 382
1822 424
1829 386
1830 415
1835 394
1835 404
