289 462
289 472
289 482
289 492
289 502
289 512
289 522
294 452
297 529
304 447
304 537
312 544
314 444
322 545
324 444
331 550
334 444
341 550
344 444
351 550
354 444
361 550
363 439
371 550
373 439
381 553
383 439
391 555
393 439
401 555
403 440
411 555
413 444
421 555
423 444
431 555
433 444
441 555
443 444
451 555
453 444
461 555
463 444
471 555
473 444
481 555
483 444
491 555
493 444
501 555
503 444
511 555
513 444
521 555
523 444
531 555
532 439
541 555
542 439
551 555
552 439
561 555
562 439
571 555
572 439
581 555
582 439
591 555
592 439
601 555
602 439
611 555
612 439
621 555
622 439
631 555
632 439
641 555
642 439
651 555
652 439
661 555
662 439
671 555
672 439
681 555
682 439
691 555
692 439
701 555
702 439
711 555
712 434
721 555
722 434
731 439
731 555
741 439
741 555
751 439
751 555
761 439
761 555
771 439
771 555
781 439
781 555
790 550
791 439
800 550
801 439
810 550
811 439
820 550
821 439
830 550
831 439
840 550
841 439
850 550
851 439
860 550
861 439
870 550
871 439
880 550
881 439
890 550
891 439
900 550
901 439
910 550
911 435
920 550
921 434
930 550
931 434
940 550
941 434
950 550
951 434
960 550
961 434
970 550
971 434
980 550
981 434
990 550
991 434
1000 550
1001 434
1010 550
1011 434
1020 550
1021 434
1030 550
1031 434
1040 550
1041 434
1050 550
1051 434
1060 439
1060 550
1069 434
1070 550
1079 434
1080 550
1089 434
1090 550
1099 434
1100 550
1109 434
1110 550
1119 434
1120 550
1129 434
1130 550
1139 434
1140 550
1149 434
1150 550
1159 434
1160 550
1169 434
1170 550
1179 434
1180 550
1188 439
1190 550
1198 439
1200 550
1207 434
1210 550
1217 434
1220 550
1227 434
1230 550
1237 434
1240 550
1247 434
1250 550
1257 434
1260 550
1267 434
1270 550
1277 434
1280 550
1287 434
1290 550
1297 429
1300 550
1307 429
1310 550
1316 434
1320 550
1326 434
1330 550
1336 434
1340 550
1346 434
1350 550
1356 434
1360 550
1366 434
1370 550
1376 434
1380 550
1386 434
1390 550
1396 434
1400 550
1406 434
1410 550
1416 430
1420 550
1426 429
1430 550
1435 434
1440 550
1445 434
1450 550
1455 434
1460 550
1465 434
1470 550
1475 434
1480 550
1485 434
1490 550
1495 434
1500 550
1505 434
1510 550
1515 434
1520 550
1525 434
1530 550
1535 434
1540 550
1545 434
1550 550
1555 434
1560 550
1565 434
1570 550
1575 434
1580 550
1585 434
1590 550
1595 434
1600 550
1605 434
1609 545
1615 434
1619 545
1625 434
1629 545
1635 434
1639 545
1645 431
1649 545
1655 429
1659 545
1665 429
1669 545
1675 429
1679 545
1685 429
1689 545
1695 429
1699 545
1705 429
1709 545
1715 429
1719 545
1725 429
1729 545
1735 429
1739 545
1745 432
1749 545
1755 434
1759 545
1765 434
1769 545
1775 434
1779 545
1785 434
1789 545
1795 431
1798 550
1805 429
1808 550
1815 429
1818 550
1825 429
1828 550
1835 426
1838 550
1843 419
1847 555
1852 414
1857 555
1861 409
1867 555
1871 409
1876 560
1880 404
1886 560
1890 404
1896 560
1900 404
1906 560
1910 404
1916 560
1919 409
1926 560
1929 409
1936 560
1939 409
1946 560
1949 409
1955 555
1959 409
1965 555
1969 411
1975 555
1979 414
1985 555
1989 414
1995 555
1999 414
2005 555
2009 414
2015 555
2019 414
2025 555
2029 414
2035 555
2039 414
2045 555
2049 414
2055 555
2059 414
2065 550
2069 414
2075 550
2079 414
2085 550
2089 414
2095 550
2099 414
2105 550
2109 414
2115 550
2119 414
2125 550
2129 414
2135 550
2139 414
2145 550
2149 414
2155 550
2158 419
2165 550
2168 419
2175 550
2178 419
2185 545
2188 419
2195 545
2198 419
2205 545
2208 419
2215 545
2218 419
2225 545
2228 419
2235 545
2238 419
2245 545
2248 419
2255 545
2258 419
2265 545
2268 419
2275 545
2278 419
2285 540
2288 419
2295 540
2298 419
2305 540
2308 420
2315 535
2318 424
2325 530
2328 425
2335 525
2337 430
2343 518
2345 437
2349 447
2350 457
2350 505
2355 466
2355 476
2355 486
2355 496
