29 432
29 442
29 452
29 462
29 472
29 482
29 492
29 502
34 422
34 511
39 520
42 414
45 528
51 409
53 535
57 545
60 404
65 552
70 404
72 560
80 404
82 564
90 404
92 565
100 404
102 565
110 404
112 565
120 401
122 565
130 396
132 565
140 394
142 565
150 394
152 565
160 394
162 565
170 394
172 565
180 391
182 565
190 389
192 565
200 389
202 565
210 389
212 565
220 389
222 565
230 389
232 565
240 389
242 565
250 389
252 565
260 389
262 565
270 389
272 565
280 389
282 565
290 389
292 565
300 389
302 565
310 389
312 565
320 389
322 565
330 389
332 565
340 389
342 565
349 384
352 565
359 384
362 565
369 384
372 565
379 384
382 565
389 384
392 565
399 384
402 565
409 384
412 565
419 384
422 565
429 384
432 565
439 384
442 565
449 384
452 565
459 384
462 565
469 384
472 565
479 384
482 565
489 384
492 565
499 384
502 565
509 384
512 565
519 382
522 565
529 379
532 565
539 379
542 565
549 379
552 565
559 379
562 565
569 379
572 565
579 379
582 565
589 379
592 565
599 379
602 565
609 379
612 565
619 379
622 565
629 379
632 565
639 379
642 565
649 379
652 565
659 379
662 565
669 379
672 565
679 379
682 565
688 374
692 565
698 374
702 565
708 374
712 565
718 374
722 565
728 374
732 565
738 374
742 565
748 374
752 565
758 374
762 564
768 374
772 560
778 374
782 560
788 374
792 560
798 374
802 560
808 374
812 560
818 374
822 560
828 374
832 560
838 374
842 560
848 374
852 559
857 369
862 555
867 369
872 555
877 369
882 555
887 369
892 555
897 369
901 550
907 369
911 550
917 369
921 550
927 369
931 550
937 369
941 550
947 369
951 550
957 369
961 550
967 369
971 550
977 369
981 550
987 369
991 550
996 364
1001 550
1006 364
1011 550
1016 364
1021 550
1025 369
1031 550
1035 366
1041 550
1045 364
1051 550
1055 364
1061 550
1065 364
1071 550
1075 364
1081 550
1085 364
1091 550
1095 364
1101 550
1105 364
1111 550
1115 364
1121 550
1125 364
1131 550
1135 364
1141 550
1145 364
1151 550
1155 364
1161 550
1165 364
1171 550
1175 364
1181 550
1185 364
1191 550
1195 364
1201 550
1205 364
1211 550
1215 364
1221 550
1225 364
1231 550
1235 364
1241 550
1244 359
1251 550
1254 359
1261 550
1264 359
1271 550
1274 359
1281 550
1284 359
1291 550
1294 359
1301 550
1304 359
1311 550
1314 359
1321 550
1324 359
1331 550
1334 359
1341 550
1344 359
1351 550
1354 359
1361 550
1364 359
1371 550
1374 359
1381 550
1384 359
1391 550
1394 359
1401 550
1404 359
1411 550
1414 359
1421 550
1424 357
1431 550
1434 354
1441 550
1444 354
1451 550
1454 354
1461 550
1464 354
1471 550
1474 354
1481 550
1484 354
1491 550
1494 354
1501 550
1504 354
1511 550
1514 354
1521 550
1524 354
1531 550
1534 354
1541 550
1544 354
1551 550
1554 354
1561 550
1564 354
1571 550
1574 354
1581 550
1583 349
1591 550
1593 349
1601 550
1603 349
1611 550
1612 344
1621 550
1622 344
1631 553
1632 339
1641 555
1642 339
1650 550
1652 339
1660 550
1662 339
1670 550
1672 339
1680 550
1682 339
1690 550
1692 339
1700 550
1702 339
1710 550
1712 339
1720 550
1722 339
1730 550
1732 339
1740 550
1741 334
1750 550
1751 334
1760 550
1761 334
1770 550
1771 334
1780 550
1781 334
1790 550
1791 334
1800 550
1801 334
1810 550
1811 334
1820 550
1821 334
1830 550
1831 334
1840 550
1841 334
1850 550
1851 334
1860 550
1861 334
1870 550
1871 334
1880 550
1881 334
1890 550
1891 334
1900 550
1901 334
1910 550
1911 334
1920 550
1921 334
1930 550
1931 334
1940 550
1941 334
1950 550
1951 334
1960 550
1961 334
1970 550
1971 334
1980 550
1981 334
1990 550
1991 334
2000 329
2000 550
2010 329
2010 550
2019 545
2020 329
2029 545
2030 329
2039 545
2040 329
2049 545
2050 329
2059 545
2060 329
2069 545
2070 329
2079 545
2080 329
2089 545
2090 329
2099 545
2100 329
2109 545
2110 329
2119 545
2120 329
2129 545
2130 329
2139 545
2140 329
2149 545
2150 329
2159 545
2160 329
2169 545
2170 329
2179 545
2180 329
2189 545
2190 329
2199 324
2199 545
2209 324
2209 545
2219 324
2219 545
2229 324
2229 545
2239 324
2239 545
2249 324
2249 545
2259 324
2259 545
2269 324
2269 545
2279 324
2279 545
2289 324
2289 545
2298 550
2299 324
2307 545
2309 324
2317 544
2319 324
2325 535
2329 324
2335 530
2338 329
2345 525
2347 334
2353 518
2354 342
2359 351
2360 361
2360 510
2365 370
2365 500
2367 380
2370 390
2370 400
2370 410
2370 420
2370 430
2370 440
2370 450
2370 460
2370 470
2370 480
2370 490
