349 432
349 442
349 452
349 462
354 417
354 471
359 402
359 480
364 392
364 489
369 382
370 497
374 507
377 374
382 514
385 366
389 522
393 359
397 529
400 351
406 534
408 344
414 540
415 336
423 545
425 331
432 550
433 324
441 555
443 324
450 560
452 319
460 562
461 314
470 565
471 314
480 309
480 565
489 570
490 309
499 570
500 306
509 570
510 304
518 575
520 304
528 575
530 304
538 575
540 301
548 575
550 299
558 575
560 299
568 575
570 299
578 575
580 299
588 575
590 299
598 575
600 299
608 575
610 299
618 575
620 299
628 575
630 299
638 575
640 299
648 575
650 299
658 575
660 296
668 575
670 294
678 575
679 299
688 575
689 299
698 573
699 299
708 570
709 299
718 570
719 299
728 570
729 299
738 570
739 299
748 570
749 299
758 570
759 299
768 570
769 299
778 570
779 299
788 570
789 299
798 570
799 299
807 565
809 299
817 565
819 299
826 560
829 301
835 555
839 304
845 555
849 306
854 550
859 309
863 545
867 315
872 539
877 319
880 530
884 327
888 523
892 334
895 515
901 339
905 510
910 344
915 510
920 344
925 510
929 339
935 510
939 337
945 510
947 329
954 515
957 324
963 520
966 319
970 528
975 314
978 535
984 309
987 540
994 307
996 545
1004 304
1006 545
1014 304
1015 550
1024 304
1025 550
1034 304
1035 550
1044 304
1045 550
1054 304
1055 550
1064 304
1065 550
1074 304
1075 550
1084 304
1085 552
1094 304
1095 555
1104 304
1105 555
1114 304
1115 555
1124 304
1125 555
1134 304
1135 555
1144 304
1145 555
1154 304
1155 555
1164 304
1165 555
1174 304
1175 555
1183 309
1185 555
1193 309
1195 555
1203 309
1205 555
1213 309
1215 555
1223 309
1225 555
1233 309
1234 560
1243 309
1244 560
1253 309
1254 560
1263 309
1264 560
1273 309
1274 560
1282 304
1284 560
1292 304
1294 560
1302 304
1304 560
1312 304
1314 560
1322 304
1324 560
1332 304
1334 560
1342 304
1344 560
1352 304
1354 560
1362 304
1364 560
1372 304
1374 560
1382 304
1384 560
1392 304
1394 560
1402 304
1404 560
1412 304
1414 560
1422 304
1424 560
1432 304
1434 560
1441 309
1444 560
1451 305
1454 560
1461 304
1464 560
1471 304
1474 560
1481 304
1484 560
1490 309
1494 560
1500 309
1504 560
1510 309
1513 555
1519 304
1523 555
1529 304
1533 555
1538 309
1543 555
1548 309
1553 555
1558 309
1563 555
1568 309
1573 555
1578 309
1582 550
1588 309
1592 550
1598 310
1601 545
1608 314
1611 545
1617 319
1620 540
1627 319
1630 535
1636 324
1638 528
1645 329
1645 520
1654 334
1654 515
1663 510
1664 336
1673 510
1674 339
1683 508
1684 339
1693 505
1694 341
1702 500
1703 346
1712 499
1713 350
1722 494
1723 354
1732 489
1733 354
1742 359
1742 485
1751 480
1752 359
1761 480
1762 359
1771 364
1771 480
1780 475
1781 364
1790 369
1790 470
1800 372
1800 470
1809 465
1810 374
1819 462
1820 374
1829 379
1829 460
1839 379
1839 457
1849 381
1849 455
1858 450
1859 384
1868 448
1869 386
1878 445
1879 389
1888 445
1889 389
1898 445
1899 389
1908 394
1908 443
1917 399
1918 438
1925 405
1925 430
1930 414
