304 377
304 387
304 397
309 362
309 406
314 352
314 415
317 425
319 337
322 434
324 322
324 444
329 453
332 314
334 462
339 471
339 481
340 306
344 490
349 499
350 301
351 509
356 518
359 528
360 299
364 537
369 294
369 546
369 556
374 565
379 292
379 574
384 583
385 593
389 289
390 602
394 612
399 289
399 621
404 630
407 640
409 289
412 649
414 659
416 669
419 289
421 678
425 688
429 291
429 698
434 707
435 299
439 716
444 725
444 735
445 302
449 312
449 744
454 753
457 319
459 762
459 772
464 327
464 781
469 790
470 335
472 800
475 344
477 809
479 819
480 353
484 828
485 362
489 837
489 847
490 371
493 381
494 856
498 390
499 865
502 400
504 874
505 410
506 884
509 894
510 419
510 429
515 902
518 435
519 912
520 445
524 921
524 931
525 454
529 940
530 463
534 949
535 472
535 482
539 958
540 491
540 968
545 500
545 977
547 510
549 987
552 519
554 996
555 529
559 1005
560 538
562 1015
565 547
567 1024
569 1034
570 556
573 566
574 1043
578 575
579 1052
579 1062
582 585
584 1071
585 595
589 1080
590 604
594 1089
595 613
596 1099
600 622
600 632
601 1108
604 1118
605 641
609 1127
610 650
612 660
614 1136
615 670
619 1145
620 679
622 1155
625 688
627 1164
630 697
630 707
631 1174
634 1184
635 716
636 1194
640 725
641 1203
645 734
645 1213
649 1223
650 743
650 753
654 1232
655 762
659 1241
659 1251
660 771
663 781
664 1260
667 1270
668 790
672 800
674 1278
675 1288
677 809
680 819
680 1297
684 1307
685 828
689 1316
690 837
694 847
694 1325
695 857
697 1335
699 1345
700 866
704 1354
705 875
709 1363
710 884
710 894
714 1372
715 903
720 912
722 1379
725 921
728 931
729 1387
733 940
737 950
737 1394
740 960
744 1402
745 969
750 978
754 1405
755 987
755 997
760 1006
760 1413
765 1015
765 1422
767 1025
772 1034
772 1430
775 1044
780 1053
782 1434
785 1062
789 1442
790 1071
793 1081
797 1449
798 1090
802 1100
804 1457
805 1110
810 1119
814 1460
815 1128
815 1138
820 1468
823 1145
825 1155
828 1475
830 1164
835 1173
835 1183
835 1483
840 1192
845 1201
845 1487
850 1210
852 1220
852 1495
857 1229
860 1239
860 1502
865 1248
867 1510
870 1257
874 1267
874 1518
879 1276
879 1527
880 1286
884 1536
885 1295
889 1545
890 1304
890 1314
894 1554
895 1323
895 1333
895 1343
895 1353
895 1363
895 1373
895 1383
895 1393
895 1403
895 1413
895 1423
895 1433
895 1443
895 1453
895 1463
895 1473
895 1483
895 1493
895 1503
900 1512
900 1562
905 1521
910 1530
910 1565
912 1540
915 1550
