44 422
44 432
44 442
49 451
52 414
56 459
60 406
64 465
70 404
73 470
79 399
82 475
89 399
92 475
98 394
101 480
108 394
111 480
118 394
121 483
127 389
131 485
137 389
141 485
147 389
151 485
156 384
161 485
166 384
171 485
176 384
180 490
186 384
190 490
196 380
200 490
206 379
210 490
216 379
220 490
226 379
230 490
236 379
240 490
246 379
250 490
255 374
260 490
265 374
270 490
275 374
280 490
285 374
290 490
295 374
300 490
305 374
310 490
314 369
320 490
324 369
330 490
334 369
340 490
344 369
350 490
354 369
360 490
364 369
370 490
374 369
380 490
384 369
390 490
394 369
400 490
404 369
410 490
414 367
420 490
424 364
430 490
434 364
440 490
444 364
450 490
454 364
460 490
464 364
470 490
474 364
480 490
484 364
490 490
494 364
500 490
504 364
510 490
514 364
520 490
524 364
530 490
534 364
540 490
544 364
550 490
554 364
560 490
564 364
570 490
574 364
580 490
584 364
590 490
594 364
599 485
604 364
609 485
614 364
619 485
624 364
629 485
634 364
639 485
644 364
649 485
654 364
659 485
664 364
669 485
674 364
679 485
684 364
689 485
694 364
699 485
704 364
709 485
713 369
719 485
723 369
729 485
733 369
739 485
743 369
749 485
753 369
759 485
763 369
769 485
773 369
779 485
783 369
789 482
793 369
799 480
803 369
809 480
813 369
819 480
823 369
829 480
833 369
839 480
843 369
849 480
853 369
859 480
863 369
869 480
873 369
879 480
883 369
889 480
893 369
899 480
902 364
909 480
912 364
919 480
922 364
929 480
932 364
939 480
942 364
949 480
952 364
959 480
962 364
969 480
972 364
979 480
982 364
989 480
992 364
999 480
1002 364
1009 480
1012 364
1018 475
1022 364
1028 475
1032 364
1038 475
1042 364
1048 475
1052 364
1058 475
1062 364
1068 475
1072 364
1078 475
1082 364
1088 475
1092 364
1098 475
1102 364
1108 475
1112 364
1118 475
1122 364
1128 475
1132 364
1138 475
1142 364
1148 475
1152 364
1158 475
1162 364
1168 475
1171 359
1178 475
1181 359
1188 475
1191 359
1198 475
1201 359
1208 475
1211 359
1218 475
1221 359
1228 475
1231 359
1238 475
1241 359
1248 473
1251 359
1258 470
1261 359
1268 470
1271 359
1278 470
1281 359
1288 470
1291 359
1298 470
1301 359
1308 470
1311 359
1318 470
1321 359
1328 470
1331 359
1338 470
1341 359
1348 470
1351 359
1358 470
1361 359
1368 470
1371 355
1378 470
1381 354
1388 470
1391 354
1398 470
1401 354
1408 470
1411 354
1418 470
1421 354
1428 470
1431 354
1438 470
1441 354
1448 470
1451 354
1458 470
1461 354
1468 470
1471 354
1478 470
1481 354
1488 470
1491 354
1497 465
1501 354
1507 465
1511 354
1517 465
1521 354
1527 465
1531 354
1537 465
1541 354
1547 465
1551 354
1557 465
1561 354
1567 465
1571 350
1577 465
1581 349
1587 465
1590 344
1597 465
1600 344
1607 465
1610 344
1617 465
1620 344
1627 465
1630 344
1637 465
1640 344
1647 465
1650 344
1657 465
1660 344
1667 465
1670 344
1677 465
1680 344
1687 465
1690 344
1697 465
1699 337
1707 329
1707 465
1715 321
1717 465
1723 314
1727 465
1732 309
1737 465
1742 304
1747 465
1752 304
1757 465
1762 304
1767 465
1771 309
1775 319
1777 465
1780 328
1785 337
1787 465
1793 344
1797 465
1803 344
1807 464
1813 344
1817 460
1823 344
1827 460
1833 344
1837 460
1843 344
1847 460
1853 344
1857 460
1862 339
1867 329
1867 460
1876 324
1877 460
1885 319
1887 460
1895 322
1897 460
1904 327
1907 460
1910 335
1917 460
1918 341
1927 460
1928 344
1936 455
1938 344
1946 455
1948 344
1956 455
1958 344
1965 450
1968 344
1975 450
1978 344
1985 450
1988 345
1995 450
1998 349
2005 450
2007 354
2015 445
2017 354
2025 445
2027 354
2035 440
2037 354
2045 435
2047 354
2053 428
2054 362
2058 418
2059 371
2060 381
2060 391
2060 401
