244 712
244 722
244 732
244 742
249 702
249 751
254 672
254 682
254 692
254 760
259 769
259 779
262 664
265 787
270 656
272 795
278 649
280 802
285 641
289 807
295 636
299 810
303 629
308 815
312 624
318 815
320 616
327 820
330 611
336 825
340 609
346 825
349 604
356 828
358 599
365 833
368 599
375 835
377 594
384 840
385 586
394 840
395 581
403 574
404 840
412 569
413 845
421 564
422 850
430 559
432 850
440 556
442 854
450 554
452 855
459 549
462 855
468 544
470 862
477 539
479 867
487 534
487 874
494 882
497 529
502 889
507 529
511 894
516 524
519 900
525 519
528 905
535 516
537 910
545 514
547 914
554 509
556 919
564 509
566 920
574 507
576 920
584 504
586 920
593 499
596 920
603 499
606 920
612 494
616 920
622 494
625 915
631 489
634 910
641 485
644 910
651 484
654 910
660 479
663 915
670 476
673 915
680 474
682 920
690 474
692 920
700 471
701 925
710 469
711 925
720 469
721 928
729 464
731 930
739 464
740 935
748 459
750 937
758 459
760 940
767 454
769 945
777 454
779 945
787 454
788 950
797 454
798 950
806 449
807 955
816 449
817 955
826 449
827 955
836 449
836 960
845 444
846 963
855 444
856 965
865 441
866 965
875 439
876 965
885 436
886 965
895 431
896 965
905 429
906 965
914 424
916 965
923 419
926 965
933 419
936 965
942 414
946 965
951 409
955 960
960 404
965 960
969 399
975 960
978 394
985 960
987 389
995 960
997 389
1004 955
1006 384
1014 955
1015 379
1024 374
1024 955
1033 369
1034 955
1042 364
1043 950
1052 364
1053 950
1061 359
1063 950
1071 355
1073 950
1081 350
1083 950
1091 345
1093 950
1101 340
1102 945
1111 335
1112 945
1121 334
1122 949
1124 959
1126 969
1130 329
1131 978
1139 324
1139 985
1145 993
1149 322
1153 1000
1159 319
1160 1008
1168 314
1168 1015
1177 1020
1178 314
1187 309
1187 1024
1197 309
1197 1025
1206 1030
1207 309
1216 304
1216 1030
1226 304
1226 1030
1235 1035
1236 304
1245 1035
1246 304
1255 299
1255 1035
1265 299
1265 1035
1274 1030
1275 299
1284 1030
1285 299
1294 1030
1295 299
1303 1025
1305 299
1313 1023
1314 304
1323 1018
1324 304
1333 1015
1334 304
1342 1010
1344 304
1351 1005
1354 304
1360 1000
1363 309
1370 995
1373 309
1379 990
1383 309
1387 984
1393 309
1395 975
1403 309
1403 968
1410 960
1413 309
1415 950
1423 310
1423 943
1428 933
1433 314
1435 920
1443 314
1443 913
1453 314
1453 908
1463 314
1463 905
1472 900
1473 314
1482 319
1482 900
1492 319
1492 900
1502 319
1502 900
1511 895
1512 319
1521 895
1522 319
1531 895
1532 319
1541 324
1541 895
1550 890
1551 324
1560 890
1561 324
1570 329
1570 890
1579 885
1580 329
1589 885
1590 329
1599 885
1600 329
1609 885
1610 332
1619 885
1620 334
1629 885
1630 334
1639 885
1640 337
1649 882
1650 339
1659 880
1660 339
1669 880
1670 342
1678 875
1680 344
1688 875
1690 344
1698 875
1700 344
1708 875
1709 349
1718 875
1719 351
1727 870
1729 354
1737 870
1739 356
1747 869
1749 359
1757 865
1759 361
1767 865
1769 364
1777 865
1778 369
1787 869
1788 370
1794 877
1798 374
1799 886
1799 896
1806 904
1808 374
1811 913
1815 923
1817 379
1823 930
1827 379
1832 935
1836 384
1841 940
1845 389
1850 945
1855 392
1859 950
1865 394
1869 950
1874 399
1878 955
1883 404
1887 960
1893 405
1897 960
1902 410
1907 960
1912 414
1917 960
1921 419
1927 960
1930 424
1937 959
1939 429
1947 955
1948 434
1957 439
1957 955
1966 444
1966 950
1975 449
1975 945
1985 452
1985 940
1993 459
1994 935
2002 464
2003 930
2011 469
2012 924
2020 474
2020 915
2028 480
2028 908
2035 488
2038 903
2045 492
2045 890
2053 499
2053 883
2060 870
2062 504
2065 860
2071 509
2073 853
2075 840
2080 514
2080 830
2088 520
2088 823
2095 815
2097 525
2104 810
2107 529
2112 804
2114 537
2122 799
2124 541
2130 549
2130 790
2140 552
2140 785
2145 561
2148 778
2151 569
2158 773
2160 574
2165 765
2168 580
2173 758
2177 585
2180 750
2185 592
2185 740
2192 600
2193 733
2200 607
2203 728
2207 615
2210 715
2215 622
2218 708
2222 630
2223 698
2228 688
2230 637
2230 647
2230 675
2235 656
2235 666
