269 542
269 552
269 562
269 572
269 582
269 592
269 602
269 612
269 622
269 632
269 642
269 652
269 662
274 671
274 681
277 534
279 690
285 526
285 698
290 516
294 502
295 700
299 487
304 477
305 700
312 469
315 700
317 459
325 451
325 702
333 444
335 705
339 432
345 707
347 424
352 715
354 725
355 416
359 734
361 744
363 409
366 753
367 399
370 763
375 391
375 772
379 782
383 384
387 789
391 799
392 379
399 805
401 374
408 810
411 370
418 810
421 369
427 815
431 365
437 815
441 364
446 820
450 359
456 823
460 356
466 825
470 354
476 828
480 351
486 830
490 349
496 830
499 344
506 830
509 344
515 825
519 344
525 825
529 344
535 825
539 344
545 820
549 344
555 815
558 339
565 810
568 339
573 803
578 339
583 798
588 339
590 790
598 339
600 785
608 339
608 778
618 339
618 773
628 339
628 768
634 297
634 307
638 339
638 765
639 282
639 316
644 272
644 325
648 765
652 264
658 765
661 259
668 765
670 254
678 765
679 249
688 765
689 247
698 765
699 244
708 765
709 244
718 239
718 765
727 234
728 765
737 229
738 763
745 221
748 760
755 216
758 760
763 209
768 760
772 204
778 760
780 196
788 189
788 760
797 184
798 760
805 176
808 760
815 171
818 760
823 164
828 760
832 159
838 760
841 154
848 760
849 147
858 758
859 142
868 755
869 137
878 755
879 134
888 755
889 134
898 129
898 755
908 129
908 755
917 760
918 129
927 124
927 764
931 774
937 124
939 780
945 788
947 124
953 795
957 124
962 800
967 124
971 805
977 119
979 811
987 119
989 815
997 119
998 820
1007 119
1007 825
1017 119
1017 829
1026 834
1027 119
1036 114
1036 835
1046 114
1046 835
1056 114
1056 835
1066 114
1066 835
1076 114
1076 835
1085 840
1086 110
1095 840
1096 109
1105 840
1106 109
1115 840
1116 109
1125 840
1126 109
1135 840
1136 109
1145 840
1146 109
1155 840
1156 109
1165 840
1166 109
1175 840
1176 109
1185 840
1186 109
1195 835
1196 109
1205 835
1206 109
1215 835
1216 109
1224 830
1226 109
1234 830
1236 109
1244 827
1246 109
1254 822
1256 109
1262 814
1266 109
1270 800
1275 790
1276 109
1280 780
1285 770
1286 109
1290 760
1295 750
1296 109
1303 743
1306 109
1310 735
1316 109
1320 730
1326 109
1329 725
1336 109
1338 720
1346 109
1347 715
1356 109
1356 710
1366 109
1366 710
1375 705
1376 109
1385 700
1386 109
1395 700
1396 109
1404 695
1406 109
1414 692
1416 109
1424 690
1426 109
1433 685
1436 109
1443 683
1445 114
1453 680
1454 119
1462 675
1463 124
1471 670
1472 129
1481 134
1481 670
1490 139
1490 665
1498 145
1500 660
1507 150
1510 660
1517 154
1520 660
1524 162
1530 660
1534 166
1540 174
1540 660
1548 180
1549 655
1555 188
1559 655
1565 192
1569 655
1572 200
1579 655
1580 207
1588 660
1589 212
1592 670
1594 680
1597 219
1597 690
1602 699
1604 227
1610 705
1612 234
1619 242
1619 710
1625 718
1627 249
1634 257
1635 722
1642 264
1642 730
1649 272
1652 730
1657 279
1662 730
1667 279
1672 729
1677 279
1682 725
1687 279
1692 724
1697 279
1702 720
1707 279
1712 719
1716 284
1722 715
1724 291
1730 299
1731 710
1738 305
1741 710
1745 313
1750 705
1753 320
1758 698
1760 328
1765 337
1765 690
1770 346
1770 680
1773 356
1775 366
1775 655
1775 665
1780 375
1780 630
1780 640
1782 385
1785 395
1785 605
1785 615
1790 404
1790 414
1790 550
1790 560
1790 570
1790 580
1790 590
1795 423
1795 433
1795 515
1795 525
1795 535
1800 442
1800 495
1800 505
1804 452
1805 462
1805 472
1805 482
