174 777
174 787
174 797
174 807
174 817
179 767
179 826
184 835
187 759
190 843
195 751
198 850
203 744
205 858
210 736
213 865
214 707
214 717
219 692
222 870
224 667
224 677
229 657
232 870
237 649
241 875
244 637
250 880
252 629
260 880
261 624
269 617
270 882
279 614
280 885
289 612
289 890
299 609
299 890
305 898
308 604
313 905
318 604
320 913
327 599
328 920
335 928
337 599
343 935
347 599
352 940
357 594
360 947
367 594
369 952
377 589
379 955
387 589
388 960
397 589
398 960
407 589
407 965
417 589
417 965
426 584
427 965
436 584
437 965
445 579
447 965
455 579
457 964
464 574
467 960
474 574
476 955
484 574
485 950
493 569
494 945
502 939
503 569
512 935
513 569
521 940
522 564
531 940
532 564
540 945
542 564
550 945
551 559
560 945
561 559
569 950
571 559
579 950
580 554
589 950
590 554
599 950
600 554
608 955
610 554
618 955
619 549
627 960
629 549
637 960
639 549
647 964
649 549
657 965
658 544
667 965
668 544
677 965
678 544
686 970
688 544
696 970
697 539
706 970
707 539
715 975
717 539
725 975
727 539
735 975
736 534
745 975
746 534
755 529
755 975
764 980
765 529
774 980
775 529
784 980
785 529
794 524
794 980
803 975
804 522
812 514
813 975
820 506
823 975
828 499
832 489
833 975
837 479
843 975
845 471
852 980
853 464
859 452
859 988
864 442
864 997
869 1006
872 434
876 1014
880 426
881 1023
888 419
889 1030
892 1040
895 411
900 1047
903 404
907 1055
910 396
915 1062
918 389
924 1067
925 381
933 374
934 1070
937 364
943 1075
946 359
952 1080
955 354
962 1080
964 349
972 1084
973 344
980 336
982 1085
988 329
992 1085
997 324
1002 1085
1007 319
1012 1085
1017 319
1022 1089
1027 314
1032 1089
1037 314
1042 1085
1047 314
1052 1084
1057 314
1062 1080
1067 314
1072 1079
1077 314
1082 1074
1087 314
1092 1070
1097 314
1101 1065
1107 314
1110 1060
1117 314
1118 1053
1127 314
1128 1048
1135 1040
1137 314
1143 1033
1147 314
1150 1025
1155 1015
1157 314
1163 1008
1167 314
1168 998
1173 988
1177 314
1178 978
1180 965
1187 314
1188 958
1197 314
1198 955
1207 314
1207 950
1217 314
1217 950
1227 314
1227 950
1236 319
1236 945
1246 319
1246 945
1256 319
1256 945
1265 940
1266 319
1275 940
1276 319
1285 940
1286 319
1295 324
1295 940
1304 935
1305 324
1314 935
1315 324
1324 935
1325 324
1334 935
1335 324
1344 932
1345 324
1354 930
1355 324
1364 930
1365 324
1374 930
1375 324
1384 930
1385 324
1394 329
1394 927
1404 329
1404 925
1414 329
1414 922
1424 329
1424 920
1434 329
1434 920
1443 334
1444 920
1453 334
1454 917
1463 334
1464 915
1473 335
1474 915
1483 339
1484 915
1493 339
1494 915
1503 339
1504 915
1512 344
1513 910
1522 344
1523 910
1532 344
1533 910
1542 344
1543 908
1551 349
1553 905
1561 349
1563 905
1571 349
1572 900
1581 349
1582 900
1591 349
1592 900
1601 349
1601 895
1611 349
1611 895
1620 354
1621 895
1630 354
1631 895
1640 354
1640 890
1650 354
1650 890
1659 359
1660 890
1669 359
1670 890
1679 359
1679 885
1689 359
1689 885
1698 890
1699 359
1705 898
1708 364
1710 907
1717 369
1717 915
1722 924
1727 369
1729 932
1737 369
1737 939
1746 374
1747 940
1756 374
1756 945
1765 379
1765 950
1774 955
1775 382
1783 960
1785 384
1793 390
1793 960
1800 398
1803 960
1810 402
1813 960
1817 410
1823 958
1825 417
1833 955
1834 422
1842 429
1842 950
1849 437
1852 949
1855 445
1860 454
1860 940
1865 463
1870 935
1873 470
1877 480
1878 928
1885 487
1885 920
1889 497
1893 913
1894 506
1895 900
1900 514
1903 893
1905 523
1908 883
1910 532
1913 873
1915 541
1918 863
1921 549
1925 855
1929 556
1934 850
1935 564
1944 850
1945 564
1953 845
1954 569
1963 845
1964 569
1973 574
1973 843
1983 574
1983 840
1992 579
1992 835
2002 579
2002 834
2011 584
2012 829
2020 589
2022 825
2030 589
2032 824
2040 592
2042 820
2049 597
2051 815
2057 604
2060 614
2060 810
2068 620
2068 803
2072 630
2075 640
2075 650
2075 660
2075 670
2075 680
2075 690
2075 700
2075 710
2075 720
2075 730
2075 795
2077 740
2082 749
2083 788
2085 759
2085 769
