159 582
159 592
159 602
159 612
164 567
164 621
169 547
169 557
169 630
172 640
174 507
174 517
174 527
174 537
179 497
179 648
184 657
187 489
189 666
194 675
195 481
200 471
200 683
208 464
208 690
212 454
217 695
220 446
227 695
230 441
236 700
238 434
246 703
247 429
255 421
256 705
265 416
265 710
275 411
275 710
284 715
285 406
293 720
295 404
302 725
304 399
310 732
313 394
317 740
322 749
323 394
329 757
332 389
337 764
341 384
345 770
351 380
354 775
361 375
364 775
371 374
374 775
380 369
384 775
390 366
394 775
400 364
404 775
409 359
414 775
419 359
424 775
428 354
434 772
438 354
444 770
448 354
453 765
457 349
462 760
467 349
472 759
477 344
482 754
487 344
492 750
497 339
501 745
507 339
511 745
517 339
521 745
526 334
531 745
536 334
541 745
546 330
551 745
556 325
561 745
566 320
571 745
574 312
581 745
582 304
589 292
591 745
597 284
601 745
605 276
611 745
613 269
620 261
621 745
628 254
631 745
632 244
640 236
641 745
648 229
651 745
655 221
661 745
663 214
670 206
671 745
678 199
681 745
685 191
691 745
695 186
701 745
703 179
710 740
712 174
720 740
721 169
729 162
730 740
737 154
740 740
747 149
750 740
756 144
759 735
764 137
769 735
774 134
779 735
783 129
789 735
793 129
798 730
802 124
807 735
812 124
817 735
821 119
825 742
831 119
832 750
840 114
840 757
847 765
850 114
856 770
860 111
865 775
870 109
875 775
880 109
884 780
890 109
893 785
900 106
902 790
910 104
910 797
917 805
920 104
927 809
930 104
937 810
940 101
947 810
950 99
957 810
960 99
967 810
970 99
977 810
980 99
987 810
990 99
997 810
1000 99
1007 810
1009 94
1016 805
1019 94
1026 805
1029 94
1036 805
1039 94
1046 805
1049 94
1054 797
1059 94
1064 792
1069 94
1069 782
1077 774
1079 94
1087 769
1089 94
1095 755
1099 94
1100 745
1105 735
1109 94
1113 728
1119 94
1120 720
1129 94
1130 715
1139 94
1140 715
1149 94
1149 710
1158 89
1159 707
1168 89
1169 705
1178 89
1178 700
1188 89
1188 698
1198 89
1198 695
1207 690
1208 89
1216 685
1218 89
1226 685
1228 89
1235 680
1238 89
1244 675
1248 89
1253 670
1258 89
1263 668
1268 89
1273 665
1278 89
1282 660
1288 89
1292 660
1297 94
1301 655
1307 94
1311 655
1317 94
1321 655
1327 94
1330 650
1337 94
1340 650
1347 94
1350 650
1356 99
1359 645
1366 99
1369 645
1376 99
1379 645
1386 99
1388 640
1396 99
1398 640
1405 104
1408 638
1415 104
1418 635
1425 104
1428 635
1435 107
1438 633
1445 109
1448 630
1455 112
1458 630
1465 114
1467 625
1474 119
1477 625
1484 119
1487 625
1493 124
1497 625
1503 125
1507 625
1513 129
1517 625
1522 134
1527 625
1531 139
1536 630
1540 144
1544 636
1548 150
1551 644
1555 158
1559 650
1563 165
1565 658
1570 667
1572 170
1579 672
1580 177
1587 185
1589 675
1595 192
1598 680
1602 200
1608 678
1612 204
1618 675
1619 212
1627 219
1628 675
1634 227
1638 675
1642 234
1647 670
1649 242
1657 669
1659 246
1667 665
1668 251
1677 665
1678 255
1687 260
1687 665
1696 660
1697 264
1705 655
1706 269
1715 650
1716 269
1723 643
1725 274
1728 633
1730 595
1730 605
1730 615
1735 274
1735 580
1740 570
1744 279
1748 563
1754 279
1758 558
1764 279
1765 550
1773 284
1775 545
1783 284
1785 540
1793 285
1794 535
1802 290
1802 529
1812 294
1812 524
1819 302
1820 515
1824 311
1825 505
1830 319
1830 495
1835 328
1835 480
1840 337
1840 347
1840 357
1840 367
1840 377
1840 387
1840 397
1840 407
1840 417
1840 427
1840 437
1840 447
1840 457
1840 467
