24 272
24 282
24 292
29 257
29 301
34 247
34 310
34 320
39 222
39 232
40 328
44 207
50 330
54 204
59 427
60 330
64 204
64 417
64 436
70 330
71 444
72 409
73 199
79 335
80 401
81 448
82 194
88 340
88 394
89 455
90 186
92 384
95 463
98 340
99 177
100 376
103 470
104 122
104 132
104 142
104 152
104 162
107 345
108 369
109 107
112 475
114 97
114 357
122 89
122 474
130 465
131 84
138 458
141 84
143 448
150 440
151 84
158 433
161 84
165 425
169 91
173 418
175 99
180 108
180 118
180 128
180 410
185 137
185 147
185 157
185 167
190 410
193 174
200 410
203 174
210 405
212 169
220 405
221 164
230 405
231 164
240 159
240 405
250 156
250 405
256 413
258 149
264 420
268 149
273 425
278 149
282 430
288 149
292 430
295 141
300 131
302 430
308 124
312 430
315 116
320 106
322 429
328 99
332 425
335 91
342 425
343 84
347 74
352 425
355 66
362 425
363 59
369 47
372 425
377 39
381 420
387 39
390 415
396 44
399 410
400 165
402 175
405 49
408 158
408 405
410 182
414 54
415 150
417 190
418 405
422 60
423 143
427 194
428 405
430 135
432 64
436 199
438 128
438 405
441 69
444 206
445 115
448 216
448 403
449 76
453 108
455 224
455 395
458 81
460 100
460 233
465 395
468 85
468 240
470 250
474 390
475 259
475 269
480 278
480 370
480 380
485 287
485 297
485 307
485 317
485 327
485 337
485 347
485 357
