669 1152
669 1162
669 1172
674 1142
677 1179
682 1134
687 1180
690 1126
697 1179
698 1119
707 1114
707 1175
717 1114
717 1175
726 1109
727 1175
736 1109
737 1175
744 817
744 827
744 837
744 847
746 1109
747 1175
749 787
749 797
749 807
752 854
754 302
754 312
754 322
754 332
754 342
754 352
754 362
754 372
754 752
754 762
754 772
756 1109
757 1175
759 292
759 381
759 697
759 707
759 717
759 727
759 737
760 860
764 277
764 390
764 647
764 657
764 667
764 677
764 687
765 1114
767 400
767 1175
769 267
769 637
770 860
774 617
774 627
775 407
775 1114
777 259
777 1175
779 597
779 607
779 855
782 249
782 415
784 582
785 1117
787 849
787 1175
789 572
790 241
791 420
794 547
794 557
795 231
795 840
795 1119
797 1175
799 537
800 221
801 423
803 833
804 527
804 1124
807 1175
808 214
809 430
809 512
813 828
814 439
814 497
814 1007
814 1017
814 1027
814 1037
814 1124
815 206
817 1175
819 448
819 487
819 982
819 992
819 1046
819 1056
819 1066
820 820
824 457
824 967
824 1075
824 1124
825 201
827 479
827 1085
827 1175
828 813
829 466
829 957
832 1094
834 947
834 1124
835 199
837 1175
838 808
839 932
839 1102
844 917
844 1111
844 1124
845 199
847 1175
848 810
849 902
852 820
854 830
854 840
854 850
854 860
854 870
854 880
854 890
855 199
857 1175
865 199
867 1175
875 199
877 1175
880 1040
880 1050
880 1060
880 1070
880 1080
880 1090
880 1100
885 199
885 1109
885 1119
886 1170
890 1040
890 1128
894 204
894 1162
895 1137
895 1147
900 1040
904 204
910 1040
914 206
920 1040
924 209
930 1040
933 214
940 1040
942 219
949 227
950 1040
957 234
960 1040
964 242
964 1152
969 1142
969 1161
970 1040
972 249
974 1132
975 259
976 1169
979 1122
980 268
980 1040
984 1097
984 1107
985 277
986 1170
989 1077
989 1087
990 286
990 296
990 306
990 1040
993 316
994 1050
994 1060
995 326
995 336
995 346
996 1170
998 356
1005 364
1006 1170
1015 364
1016 1170
1020 665
1025 364
1026 1170
1028 658
1028 671
1030 1100
1030 1110
1030 1120
1033 648
1035 361
1035 725
1035 735
1035 745
1035 755
1035 1090
1036 1170
1038 674
1040 351
1040 764
1040 774
1040 1124
1043 643
1045 725
1045 783
1045 793
1045 1085
1046 1170
1047 679
1048 344
1048 633
1049 332
1050 802
1050 812
1050 822
1050 1124
1053 1078
1054 317
1055 625
1055 725
1055 831
1055 841
1056 1170
1057 679
1058 851
1059 307
1060 861
1060 871
1060 1070
1060 1124
1063 881
1065 620
1065 725
1065 891
1066 684
1066 1170
1067 299
1068 901
1070 610
1070 1065
1070 1124
1071 733
1073 910
1075 291
1076 684
1076 1170
1077 920
1078 603
1078 1058
1079 740
1080 1124
1082 929
1083 284
1083 1048
1085 595
1085 689
1085 748
1085 1035
1086 1170
1089 937
1090 585
1090 1025
1090 1124
1092 279
1093 695
1093 755
1095 1175
1097 944
1098 578
1100 703
1100 763
1100 954
1100 1025
1100 1121
1102 274
1103 568
1105 535
1105 545
1105 555
1105 1175
1108 710
1108 770
1108 960
1110 1025
1110 1119
1111 269
1112 780
1115 535
1115 718
1115 968
1115 1175
1119 1114
1120 264
1120 787
1120 1025
1123 725
1124 1180
1125 535
1125 969
1127 735
1127 795
1129 1112
1130 264
1130 745
1130 1025
1132 804
1134 1180
1135 535
1135 754
1135 969
1139 812
1139 1109
1140 264
1140 763
1140 1025
1144 821
1144 1180
1145 535
1145 772
1145 972
1149 1109
1150 264
1150 1025
1151 829
1154 530
1154 1180
1155 774
1155 974
1159 835
1159 1109
1160 264
1160 1025
1164 530
1164 1180
1165 774
1165 843
1165 974
1169 1109
1170 264
1170 852
1170 1020
1173 525
1174 1180
1175 774
1175 974
1179 1109
1180 264
1180 805
1180 815
1180 855
1180 1020
1182 825
1183 523
1184 1180
1185 774
1185 974
1187 834
1188 848
1189 1109
1190 267
1190 805
1190 1015
1193 520
1194 1180
1195 774
1195 974
1198 1114
1200 269
1200 805
1200 1015
1202 515
1204 1177
1205 774
1205 974
1207 1119
1209 810
1209 1010
1210 269
1212 514
1212 1169
1214 1127
1215 774
1215 971
1217 1159
1218 815
1218 1005
1219 1136
1220 269
1220 1146
1222 510
1223 964
1225 774
1227 999
1228 815
1230 269
1232 509
1232 959
1235 777
1237 994
1238 813
1240 269
1240 951
1242 504
1242 785
1245 795
1245 805
1247 989
1248 944
1250 272
1250 495
1255 980
1257 280
1257 939
1260 495
1262 289
1262 929
1264 917
1265 299
1265 975
1269 897
1269 907
1270 308
1270 490
1274 862
1274 872
1274 882
1275 317
1275 970
1279 832
1279 842
1279 852
1280 326
1280 336
1280 346
1280 485
1284 812
1284 822
1284 965
1285 355
1288 478
1289 767
1289 777
1289 787
1289 797
1290 364
1290 374
1292 959
1293 468
1294 742
1294 752
1295 383
1295 393
1295 403
1295 413
1295 423
1295 433
1295 443
1295 453
1297 949
1299 732
1304 722
1305 940
1310 930
1312 714
1315 915
1320 905
1321 709
1325 880
1325 890
1330 704
1330 770
1330 780
1330 790
1330 800
1330 810
1330 820
1330 830
1330 840
1330 850
1330 860
1330 870
1335 755
1340 701
1340 740
1345 730
1350 699
1354 725
1360 702
1364 722
1369 707
1374 717
