664 1147
669 1156
672 1139
679 1160
682 1139
689 1160
692 1134
699 1160
702 1134
709 1160
712 1129
719 722
719 732
719 742
719 752
719 1160
722 1129
724 712
724 761
724 771
729 702
729 780
729 790
729 1160
732 1124
734 692
735 798
739 1160
742 684
742 1124
745 800
749 1160
750 676
752 1124
755 795
758 669
759 1160
762 1124
765 795
767 664
769 1160
772 1124
774 790
775 656
779 1160
782 1124
783 649
784 787
789 1160
790 641
792 1124
794 782
795 631
799 1160
802 1124
803 624
804 777
809 317
809 327
809 337
809 347
809 357
809 607
809 1160
812 1124
814 307
814 366
814 376
814 592
814 772
819 292
819 385
819 582
819 992
819 1002
819 1012
819 1022
819 1032
819 1042
819 1160
822 395
822 1124
824 282
824 557
824 567
824 767
824 977
824 1051
827 404
829 272
829 542
829 942
829 952
829 962
829 1060
829 1160
832 759
832 1070
832 1124
834 412
834 527
834 907
834 917
834 927
837 264
839 421
839 512
839 897
839 1160
840 1077
842 254
842 754
842 1124
844 242
844 497
844 887
844 1087
846 429
849 232
849 482
849 1160
850 745
851 438
852 879
852 1094
852 1124
854 472
855 448
857 224
857 869
859 458
859 1102
859 1112
859 1157
860 740
862 214
862 859
867 204
869 735
869 847
869 1155
874 837
877 199
878 730
879 827
879 1155
884 817
887 199
888 730
888 1150
889 807
890 1050
890 1060
890 1070
890 1080
892 1090
894 792
895 1040
897 199
897 1099
897 1145
898 730
899 782
900 1109
904 772
904 1035
905 1118
905 1128
905 1138
907 199
908 730
912 764
914 747
914 1035
917 199
918 730
924 1035
927 199
934 1035
937 199
944 1035
947 199
954 207
954 1035
962 214
964 1035
969 222
974 1035
977 229
979 1117
979 1127
979 1137
979 1147
984 1035
984 1097
984 1107
984 1156
986 234
989 1087
991 1164
994 241
994 1035
994 1072
999 1044
999 1054
1000 249
1001 1165
1008 255
1010 725
1010 735
1010 745
1010 755
1010 765
1010 1130
1011 1168
1012 775
1015 263
1017 784
1018 1123
1020 725
1020 1134
1021 1170
1024 792
1025 267
1025 802
1025 1115
1029 277
1030 727
1030 811
1030 1134
1031 1173
1033 1108
1035 820
1035 830
1035 840
1037 284
1037 850
1039 732
1040 860
1040 870
1040 880
1040 890
1040 900
1040 910
1040 1100
1040 1134
1041 1175
1042 920
1044 292
1045 930
1045 940
1045 1090
1047 739
1047 950
1049 301
1050 311
1050 1080
1050 1131
1051 1175
1055 320
1055 330
1055 340
1055 350
1055 360
1055 630
1055 640
1055 650
1055 660
1055 957
1055 1070
1056 744
1060 369
1060 620
1060 669
1060 1055
1060 1129
1061 1175
1062 965
1064 750
1065 1045
1068 613
1068 675
1070 372
1070 972
1070 1035
1070 1126
1071 1175
1073 755
1075 600
1075 1025
1078 679
1080 374
1080 590
1080 763
1080 974
1080 1124
1081 1175
1083 1018
1085 580
1088 679
1088 770
1089 979
1090 374
1090 570
1090 1124
1091 1175
1093 1013
1095 778
1097 684
1098 563
1099 979
1100 371
1100 1121
1101 1175
1103 553
1103 785
1103 1010
1106 689
1108 364
1108 543
1109 979
1110 793
1110 1119
1111 1175
1112 354
1113 533
1113 1010
1116 689
1117 344
1118 800
1119 979
1120 1119
1121 1175
1122 334
1122 810
1123 530
1123 1010
1124 696
1129 979
1130 326
1130 704
1130 714
1130 724
1130 817
1130 1119
1131 1175
1133 530
1133 1010
1135 733
1135 743
1137 825
1139 979
1140 321
1140 538
1140 1119
1141 1175
1142 834
1143 750
1143 1010
1148 314
1149 842
1149 979
1150 542
1150 758
1150 1119
1151 1175
1153 1010
1157 309
1157 849
1159 547
1159 979
1160 759
1160 1116
1161 1175
1163 1010
1166 304
1166 854
1169 550
1169 977
1170 759
1170 1114
1171 1175
1173 1010
1175 299
1176 855
1178 555
1179 972
1180 759
1180 1117
1180 1170
1183 1010
1184 847
1185 299
1185 820
1185 830
1187 560
1189 969
1189 1122
1190 759
1190 839
1190 1170
1193 1010
1195 299
1195 820
1197 560
1199 969
1199 1126
1199 1165
1200 759
1203 1010
1205 299
1205 567
1205 822
1205 1134
1208 964
1209 1162
1210 759
1210 1143
1213 1010
1214 572
1215 299
1215 825
1215 1152
1218 964
1219 764
1223 1010
1224 575
1225 299
1225 825
1227 959
1228 769
1233 1010
1234 304
1234 575
1234 820
1237 959
1238 770
1243 1008
1244 304
1244 575
1244 817
1246 954
1247 775
1252 784
1253 309
1253 1005
1254 575
1254 812
1255 794
1256 954
1262 314
1263 1005
1264 575
1265 949
1271 319
1272 1000
1273 570
1275 946
1280 324
1280 936
1282 565
1282 999
1284 917
1289 827
1289 837
1289 847
1289 857
1289 867
1289 877
1289 887
1289 897
1289 907
1290 327
1291 560
1292 994
1294 802
1294 812
1299 332
1299 787
1300 555
1300 980
1304 341
1304 772
1305 545
1305 970
1309 757
1310 349
1310 535
1310 950
1310 960
1314 747
1315 525
1315 930
1315 940
1318 355
1319 732
1320 510
1320 870
1320 880
1320 890
1320 900
1320 910
1320 920
1322 365
1324 722
1325 375
1325 385
1325 395
1325 405
1325 415
1325 425
1325 435
1325 445
1325 455
1325 465
1325 475
1325 485
1325 495
1325 830
1325 840
1325 850
1325 860
1329 712
1330 795
1330 805
1330 815
1335 780
1337 704
1340 760
1340 770
1345 750
1347 699
1350 740
1355 730
1357 694
1363 723
1367 694
1370 715
1377 694
1378 708
