689 1157
689 1167
694 1147
697 1174
699 1137
707 1129
707 1170
715 1121
717 1170
723 1114
727 1169
732 1109
737 1165
742 1109
744 772
744 782
744 792
744 802
744 812
744 822
744 832
744 842
747 1165
749 722
749 732
749 742
749 752
749 762
752 849
752 1109
754 697
754 707
756 1160
759 287
759 297
759 307
759 317
759 327
759 337
759 347
759 357
759 367
759 377
759 687
762 849
762 1109
764 267
764 277
764 386
764 396
764 406
764 416
764 672
766 1160
769 257
769 425
769 647
769 657
772 435
772 845
772 1109
774 247
774 622
774 632
775 1155
779 602
779 612
780 442
781 840
782 239
782 1109
784 587
785 1155
787 229
787 450
789 567
789 577
790 835
791 1114
794 557
795 1155
796 224
797 454
799 547
800 830
801 1114
804 537
805 219
805 1155
806 459
809 522
810 825
810 1119
814 212
814 502
814 512
815 1128
815 1155
816 463
819 492
820 820
823 1134
824 207
824 469
824 479
825 1155
829 907
829 917
829 927
829 937
829 947
829 957
829 967
829 977
829 987
829 997
829 1007
829 1017
829 1027
829 1037
829 1047
829 1057
830 815
833 1134
834 202
834 887
834 897
834 1066
834 1076
835 1157
839 810
839 877
839 1085
842 1095
843 1134
844 197
844 867
845 1160
847 1104
849 810
849 1114
849 1124
852 859
854 192
855 818
855 1160
859 828
859 838
859 848
864 187
865 1160
874 184
874 1165
880 1060
880 1070
880 1080
880 1090
884 184
884 1165
885 1045
885 1099
890 1035
890 1108
890 1118
892 1159
894 184
895 1127
899 1137
900 1035
900 1147
904 184
910 1035
914 184
920 1035
923 189
930 1035
932 194
940 1035
941 199
949 206
950 1035
958 211
960 1035
965 219
970 1035
973 225
980 233
980 1035
984 1142
988 240
989 1127
989 1151
990 1035
994 1117
995 248
996 1159
999 1107
1000 257
1000 1035
1004 267
1004 1045
1004 1055
1004 1065
1004 1075
1004 1085
1004 1095
1006 1160
1009 276
1010 286
1010 296
1010 306
1010 316
1010 326
1010 336
1010 346
1010 356
1010 366
1016 374
1016 1160
1024 362
1025 725
1025 735
1025 745
1025 755
1025 1165
1029 352
1030 764
1030 1110
1030 1120
1030 1130
1034 342
1035 725
1035 773
1035 1165
1039 332
1040 655
1040 782
1040 792
1040 1105
1040 1131
1042 665
1045 645
1045 725
1045 801
1045 1165
1047 324
1048 811
1048 1098
1050 630
1050 1129
1052 669
1053 820
1053 1088
1054 312
1055 725
1055 830
1055 1055
1055 1065
1055 1075
1055 1165
1058 623
1059 302
1060 839
1060 1030
1060 1040
1060 1129
1061 674
1063 613
1065 725
1065 848
1065 1010
1065 1020
1065 1165
1069 297
1070 605
1070 857
1070 867
1070 877
1070 887
1070 1129
1071 674
1074 730
1075 896
1075 906
1075 916
1075 1005
1075 1165
1077 289
1078 598
1078 926
1080 679
1080 738
1080 1129
1083 588
1083 935
1085 747
1085 945
1085 1005
1085 1165
1086 284
1089 684
1089 757
1090 575
1090 954
1090 1129
1094 277
1094 1000
1095 565
1095 1165
1097 764
1098 689
1099 959
1099 1124
1100 515
1100 540
1100 550
1102 525
1104 272
1104 772
1104 1000
1105 1165
1107 694
1109 959
1109 1124
1110 515
1112 264
1112 779
1114 702
1114 1000
1115 1165
1118 964
1119 787
1119 1122
1120 515
1120 710
1121 259
1124 796
1124 1000
1125 719
1125 1165
1128 964
1129 252
1129 1119
1130 515
1131 804
1133 725
1134 1000
1135 1165
1137 244
1138 964
1138 1114
1139 810
1140 515
1140 733
1142 820
1144 1000
1145 1165
1147 239
1148 740
1148 964
1148 1114
1149 520
1150 827
1154 837
1154 1000
1155 748
1155 1165
1157 234
1157 959
1157 1109
1159 520
1159 846
1163 754
1164 1000
1165 1165
1166 854
1167 234
1167 959
1167 1109
1169 520
1172 759
1174 847
1174 1000
1175 1167
1176 229
1177 959
1177 1109
1179 520
1180 810
1180 820
1180 830
1182 759
1184 1000
1185 224
1185 1170
1187 959
1187 1109
1189 520
1190 810
1192 759
1194 1000
1195 224
1195 1170
1197 954
1197 1109
1199 520
1200 812
1202 759
1204 1000
1205 224
1205 1170
1206 1114
1207 820
1207 949
1209 517
1212 759
1214 1000
1215 227
1215 1119
1215 1170
1217 824
1217 949
1219 512
1220 1128
1222 759
1224 1000
1225 229
1225 941
1225 1137
1225 1147
1225 1165
1227 825
1229 507
1230 1156
1232 759
1233 934
1234 234
1234 997
1237 499
1237 829
1240 926
1241 764
1242 240
1244 992
1245 490
1245 774
1245 820
1245 916
1250 247
1250 783
1250 793
1250 803
1250 906
1252 984
1253 483
1255 256
1258 899
1260 470
1260 970
1261 264
1262 889
1264 877
1265 274
1265 460
1265 955
1269 862
1270 283
1270 450
1273 948
1274 847
1275 292
1275 430
1275 440
1278 938
1279 832
1280 301
1280 311
1280 415
1283 928
1284 817
1285 320
1285 330
1285 340
1285 350
1285 360
1285 370
1285 380
1285 390
1285 400
1289 802
1290 920
1294 787
1295 910
1299 777
1300 895
1304 767
1305 880
1309 757
1310 865
1315 845
1315 855
1317 749
1320 805
1320 815
1320 825
1320 835
1322 739
1325 765
1325 775
1325 785
1325 795
1329 727
1330 755
1335 745
1337 719
1340 735
1345 711
1349 730
1355 706
1358 725
1365 707
1367 720
