669 1142
669 1152
669 1162
674 1132
677 1169
684 1127
685 1175
694 1124
695 1175
704 1124
705 1175
714 1124
714 1170
724 1124
724 1170
734 1124
734 1170
743 1165
744 812
744 1126
749 757
749 767
749 777
749 787
749 797
749 821
753 1165
754 737
754 747
754 830
754 1129
759 722
763 835
763 1165
764 707
764 1129
769 317
769 327
769 337
769 347
769 357
769 367
769 377
769 387
769 397
769 407
769 417
769 427
769 682
769 692
773 835
773 1165
774 297
774 307
774 436
774 657
774 667
774 1129
779 287
779 632
779 642
781 444
783 835
783 1165
784 272
784 592
784 602
784 612
784 622
784 1129
789 257
789 450
789 557
789 567
789 577
793 835
793 1165
794 247
794 542
794 1129
798 455
799 532
802 239
802 830
803 1165
804 517
804 1129
807 460
809 497
809 507
810 231
811 825
813 1165
814 487
814 972
814 982
814 992
814 1002
814 1012
814 1129
815 221
817 464
819 474
819 932
819 942
819 952
819 962
819 1021
819 1031
820 820
823 1165
824 907
824 917
824 1040
824 1050
824 1129
825 216
827 1060
828 813
829 887
829 897
833 1165
834 877
834 1129
835 211
835 1067
838 808
839 867
842 1075
843 1165
844 816
844 1129
845 209
847 859
849 825
849 835
849 845
849 1083
853 1165
854 1092
854 1129
855 209
859 1101
859 1111
863 1165
865 209
873 1165
875 209
883 1165
885 209
892 1159
895 209
900 1055
900 1065
900 1075
900 1085
900 1095
900 1105
900 1145
905 212
905 1114
905 1135
909 1050
910 1123
915 214
918 1045
925 217
928 1045
935 219
938 1045
945 222
948 1045
954 227
957 1050
964 231
967 1050
973 236
977 1050
980 244
984 1058
984 1068
984 1078
984 1088
984 1098
984 1108
984 1118
984 1128
985 253
985 1138
990 262
990 1147
995 271
999 1152
1000 280
1000 670
1005 289
1005 679
1009 1155
1010 298
1010 665
1015 307
1015 317
1015 327
1015 337
1015 347
1015 357
1015 679
1018 1160
1020 660
1023 364
1025 679
1028 1160
1030 655
1030 750
1030 760
1030 770
1030 1105
1030 1115
1032 780
1033 364
1035 679
1035 790
1035 800
1035 1124
1037 810
1038 648
1038 1160
1039 1100
1040 745
1040 820
1040 830
1043 364
1044 684
1045 640
1045 839
1045 849
1045 859
1045 1124
1047 1094
1048 1160
1049 337
1049 347
1050 745
1050 868
1050 878
1054 327
1054 635
1054 684
1055 887
1055 1080
1055 1124
1058 1160
1059 317
1059 897
1060 745
1060 907
1060 1060
1060 1070
1062 629
1064 684
1065 916
1065 1040
1065 1050
1065 1124
1067 309
1068 926
1068 1160
1070 620
1070 745
1070 1005
1070 1015
1070 1025
1072 299
1073 935
1074 684
1075 610
1075 945
1075 1124
1078 1160
1079 750
1080 954
1080 1005
1082 294
1082 760
1083 603
1084 686
1084 1119
1088 960
1088 1160
1089 768
1090 286
1090 585
1090 595
1090 1005
1093 691
1094 777
1094 1119
1095 575
1098 279
1098 964
1098 1160
1100 560
1100 699
1100 1005
1104 780
1104 1119
1105 535
1105 545
1107 274
1108 705
1108 964
1108 1160
1109 789
1110 1005
1111 799
1114 1119
1115 535
1115 713
1116 808
1117 269
1118 964
1118 1160
1120 722
1120 818
1120 1005
1124 1119
1125 535
1125 827
1127 264
1127 730
1127 959
1127 1165
1130 1005
1132 739
1132 835
1134 1119
1135 535
1135 749
1137 259
1137 959
1137 1165
1140 1005
1142 839
1144 754
1144 1119
1145 535
1146 1170
1147 259
1147 959
1150 845
1150 1005
1154 754
1154 1119
1155 535
1156 1170
1157 259
1157 959
1160 845
1160 1000
1164 754
1164 1119
1165 530
1166 954
1166 1170
1167 259
1170 835
1170 1000
1174 754
1174 1119
1175 530
1175 820
1175 1175
1176 954
1177 259
1180 995
1184 525
1184 754
1184 815
1184 1119
1185 949
1185 1175
1187 259
1190 995
1193 520
1193 1124
1194 754
1194 815
1195 949
1195 1175
1197 259
1200 990
1202 515
1202 1129
1203 1168
1204 754
1204 815
1205 946
1207 259
1210 990
1210 1135
1210 1155
1212 515
1213 759
1214 815
1215 944
1215 1144
1217 259
1220 990
1222 515
1222 809
1223 760
1225 941
1226 264
1229 985
1230 768
1230 795
1232 514
1235 777
1235 936
1236 264
1237 979
1242 509
1245 934
1245 970
1246 264
1249 897
1249 907
1249 917
1252 505
1254 887
1255 269
1255 965
1259 862
1259 872
1261 500
1263 275
1264 837
1264 847
1265 960
1269 812
1269 822
1270 283
1270 495
1273 953
1274 802
1275 292
1275 485
1279 787
1280 301
1280 470
1280 945
1284 767
1284 777
1285 310
1285 455
1288 938
1289 757
1290 319
1290 329
1290 339
1290 349
1290 359
1290 369
1290 379
1290 389
1290 399
1290 409
1290 419
1290 429
1290 439
1294 747
1295 930
1299 737
1300 920
1304 727
1305 905
1310 810
1310 820
1310 830
1310 840
1310 850
1310 860
1310 870
1310 880
1310 890
1312 719
1315 795
1317 709
1320 785
1325 701
1325 775
1330 755
1330 765
1333 694
1335 745
1340 735
1342 689
1349 730
1352 684
1359 727
1362 684
1369 722
1372 684
1377 715
1382 684
1386 710
1389 692
1394 702
