194 237
194 247
202 229
204 250
209 212
213 255
219 202
223 255
227 194
232 260
235 186
242 260
245 181
250 171
252 264
258 164
262 265
268 164
272 269
275 156
282 270
285 151
292 274
293 144
302 275
303 144
310 136
311 280
318 129
320 285
327 124
330 287
337 124
340 290
347 119
350 292
357 114
357 300
366 109
366 305
374 311
375 104
384 315
385 104
390 323
394 97
398 330
404 92
408 330
414 87
415 338
423 345
424 84
430 353
433 79
434 722
438 360
439 712
440 71
440 730
444 702
445 368
448 64
448 723
452 694
453 375
453 713
454 52
458 703
460 686
462 44
462 380
465 695
467 389
468 679
472 39
473 688
475 671
476 394
477 29
483 664
483 683
486 24
486 395
490 675
492 659
494 401
496 24
498 668
499 410
500 651
505 418
505 660
506 24
510 427
510 646
515 660
516 24
517 435
518 639
522 444
524 31
524 655
526 454
528 639
530 39
533 650
535 631
536 458
538 45
540 55
540 468
542 644
543 624
545 64
548 475
549 485
549 495
550 390
552 400
552 619
552 640
553 70
559 492
560 78
560 385
560 407
561 635
562 614
564 417
567 485
568 378
570 82
570 425
570 606
570 630
575 434
577 489
578 373
578 599
578 623
580 84
580 355
581 499
583 440
585 591
588 618
589 350
589 505
590 84
590 448
592 515
593 584
597 344
598 455
598 613
599 547
599 557
599 567
600 87
600 522
602 335
604 532
605 463
608 608
609 92
611 330
613 470
615 600
619 94
620 320
620 478
620 585
625 487
628 99
628 313
628 578
629 497
630 507
630 560
635 516
635 526
635 536
635 546
638 100
638 308
644 300
648 104
652 294
658 105
660 285
667 110
670 280
677 114
678 273
684 122
688 268
694 124
698 263
704 126
705 255
713 131
715 250
723 135
725 250
730 143
735 245
740 144
745 153
745 240
753 159
755 240
762 164
764 235
771 169
774 235
779 176
783 230
785 184
793 230
794 189
800 197
802 224
804 207
