24 262
24 272
29 252
29 281
29 291
34 300
39 247
40 308
47 239
48 315
55 231
55 323
63 224
63 330
69 338
72 219
74 347
81 214
82 354
89 362
90 209
97 369
99 202
105 375
109 197
114 380
119 192
120 388
128 395
129 187
135 403
139 182
143 410
147 174
150 418
156 169
158 425
165 164
167 430
174 159
175 437
182 445
183 154
191 450
192 149
200 141
201 453
208 134
210 458
215 126
219 482
219 492
220 460
224 472
225 121
229 455
229 495
232 465
233 114
238 500
239 455
240 106
247 494
248 99
255 91
257 490
259 500
263 84
264 509
269 518
272 79
274 527
282 74
284 530
289 539
290 66
297 545
298 59
302 49
304 537
305 520
307 39
312 544
314 554
315 31
319 563
320 573
325 26
325 582
329 592
335 24
337 599
344 607
345 27
350 530
350 540
352 35
352 614
355 549
355 559
359 622
360 42
360 568
360 578
365 545
367 50
367 629
368 585
370 520
370 530
374 637
375 57
375 593
380 530
382 65
383 600
384 640
387 74
388 523
390 608
393 645
394 82
395 490
395 500
395 510
398 614
402 89
403 645
404 485
407 495
407 619
409 97
410 435
410 445
412 650
415 454
416 624
417 104
417 499
419 440
420 463
420 657
424 112
425 448
425 629
427 499
428 470
430 660
432 119
432 489
433 455
435 478
435 629
439 127
440 660
442 460
445 629
447 134
450 660
451 455
455 626
456 139
460 662
461 455
464 146
465 627
470 154
470 450
470 665
475 629
479 159
480 445
480 665
485 629
488 164
488 658
489 440
495 629
497 169
497 434
498 655
505 425
505 629
506 174
508 655
513 418
515 179
515 626
517 650
520 410
523 185
525 621
527 650
529 405
532 190
535 619
537 399
537 649
542 194
544 517
545 390
545 619
547 645
549 202
549 526
553 383
554 514
555 616
556 534
556 640
559 204
560 375
563 609
564 516
565 635
566 538
568 209
568 368
570 601
573 521
574 544
574 630
575 360
577 214
578 594
579 553
583 353
583 524
583 625
584 222
584 562
585 586
589 571
590 345
592 229
592 529
592 619
598 338
600 610
601 234
601 534
605 325
605 544
608 603
609 241
610 315
610 553
610 590
615 249
615 562
615 572
618 308
620 258
625 267
625 290
625 300
630 276
