159 242
159 252
159 262
159 272
164 232
164 281
169 290
172 224
175 298
180 216
180 307
184 317
185 206
192 324
193 199
199 332
202 194
204 341
210 186
211 349
218 179
219 355
227 174
228 360
235 368
236 169
243 375
244 162
250 383
254 157
258 390
262 149
267 395
270 141
274 403
278 134
279 412
284 122
289 415
292 114
297 104
298 420
305 96
307 425
313 89
317 429
319 77
327 69
327 430
335 61
337 430
343 54
347 430
352 49
354 438
354 448
354 458
354 468
360 41
362 475
370 36
370 482
378 29
380 485
387 24
389 480
397 24
398 485
404 493
404 503
407 24
409 512
409 522
409 532
409 542
409 552
409 562
409 572
414 581
414 591
414 601
414 611
414 621
414 631
414 641
414 651
414 661
416 29
419 670
419 680
419 690
419 700
419 710
419 720
419 730
419 740
419 750
419 760
419 770
419 780
424 789
425 34
426 799
429 809
434 39
435 817
443 44
444 812
445 525
445 535
445 545
445 555
445 565
445 575
445 585
445 595
445 605
445 615
445 625
445 635
445 645
445 655
445 665
445 675
445 685
445 695
445 705
445 715
445 725
445 735
445 745
445 755
445 765
445 775
445 785
445 795
450 505
450 515
452 49
455 495
461 54
465 495
470 59
475 495
478 65
483 488
485 73
490 480
495 77
495 450
495 460
495 470
502 85
503 443
510 92
510 435
514 102
520 435
522 109
530 430
531 114
539 121
540 425
548 126
550 420
555 134
560 415
565 137
568 408
574 142
578 403
582 149
585 395
591 154
593 388
600 159
600 380
605 370
608 165
615 365
617 170
623 358
625 177
630 345
634 182
638 338
642 189
645 330
650 320
651 194
658 313
660 199
663 303
665 208
670 290
675 212
675 280
679 222
680 232
680 260
680 270
685 241
685 251
