39 352
39 362
47 344
47 369
49 392
49 402
56 339
57 370
57 384
57 409
64 557
66 335
67 405
69 566
72 549
74 329
74 575
77 405
80 541
80 583
84 329
87 405
88 534
90 580
93 324
95 526
97 405
100 580
102 319
103 519
107 405
109 575
112 314
112 514
117 404
118 570
121 509
122 314
127 400
127 564
130 306
130 504
137 399
137 559
139 497
140 301
147 395
147 489
147 555
148 294
155 481
156 390
156 550
158 294
165 476
165 545
166 390
167 289
173 538
175 471
176 284
176 390
183 533
185 279
185 466
186 390
190 525
195 279
195 461
196 390
200 525
203 454
204 274
206 390
210 520
212 449
214 274
215 385
220 520
222 444
223 269
225 385
230 515
232 444
233 269
235 385
240 515
242 264
242 439
245 385
250 510
252 264
252 439
255 380
260 510
261 259
262 434
265 380
270 505
271 255
272 434
274 375
280 505
281 254
282 369
282 429
290 500
291 254
292 365
292 429
300 500
301 254
301 424
302 364
310 500
311 250
311 424
312 360
320 500
321 254
321 424
322 359
330 500
331 250
331 424
332 355
340 500
341 249
341 424
342 354
350 500
351 245
351 424
352 350
360 500
361 244
361 345
361 424
370 340
370 500
371 240
371 424
379 505
380 335
381 239
381 424
389 505
390 335
390 429
391 235
398 510
400 330
400 429
401 234
408 510
410 229
410 330
410 429
417 515
419 325
420 226
420 429
426 510
429 325
430 224
430 429
436 510
438 320
439 217
440 429
445 515
448 320
449 214
450 432
455 515
457 315
459 212
460 434
464 520
467 315
469 209
470 437
474 520
476 310
478 204
480 439
483 525
486 310
487 199
490 442
493 525
495 305
497 199
500 444
502 530
505 305
506 194
509 449
512 530
514 300
516 194
519 449
521 535
524 187
524 300
528 454
531 538
533 295
534 182
538 455
539 545
543 295
544 179
548 459
549 545
552 290
553 174
558 459
558 550
562 289
563 174
567 464
567 555
572 169
572 285
577 464
577 555
582 164
582 284
586 469
586 560
592 159
592 280
595 464
596 560
602 159
602 279
604 469
605 565
612 159
612 275
613 474
614 570
621 154
622 274
623 475
624 570
630 149
632 270
633 479
633 575
639 154
641 265
642 484
643 575
648 149
651 265
651 489
652 580
658 149
660 260
661 489
661 585
667 144
670 260
671 489
671 585
677 144
680 255
680 590
681 489
686 139
690 255
690 494
690 590
696 139
699 250
700 494
700 590
705 134
709 250
709 595
710 494
714 139
718 245
719 499
719 595
723 134
728 245
729 499
729 595
733 134
737 240
739 501
739 595
742 129
747 240
749 504
749 595
752 129
756 235
758 600
759 504
762 124
766 235
768 509
768 600
771 119
775 230
777 605
778 510
781 115
785 225
787 605
788 514
791 114
795 220
796 610
798 515
799 107
805 220
806 610
808 519
809 102
814 215
816 610
818 519
819 99
824 212
826 610
828 519
829 97
834 210
836 610
838 519
839 94
844 207
846 610
848 519
849 92
854 205
856 610
857 84
857 514
864 202
866 610
867 84
867 514
874 200
876 79
876 610
877 514
884 197
886 75
886 610
887 509
894 195
896 74
896 610
897 509
904 192
906 70
906 610
907 504
914 190
916 69
916 610
917 504
923 185
926 69
926 610
927 499
933 185
935 605
936 69
937 499
943 185
945 605
946 69
947 494
953 185
955 600
956 69
957 494
963 185
965 64
965 600
966 489
973 183
975 64
975 595
976 489
983 180
985 64
985 484
985 595
992 185
995 67
995 484
995 590
1002 185
1004 477
1005 69
1005 590
1012 185
1012 469
1014 74
1015 585
1022 185
1022 464
1024 74
1025 580
1030 456
1031 190
1034 74
1034 575
1040 451
1041 190
1043 79
1044 575
1048 444
1051 193
1052 569
1053 79
1057 439
1061 195
1062 84
1062 564
1065 431
1069 201
1070 555
1072 84
1074 422
1076 209
1079 92
1079 407
1080 550
1084 215
1084 397
1087 225
1089 96
1090 545
1092 389
1094 233
1094 372
1095 243
1099 99
1099 362
1100 540
1103 250
1104 352
1107 105
1108 533
1109 258
1109 342
1110 268
1114 278
1114 288
1114 298
1114 308
1114 318
1114 328
1115 112
1115 525
1120 515
1124 117
1129 510
1134 121
1137 504
1138 131
1143 140
1145 495
1147 150
1150 485
1157 154
1158 478
1164 162
1165 465
1170 170
1170 180
1170 455
1175 189
1178 448
1183 195
1185 435
1190 203
1190 213
1190 410
1192 420
1195 222
1198 403
1200 370
1202 230
1203 393
1205 240
1205 250
1205 260
1205 285
1205 295
1205 335
1205 345
1205 355
1205 379
1207 270
1210 304
1210 314
1210 324
