129 892
129 902
129 912
129 922
129 932
129 942
129 952
134 862
134 872
134 882
134 961
134 971
134 981
139 837
139 847
139 990
144 827
144 999
144 1009
144 1019
146 1029
151 1038
152 819
154 802
155 1048
159 792
159 1058
164 1067
167 784
169 1076
174 1085
175 776
177 1095
183 769
184 757
184 1103
189 747
189 1112
194 1121
197 739
201 1129
206 734
209 1135
214 722
214 1144
220 1152
224 717
225 885
225 895
225 905
225 915
225 925
225 935
225 945
227 1160
230 865
230 875
230 954
230 964
230 974
232 709
235 850
235 983
235 993
235 1167
240 701
240 835
240 1002
242 1175
245 825
245 1011
245 1021
248 694
251 1029
252 1179
253 818
255 686
255 805
255 1039
255 1049
260 795
261 1184
263 679
263 1055
268 788
269 1190
272 674
272 1060
278 783
278 1195
280 666
280 1067
285 770
285 1076
287 1200
288 659
291 1084
295 765
296 1205
298 659
300 1089
303 758
306 1208
307 654
309 1094
310 750
315 646
316 1210
317 1100
318 743
324 1216
325 644
325 735
325 1107
334 639
334 1112
334 1220
335 730
343 634
344 1114
344 1220
345 725
352 629
352 1120
354 720
354 1220
362 624
362 1124
363 1225
364 720
369 612
372 714
372 1124
373 1225
377 604
382 709
382 1124
383 1225
386 609
392 704
392 1124
392 1230
396 609
401 1129
402 699
402 1230
406 605
411 1129
412 694
412 1230
416 600
421 1129
422 689
422 1230
426 599
431 1129
432 684
432 1229
436 595
440 1124
442 679
442 1225
444 587
450 1121
452 674
452 1225
454 584
460 1119
462 669
462 1224
463 579
469 1112
472 574
472 664
472 1220
479 1107
481 569
482 659
482 1219
489 1102
491 565
492 654
492 1215
497 1094
499 559
501 1210
502 649
507 1089
508 554
510 640
510 1205
517 549
517 1084
520 635
520 1200
525 1076
527 544
529 630
530 1195
533 1069
537 539
538 625
539 1057
540 1190
546 534
547 620
547 1049
549 1185
552 1039
555 529
556 615
557 1179
560 1031
564 522
565 610
565 1170
568 1024
572 1014
573 603
573 1163
574 517
580 595
580 1006
580 1155
582 509
585 996
588 1148
589 590
591 504
593 989
595 1140
598 585
599 977
601 500
603 1133
607 579
607 969
608 1123
609 492
609 957
615 570
615 1115
617 949
619 487
623 1108
624 565
625 941
627 479
630 931
630 1100
632 559
636 474
637 549
638 924
638 1093
639 912
644 467
645 540
645 1080
647 904
653 1073
654 462
654 892
655 530
659 882
660 1060
663 523
664 457
667 874
668 1053
670 510
672 449
675 866
675 1040
679 505
680 856
682 444
683 1033
684 842
687 499
690 436
690 1020
692 490
692 834
695 1010
697 824
700 431
701 485
703 1003
704 812
709 477
709 802
710 429
710 990
714 792
718 983
719 422
719 472
719 782
724 767
725 460
725 975
729 417
729 752
730 965
733 453
735 955
737 744
739 414
740 445
742 734
743 948
744 722
748 438
749 412
750 935
752 714
755 430
755 925
759 409
759 702
763 423
763 918
767 694
768 908
772 684
773 898
777 674
780 885
787 669
788 878
792 659
793 868
797 649
798 858
802 639
803 848
809 627
810 835
814 607
814 617
815 820
822 599
823 813
830 591
830 800
835 581
838 793
843 574
843 783
848 773
849 552
849 562
853 763
854 542
855 750
862 534
863 743
867 524
868 733
872 514
875 720
879 502
880 710
884 492
885 700
889 482
893 693
894 472
898 683
899 462
903 673
907 454
910 660
912 444
915 640
915 650
917 434
919 422
923 633
924 412
925 620
929 402
933 613
934 392
938 603
939 382
943 593
944 367
948 583
949 357
953 573
954 347
958 563
960 550
962 339
965 540
970 331
970 530
978 324
978 523
985 316
985 515
993 309
993 508
997 299
1000 480
1000 490
1000 500
1005 291
1008 473
1013 284
1015 460
1017 274
1022 264
1023 453
1030 440
1031 259
1038 433
1039 252
1040 420
1045 410
1047 244
1053 403
1055 390
1057 239
1060 380
1065 355
1065 365
1067 239
1070 335
1070 345
1074 247
1075 320
1079 256
1080 300
1080 310
1083 266
1085 276
1085 286
