54 497
54 507
54 517
54 552
54 562
59 447
59 457
59 472
59 482
59 526
59 536
59 571
64 580
64 590
64 600
64 610
67 439
67 620
69 427
74 628
77 419
79 392
79 402
79 637
79 647
84 656
84 666
87 384
89 675
94 372
95 683
102 364
103 690
104 700
107 354
109 337
110 708
114 327
115 717
119 727
122 319
127 734
130 311
136 739
138 304
146 743
147 299
155 291
155 748
163 284
163 755
172 279
172 760
175 560
175 570
180 271
180 535
180 545
180 579
180 589
180 599
180 767
185 515
185 525
185 608
187 775
188 264
190 505
190 617
195 490
196 780
197 259
197 625
203 483
205 251
205 465
205 632
205 785
209 642
210 455
213 244
214 651
215 787
219 450
220 659
222 239
222 795
227 444
230 662
231 234
232 795
235 435
237 670
240 229
242 799
245 435
247 674
249 224
251 804
254 430
256 679
258 219
261 805
263 425
265 684
267 214
271 808
272 420
274 689
277 214
280 813
282 419
284 689
286 209
288 820
292 414
292 695
296 205
298 820
302 410
302 699
306 204
307 825
312 409
312 699
315 199
317 825
321 704
322 405
324 192
327 825
331 704
332 405
334 189
337 825
340 709
341 400
344 187
347 824
350 709
351 400
354 182
357 820
359 714
360 395
364 179
367 820
369 390
369 714
374 179
376 825
379 390
379 714
383 174
385 820
389 390
389 714
392 169
394 825
398 385
399 714
402 169
403 830
408 385
409 714
411 164
413 830
418 385
418 719
421 164
422 835
427 380
427 714
431 164
432 834
437 379
437 714
440 159
442 830
446 719
447 375
450 159
452 830
456 370
456 715
460 156
462 829
466 370
466 714
470 154
472 825
476 370
476 714
480 154
482 825
486 370
486 710
490 151
492 824
496 370
496 709
500 149
502 820
506 370
506 709
510 149
512 819
515 365
515 704
520 146
522 814
525 367
525 704
530 144
532 810
535 370
535 704
540 144
542 809
544 365
544 699
550 144
550 800
554 365
554 699
560 144
560 800
564 365
564 699
570 144
570 795
573 360
573 694
579 139
579 790
583 360
583 694
589 139
589 787
593 358
593 694
599 139
599 785
602 689
603 355
608 780
609 139
612 684
613 355
618 780
619 139
622 679
623 353
628 778
629 139
632 679
633 350
638 134
638 775
641 674
643 350
648 134
648 775
651 670
652 355
658 134
658 773
661 350
661 669
665 765
668 134
671 350
671 669
675 765
678 134
680 664
681 350
684 760
688 134
689 659
691 350
693 755
698 134
699 659
701 350
702 750
708 134
708 654
711 350
712 749
717 649
718 134
720 740
721 350
727 129
727 649
730 740
731 353
736 134
737 644
740 735
741 350
746 134
746 639
749 730
751 350
755 129
756 639
759 730
761 353
765 129
765 634
767 724
771 350
774 124
774 629
777 720
781 350
783 119
784 629
786 715
791 350
792 114
793 624
796 715
800 345
802 109
803 624
804 707
810 345
811 104
813 624
814 702
820 345
821 104
822 619
824 697
829 340
831 104
832 619
834 692
839 340
840 109
842 619
842 685
849 337
850 109
851 680
852 619
859 335
860 109
860 675
862 619
869 335
869 627
870 109
870 670
875 650
875 660
877 634
879 332
880 109
889 330
890 106
899 330
900 104
908 325
910 104
917 320
920 101
927 320
930 99
936 315
940 99
945 310
949 94
955 310
959 94
963 303
969 92
973 300
977 84
983 300
987 84
992 295
997 84
1002 295
1005 76
1012 295
1015 74
1022 295
1025 74
1032 295
1035 71
1042 299
1045 69
1052 299
1055 69
1062 295
1064 64
1072 295
1074 64
1081 290
1084 62
1091 290
1092 54
1101 290
1102 54
1110 285
1112 54
1120 280
1121 49
1130 280
1131 49
1139 275
1141 49
1149 272
1150 44
1159 270
1160 44
1167 264
1170 41
1177 260
1180 42
1186 255
1190 44
1195 250
1200 44
1205 245
1210 44
1215 240
1220 44
1225 235
1230 44
1233 228
1240 47
1240 220
1249 52
1249 215
1257 209
1259 54
1265 200
1269 56
1274 195
1279 59
1282 189
1289 59
1292 185
1299 61
1301 180
1309 64
1310 175
1315 115
1318 168
1319 64
1320 124
1323 108
1325 160
1329 66
1329 119
1333 105
1334 155
1335 74
1339 119
1342 99
1343 80
1344 152
1347 125
1352 144
1355 132
