69 647
74 617
74 627
74 656
77 639
79 562
79 572
79 587
79 597
79 607
79 665
79 675
79 685
84 547
84 694
84 704
89 527
89 537
89 713
94 502
94 512
94 722
94 732
94 742
99 482
99 492
102 749
104 472
104 759
109 768
112 464
114 777
117 454
119 786
119 796
122 444
126 804
130 436
134 422
134 810
137 820
139 412
144 828
147 404
149 837
152 394
154 846
160 386
161 854
169 860
170 381
175 868
178 374
183 875
187 369
190 883
195 361
198 890
203 354
205 898
212 349
213 905
220 341
222 910
228 334
231 915
237 329
239 921
240 660
240 670
245 650
245 679
246 324
249 925
250 615
250 625
250 635
250 688
255 319
255 605
258 695
258 930
260 595
262 705
264 314
265 715
265 725
267 735
267 935
268 588
270 565
270 575
273 309
275 555
275 742
276 940
280 545
282 304
282 750
286 940
288 538
290 757
292 299
295 945
297 765
298 533
302 294
304 950
305 525
305 772
309 782
310 515
312 289
314 950
317 789
318 508
322 284
324 950
325 500
326 794
332 284
333 493
333 955
334 801
340 276
340 485
342 960
344 804
350 274
350 480
352 960
354 804
359 269
359 475
362 960
364 806
368 264
368 470
370 814
371 965
375 256
377 465
380 814
381 965
385 254
386 460
390 814
391 965
394 247
395 455
400 814
401 965
404 242
405 450
410 814
411 965
414 239
414 445
419 819
421 965
423 234
424 442
429 821
430 226
430 960
434 437
439 824
439 965
440 224
444 435
448 819
449 219
449 965
453 430
458 224
458 820
458 960
462 425
468 224
468 824
468 960
471 420
475 216
477 819
478 958
481 420
485 214
487 819
488 955
490 415
494 209
496 824
498 955
499 410
504 207
505 819
508 405
508 953
514 204
515 819
518 403
518 950
524 202
525 819
528 400
528 950
534 197
534 814
538 400
538 948
544 194
544 814
547 395
548 945
554 194
554 812
556 390
558 945
563 189
564 807
566 390
567 940
572 184
574 804
575 385
576 935
582 184
583 799
585 385
586 935
592 179
593 799
594 380
595 930
602 179
602 794
604 377
604 925
612 179
612 789
613 920
614 375
622 179
622 789
622 914
624 375
630 905
631 784
632 179
634 372
640 171
640 905
641 780
644 370
648 898
649 774
650 169
654 370
658 895
659 774
660 169
663 365
668 769
668 895
670 166
673 365
677 764
678 893
680 164
683 365
685 885
687 759
690 164
692 360
695 885
697 754
700 161
702 360
704 880
707 754
710 159
712 360
712 874
717 754
719 154
722 360
722 870
727 749
729 152
731 865
732 360
737 749
739 149
739 857
742 360
747 749
749 149
749 852
752 360
756 744
757 845
758 144
762 360
765 739
766 840
768 144
772 359
774 734
774 832
778 144
782 355
782 824
784 734
788 144
790 810
792 355
794 734
795 795
798 144
802 354
803 788
804 736
808 144
808 778
810 744
812 350
813 768
815 753
817 139
821 355
827 139
831 355
837 139
840 350
845 131
849 355
855 129
859 355
865 129
868 350
875 126
878 350
885 124
888 350
894 119
898 350
903 114
908 350
913 114
917 345
923 114
927 345
932 109
937 345
942 109
946 340
951 104
956 343
960 99
966 345
970 99
975 340
980 99
985 340
989 94
995 340
999 94
1005 335
1009 92
1015 335
1019 89
1025 335
1029 89
1034 330
1039 87
1043 335
1049 84
1053 335
1059 84
1062 330
1069 84
1072 330
1079 84
1082 330
1089 84
1092 330
1099 84
1102 330
1109 84
1112 329
1118 89
1122 325
1128 89
1132 325
1138 90
1142 324
1148 94
1152 320
1158 94
1162 320
1168 95
1172 320
1178 99
1182 320
1188 99
1191 315
1198 99
1201 315
1208 99
1211 315
1218 99
1221 315
1228 99
1231 315
1238 99
1240 310
1247 94
1250 310
1257 94
1260 305
1267 94
1270 305
1277 94
1279 310
1287 94
1289 307
1297 94
1299 305
1306 89
1308 310
1316 89
1318 308
1325 94
1328 305
1334 89
1338 303
1344 89
1348 298
1354 87
1358 295
1364 86
1367 289
1373 91
1377 285
1383 94
1386 280
1393 95
1395 275
1403 99
1405 270
1413 99
1414 265
1422 259
1423 100
1430 108
1430 250
1438 114
1440 245
1447 119
1450 240
1456 124
1460 235
1465 129
1470 230
1475 129
1478 223
1485 129
1488 218
1494 134
1498 213
1504 136
1505 205
1513 198
1514 139
1520 190
1522 145
1525 155
1525 165
1525 175
