134 612
134 622
134 632
134 642
134 652
134 662
134 672
134 682
139 587
139 597
139 691
144 567
144 577
144 700
144 710
149 557
149 719
151 729
154 547
156 738
159 537
164 745
167 529
167 755
172 519
172 764
179 772
180 511
184 781
188 504
191 789
194 799
195 496
200 807
203 489
209 812
210 481
217 819
218 474
226 824
227 469
234 830
236 464
240 838
245 459
248 845
254 454
257 850
263 449
265 857
272 444
274 862
282 439
284 865
290 873
292 439
300 877
301 434
309 882
310 429
317 889
320 426
326 894
330 424
336 898
340 421
345 903
350 419
355 907
359 414
364 912
369 412
374 915
379 409
383 920
389 409
392 925
399 409
401 930
408 404
410 935
418 404
420 937
428 404
429 942
438 404
439 945
447 399
448 950
457 399
457 955
467 399
467 959
477 399
477 960
486 965
487 394
496 968
497 394
505 973
507 394
515 975
517 394
524 980
527 394
534 980
537 394
543 985
546 389
553 985
556 389
562 990
566 389
572 994
576 389
582 995
586 389
592 999
596 385
601 1004
606 384
611 1005
616 384
620 1010
626 384
630 1010
635 379
639 1015
645 379
649 1015
655 379
658 1020
665 379
668 1020
674 374
678 1020
684 374
687 1025
694 374
697 1025
703 369
706 1030
713 369
716 1030
723 369
726 1033
732 364
736 1035
742 364
746 1038
751 359
756 1040
761 359
766 1040
771 359
776 1043
781 359
786 1045
791 359
796 1045
800 354
806 1045
810 354
815 1050
820 354
825 1050
830 354
835 1050
839 349
845 1050
849 349
854 1055
859 349
864 1055
869 349
874 1055
879 349
884 1055
889 349
894 1055
899 349
904 1055
909 347
914 1055
919 344
924 1055
929 344
934 1055
939 344
944 1055
949 344
954 1055
959 344
964 1055
969 344
974 1055
979 344
983 1050
989 344
993 1050
999 344
1003 1050
1009 344
1013 1048
1019 344
1023 1045
1029 344
1033 1045
1039 344
1043 1043
1049 342
1053 1040
1059 339
1063 1038
1069 339
1073 1035
1079 339
1082 1030
1089 339
1092 1029
1099 337
1102 1025
1109 334
1111 1020
1119 334
1120 1015
1128 329
1130 1010
1138 329
1140 1010
1148 329
1149 1005
1157 324
1157 999
1167 324
1167 994
1177 324
1177 989
1187 324
1187 984
1196 319
1197 979
1206 319
1207 974
1216 319
1217 969
1225 314
1227 964
1234 309
1237 959
1244 307
1247 955
1254 304
1256 950
1263 299
1266 950
1272 294
1275 945
1282 294
1284 940
1292 294
1294 937
1301 289
1304 935
1310 284
1314 932
1320 284
1324 930
1330 284
1334 927
1339 289
1344 925
1349 289
1354 922
1359 287
1364 920
1369 284
1374 920
1378 279
1384 920
1388 279
1393 915
1397 274
1403 915
1407 274
1413 915
1417 269
1423 915
1427 269
1433 915
1437 269
1442 910
1446 264
1452 910
1456 264
1462 910
1465 259
1472 910
1475 259
1482 910
1485 256
1492 910
1495 254
1502 910
1505 251
1512 910
1515 249
1522 910
1525 249
1531 905
1535 246
1541 905
1545 244
1551 905
1555 244
1561 905
1565 244
1571 905
1574 239
1581 905
1584 239
1591 905
1594 239
1600 910
1604 237
1610 910
1614 234
1620 910
1624 234
1629 905
1634 234
1639 905
1643 229
1649 905
1653 229
1659 905
1663 229
1669 905
1673 229
1679 905
1682 224
1689 905
1692 224
1699 905
1702 224
1709 905
1712 219
1719 905
1722 219
1729 905
1732 219
1739 905
1742 219
1749 905
1752 214
1758 910
1762 214
1768 910
1772 214
1778 910
1782 214
1788 910
1791 209
1798 910
1801 209
1808 910
1811 209
1818 910
1821 209
1827 915
1830 204
1834 952
1834 962
1834 972
1834 982
1835 922
1839 932
1839 942
1839 991
1840 204
1846 999
1850 204
1854 1005
1860 204
1860 1013
1869 199
1870 1015
1879 199
1879 1020
1889 199
1889 1020
1898 1025
1899 199
1908 194
1908 1025
1918 194
1918 1025
1927 1030
1928 194
1937 1030
1938 194
1946 1035
1947 189
1956 1035
1957 189
1966 1038
1967 189
1976 1040
1977 189
1986 1040
1987 189
1996 1043
1997 184
2006 1045
2007 184
2016 1045
2017 184
2026 1045
2027 184
2035 1050
2037 184
2045 1050
2047 184
2055 1050
2057 184
2065 1052
2067 184
2075 1055
2077 184
2085 1055
2087 184
2094 1060
2097 184
2104 1060
2107 184
2114 1057
2117 184
2124 1055
2127 184
2134 1055
2136 189
2144 1055
2146 189
2154 1055
2156 189
2164 1055
2165 194
2174 1055
2175 194
2184 1055
2185 197
2194 1055
2195 199
2204 1052
2205 202
2214 207
2214 1050
2224 209
2224 1050
2233 214
2233 1045
2242 219
2243 1045
2251 224
2252 1040
2260 229
2262 1039
2270 232
2272 1035
2278 239
2281 1030
2287 244
2290 1025
2296 249
2299 1020
2304 256
2307 1014
2310 264
2315 1005
2320 267
2323 998
2327 275
2330 990
2332 284
2338 983
2339 292
2343 973
2347 299
2348 963
2353 953
2354 307
2355 940
2359 316
2360 915
2360 925
2363 326
2365 905
2368 335
2370 345
2373 898
2375 354
2375 364
2380 373
2383 893
2385 382
2389 392
2390 885
2394 401
2398 411
2398 878
2400 421
2405 430
2405 870
2407 440
2412 449
2413 863
2415 459
2418 853
2420 468
2423 843
2425 477
2425 830
2429 487
2430 497
2430 507
2430 820
2435 516
2435 805
2440 525
2440 790
2442 535
2445 545
2445 765
2445 775
2447 555
2450 740
2450 750
2452 564
2455 574
2455 584
2455 594
2455 604
2455 614
2455 710
2455 720
2455 730
2460 623
2460 633
2460 643
2460 653
2460 663
2460 673
2460 683
2460 693
