239 742
239 752
239 762
239 772
239 782
239 792
239 802
239 812
239 822
239 832
244 722
244 732
244 841
244 851
249 712
249 860
254 702
255 868
259 692
260 877
267 684
267 885
275 676
275 892
282 900
283 669
290 661
290 907
297 915
298 654
302 644
307 919
310 636
314 927
318 629
324 930
327 624
330 938
335 616
340 942
345 611
347 950
353 604
357 954
362 599
366 959
370 591
376 963
380 589
385 968
389 584
395 972
399 582
404 977
409 579
414 980
418 574
423 985
427 569
432 990
437 569
442 994
446 564
451 999
456 564
461 1003
465 559
471 1005
475 559
480 1010
484 554
490 1012
494 554
500 1015
504 554
510 1017
513 549
519 1022
523 549
529 1025
533 549
538 1030
543 549
548 1030
552 544
557 1035
562 544
567 1035
572 544
576 1040
581 539
585 1045
591 539
595 1045
601 539
605 1047
611 539
615 1050
621 539
625 1050
631 535
635 1050
641 534
644 1055
651 530
654 1055
661 529
663 1060
671 529
673 1060
680 524
683 1060
690 524
693 1060
700 524
702 1065
710 524
712 1065
720 524
721 1070
729 519
731 1073
739 519
739 1080
749 519
749 1080
758 514
759 1077
768 514
769 1075
778 514
779 1075
788 514
789 1075
798 514
799 1075
808 514
809 1075
818 514
819 1075
827 509
828 1080
837 509
838 1080
847 509
848 1080
855 501
858 1080
859 462
859 472
859 482
864 452
868 1078
869 442
877 434
878 1075
885 426
888 1075
893 419
898 1075
900 411
908 1075
910 406
918 399
918 1075
927 1070
928 399
937 394
937 1069
946 389
947 1065
956 385
957 1064
966 384
967 1060
976 384
977 1060
985 379
986 1055
995 379
996 1055
1005 379
1005 1050
1014 1045
1015 379
1023 1040
1025 382
1033 1040
1035 384
1042 1035
1043 390
1050 398
1052 1034
1058 405
1062 1030
1067 410
1071 1025
1077 414
1080 1020
1087 409
1090 1015
1095 401
1100 1010
1105 396
1110 1010
1115 391
1119 1005
1125 389
1129 1005
1135 389
1138 1000
1145 389
1148 998
1154 384
1158 995
1163 379
1168 993
1172 374
1178 990
1182 369
1188 988
1192 369
1198 985
1202 364
1208 985
1212 364
1218 985
1222 364
1227 980
1232 364
1237 980
1241 369
1247 980
1251 369
1257 980
1261 369
1267 980
1271 369
1277 979
1280 374
1287 975
1290 374
1297 975
1299 379
1307 975
1309 379
1317 975
1319 381
1327 975
1329 384
1337 975
1339 386
1346 980
1349 389
1356 980
1359 389
1366 980
1368 394
1376 980
1378 394
1386 980
1388 394
1396 980
1398 394
1406 980
1407 399
1415 985
1417 399
1425 985
1427 399
1434 990
1437 399
1444 990
1447 399
1450 998
1456 404
1458 1005
1462 1015
1466 404
1470 1022
1476 404
1477 1030
1485 1037
1486 404
1494 1042
1495 409
1504 1045
1505 409
1513 1050
1515 409
1523 1050
1525 409
1533 1050
1535 409
1543 1050
1545 412
1553 1050
1555 414
1562 1055
1565 414
1572 1055
1575 414
1582 1055
1585 414
1592 1055
1595 414
1602 1055
1605 414
1611 1060
1615 414
1621 1060
1625 414
1631 1060
1635 414
1641 1060
1645 414
1651 1060
1655 414
1660 1065
1665 414
1669 1070
1675 414
1679 1070
1685 414
1689 1070
1695 414
1699 1070
1705 414
1709 1070
1715 414
1719 1070
1725 414
1729 1070
1735 417
1739 1070
1745 419
1749 1070
1755 419
1759 1070
1765 419
1769 1070
1775 419
1779 1070
1785 419
1789 1070
1795 419
1799 1070
1805 419
1808 1065
1815 422
1817 1070
1825 424
1826 1065
1835 424
1836 1065
1845 424
1846 1065
1855 424
1855 1060
1865 424
1865 1060
1875 424
1875 1055
1885 424
1885 1055
1895 424
1895 1050
1905 424
1905 1045
1915 427
1915 1040
1925 429
1925 1035
1934 1030
1935 429
1942 1024
1945 429
1950 1015
1955 429
1958 1008
1964 434
1965 1000
1970 990
1974 434
1975 980
1983 973
1984 434
1985 960
1990 950
1993 439
1995 940
2000 925
2003 440
2005 915
2010 905
2013 444
2015 895
2020 885
2022 449
2025 870
2030 855
2031 454
2035 830
2035 840
2039 461
2040 810
2040 820
2045 469
2045 795
2050 785
2054 474
2055 775
2060 760
2062 480
2065 745
2067 489
2070 499
2070 509
2070 710
2070 720
2070 730
2075 518
2075 528
2075 680
2075 690
2075 700
2080 537
2080 547
2080 557
2080 567
2080 577
2080 665
2085 586
2085 596
2085 606
2085 616
2085 626
2085 636
2085 646
2085 656
