104 662
104 672
104 682
104 692
109 632
109 642
109 652
109 701
109 711
109 721
109 731
114 612
114 622
114 740
117 750
119 592
119 602
122 759
124 577
126 769
129 567
131 778
134 557
139 785
142 549
142 795
150 541
150 802
154 812
160 536
162 819
168 529
169 827
174 836
177 524
179 845
185 516
189 845
190 506
194 492
198 850
199 482
207 474
207 855
215 466
215 862
223 459
224 867
232 454
234 870
242 449
243 875
250 883
252 444
260 887
262 439
269 892
272 434
279 895
282 429
288 900
292 429
297 905
301 424
307 909
311 420
316 914
321 419
326 918
330 414
335 923
340 414
345 927
349 409
352 935
359 409
361 940
369 409
371 940
379 409
381 940
388 404
391 943
398 404
401 945
408 404
411 948
418 404
421 950
428 404
431 953
438 404
441 955
447 399
450 960
457 399
460 960
466 394
469 965
476 394
479 965
486 394
488 970
496 394
497 975
506 394
507 975
515 399
517 975
525 399
527 975
534 404
537 979
544 404
547 980
554 404
557 980
564 404
566 985
574 404
576 985
584 402
586 985
594 399
596 988
603 394
606 990
613 394
616 990
622 389
626 990
632 389
636 993
642 389
646 995
652 389
656 995
662 389
666 995
672 389
676 995
682 389
686 995
691 384
696 995
701 384
706 995
711 384
716 995
721 384
725 990
731 384
735 990
741 384
745 990
750 389
755 985
760 389
765 985
770 389
775 985
780 389
785 985
790 389
795 985
800 389
804 990
810 389
814 990
819 384
824 990
829 384
834 990
838 379
844 987
847 374
854 985
857 374
864 985
867 374
874 982
876 369
884 980
886 365
891 355
894 342
894 980
902 334
903 975
911 329
913 975
920 324
922 970
930 324
932 969
939 317
942 965
947 309
951 960
957 304
961 960
967 299
970 955
977 294
980 955
986 289
989 950
995 284
999 947
1005 284
1009 945
1015 284
1018 940
1025 284
1028 940
1035 284
1037 935
1045 281
1047 934
1053 274
1057 930
1060 266
1067 930
1070 261
1076 925
1080 259
1086 925
1090 262
1095 271
1096 925
1105 274
1105 920
1115 271
1115 920
1125 266
1125 915
1133 259
1135 915
1142 254
1145 915
1152 254
1155 915
1162 249
1164 910
1172 249
1174 910
1181 244
1184 910
1190 239
1194 907
1199 232
1204 905
1207 224
1214 905
1216 219
1224 905
1225 214
1234 209
1234 905
1244 209
1244 905
1253 204
1253 900
1263 204
1263 900
1273 204
1273 900
1283 204
1283 900
1293 204
1293 900
1303 205
1303 900
1313 209
1313 900
1323 209
1323 900
1333 209
1333 900
1342 214
1343 900
1352 214
1353 900
1362 214
1363 900
1371 219
1372 905
1381 219
1382 905
1391 219
1392 905
1401 219
1402 905
1410 224
1412 905
1420 224
1422 905
1430 224
1431 910
1440 227
1441 910
1450 229
1451 910
1460 229
1460 915
1470 229
1470 915
1480 229
1480 917
1484 927
1489 936
1490 229
1494 945
1500 232
1500 953
1508 960
1510 234
1517 965
1520 234
1526 970
1530 234
1536 973
1540 234
1546 975
1550 234
1556 978
1560 237
1566 980
1570 239
1576 980
1580 239
1586 983
1590 239
1596 985
1600 239
1606 985
1610 242
1616 988
1620 244
1626 990
1630 244
1636 990
1640 244
1646 990
1649 249
1656 993
1659 249
1666 995
1669 249
1676 995
1679 249
1686 995
1689 249
1696 995
1698 254
1706 995
1708 254
1716 995
1718 254
1726 995
1727 259
1736 995
1737 259
1746 995
1747 259
1756 995
1757 259
1766 995
1767 259
1776 995
1777 259
1786 995
1787 259
1796 264
1796 995
1806 264
1806 995
1816 264
1816 995
1826 264
1826 995
1836 264
1836 995
1846 264
1846 995
1856 264
1856 995
1865 990
1866 264
1875 990
1876 264
1885 990
1886 264
1895 990
1896 264
1904 985
1906 264
1914 985
1916 264
1924 982
1925 269
1934 980
1935 269
1943 975
1945 272
1953 975
1954 277
1962 970
1964 281
1970 289
1971 965
1980 292
1981 965
1988 299
1990 960
1997 304
1999 955
2006 309
2007 949
2014 316
2017 944
2020 324
2025 935
2028 330
2033 928
2035 338
2040 920
2043 345
2048 913
2050 353
2053 903
2058 360
2060 890
2065 880
2067 365
2070 865
2072 374
2075 850
2079 382
2080 835
2085 810
2085 820
2087 389
2090 399
2090 790
2090 800
2095 770
2095 780
2098 405
2100 750
2100 760
2102 415
2105 425
2105 670
2105 680
2105 690
2105 700
2105 710
2105 720
2105 730
2105 740
2110 434
2110 444
2110 660
2115 453
2115 645
2120 462
2120 472
2120 482
2120 625
2120 635
2124 492
2125 502
2125 512
2125 522
2125 532
2125 600
2125 610
2129 542
2130 552
2130 562
2130 572
2130 582
