139 822
139 832
139 842
139 852
139 862
139 872
139 882
139 892
139 902
139 912
139 922
139 932
139 942
144 797
144 807
144 951
144 961
149 772
149 782
149 970
152 980
154 757
154 990
159 747
159 999
161 1009
164 1019
167 739
169 1028
169 1038
170 1048
174 1058
175 731
175 1068
180 1077
183 724
184 1087
190 716
192 1094
196 1104
198 709
204 1110
207 704
213 1115
216 699
220 1123
225 694
228 1130
234 689
237 1135
244 687
245 1142
252 1150
254 682
262 1154
264 679
269 1162
273 674
279 1165
282 669
285 1173
292 664
295 1177
302 659
304 1182
312 654
312 1189
320 646
321 1194
328 639
329 1200
337 634
338 1205
347 629
347 1210
356 624
356 1215
364 617
366 1215
372 609
376 1218
381 604
386 1220
390 599
396 1220
399 592
406 1223
409 587
416 1225
419 582
424 1231
429 579
431 1239
438 574
439 1245
445 1253
448 574
455 1257
457 569
464 1262
467 569
474 1265
477 564
483 1270
487 564
493 1270
497 559
502 1275
507 559
512 1279
516 554
522 1280
526 554
531 1285
535 549
541 1288
545 549
551 1290
554 544
561 1293
564 544
571 1295
573 539
580 1300
583 539
590 1300
592 534
599 1305
602 534
609 1305
612 529
619 1305
622 529
628 1310
632 524
637 1315
642 524
647 1315
652 524
657 1315
661 519
667 1315
671 519
676 1320
680 514
686 1320
690 514
696 1323
700 511
706 1325
710 509
716 1325
720 506
726 1325
730 504
736 1325
740 501
746 1325
750 499
756 1325
760 499
766 1325
770 499
775 1320
779 494
785 1315
789 494
795 1315
799 494
804 1320
809 494
813 1325
819 494
822 1330
829 494
832 1330
839 494
842 1330
849 494
852 1330
859 494
862 1330
869 494
872 1330
878 489
882 1330
888 489
891 1325
897 484
901 1325
906 479
911 1325
915 474
921 1325
924 469
931 1325
933 464
940 1320
942 459
950 1320
951 454
960 449
960 1315
969 444
970 1315
978 439
980 1310
987 434
990 1310
997 434
1000 1310
1006 429
1009 1305
1014 422
1019 1305
1024 417
1028 1300
1034 412
1038 1298
1044 407
1048 1295
1054 402
1057 1290
1064 399
1067 1289
1073 394
1077 1284
1083 394
1087 1279
1092 389
1097 1274
1102 384
1107 1269
1112 384
1117 1264
1121 379
1127 1259
1130 374
1135 1250
1139 367
1145 1245
1147 359
1154 1240
1157 354
1162 1234
1165 346
1170 1225
1173 339
1180 1220
1182 334
1188 1213
1189 252
1189 262
1189 272
1190 326
1194 232
1194 242
1194 281
1194 291
1195 316
1198 1208
1199 192
1199 202
1199 212
1199 222
1199 300
1204 182
1208 1203
1209 167
1214 157
1218 1198
1222 149
1225 1190
1227 139
1235 131
1235 1185
1243 124
1243 1178
1252 119
1253 1173
1262 114
1263 1168
1272 109
1273 1165
1280 101
1282 1160
1290 99
1292 1159
1299 94
1302 1155
1308 89
1312 1154
1317 84
1322 1150
1327 84
1332 1150
1336 89
1342 1149
1345 94
1352 1145
1355 94
1362 1144
1365 94
1372 1140
1374 99
1381 1135
1384 101
1390 109
1390 1130
1399 114
1400 1130
1408 119
1410 1130
1417 124
1420 134
1420 1130
1428 140
1430 1130
1435 148
1440 157
1440 1130
1444 167
1449 176
1449 1135
1450 186
1455 195
1457 205
1459 1135
1462 214
1469 1135
1471 219
1479 1135
1481 219
1488 1130
1491 219
1498 1130
1499 212
1504 202
1508 1130
1509 192
1518 1130
1519 187
1528 1128
1529 184
1538 179
1538 1125
1548 179
1548 1125
1557 174
1558 1125
1567 169
1568 1125
1577 164
1578 1125
1587 159
1588 1125
1596 154
1598 1125
1605 149
1608 1125
1614 144
1618 1125
1624 142
1628 1125
1634 139
1638 1125
1644 139
1648 1125
1654 139
1658 1125
1664 139
1667 1130
1674 139
1677 1130
1684 139
1687 1130
1694 139
1697 1130
1703 144
1707 1134
1713 145
1716 1139
1723 149
1726 1143
1732 154
1734 1150
1741 159
1743 1155
1751 159
1752 1160
1760 164
1760 1167
1767 1175
1770 167
1777 1179
1780 169
1785 1185
1789 174
1794 1190
1799 174
1803 1195
1809 176
1813 1195
1819 179
1823 1195
1829 179
1833 1195
1839 181
1842 1200
1849 184
1852 1204
1859 184
1861 1209
1869 186
1871 1210
1879 189
1881 1210
1889 189
1890 1215
1898 194
1900 1215
1908 194
1910 1215
1917 199
1919 1220
1927 199
1929 1220
1936 204
1939 1220
1946 204
1949 1220
1955 209
1959 1220
1965 209
1969 1220
1974 214
1979 1220
1984 216
1989 1220
1994 219
1999 1220
2004 221
2009 1220
2014 224
2019 1217
2023 229
2029 1215
2033 229
2039 1215
2042 234
2049 1215
2052 234
2058 1220
2062 234
2068 1220
2072 234
2078 1220
2082 234
2088 1220
2092 234
2097 1215
2102 234
2107 1215
2112 234
2117 1214
2122 234
2127 1210
2132 234
2137 1210
2141 229
2147 1210
2151 229
2157 1210
2160 224
2167 1209
2170 224
2177 1205
2179 219
2187 1204
2189 217
2197 1200
2199 214
2207 1199
2209 214
2217 1195
2218 209
2227 1194
2228 209
2237 204
2237 1190
2247 204
2247 1190
2256 1185
2257 199
2265 1180
2267 199
2275 1180
2277 199
2283 1173
2286 204
2293 1168
2296 204
2303 1163
2305 209
2310 1155
2315 212
2320 1150
2325 214
2328 1143
2334 219
2338 1138
2342 225
2345 1130
2350 232
2353 1123
2359 237
2360 1115
2367 244
2368 1108
2374 252
2375 1100
2379 261
2383 1093
2385 269
2388 1083
2393 275
2395 1075
2397 285
2402 294
2403 1068
2405 304
2408 1058
2410 313
2415 322
2415 1045
2419 332
2420 1035
2424 341
2425 1025
2428 351
2430 1010
2433 360
2435 1000
2437 370
2440 980
2440 990
2445 377
2445 960
2445 970
2449 387
2450 945
2454 396
2455 925
2455 935
2458 406
2460 885
2460 895
2460 905
2460 915
2465 414
2465 860
2465 870
2470 423
2470 850
2475 432
2475 830
2475 840
2479 442
2480 452
2480 815
2485 461
2485 805
2490 470
2490 795
2492 480
2495 490
2495 785
2500 499
2500 509
2500 519
2500 775
2505 528
2505 538
2505 760
2510 547
2510 557
2510 745
2515 566
2515 576
2515 586
2515 596
2515 606
2515 616
2515 626
2515 636
2515 646
2515 656
2515 666
2515 676
2515 686
2515 696
2515 706
2515 716
2515 726
2515 736
