124 752
124 762
124 772
124 782
124 792
124 802
124 812
124 822
124 832
124 842
124 852
124 862
124 872
124 882
124 892
124 902
124 912
129 717
129 727
129 737
129 921
134 702
134 930
139 939
142 694
145 947
147 684
154 952
155 676
159 961
163 669
166 969
169 657
171 978
174 647
179 985
182 639
185 993
189 627
193 1000
194 617
199 597
199 607
200 1008
204 587
208 1015
212 579
217 1020
220 571
227 1024
228 564
237 1025
238 564
247 1025
248 564
255 1032
258 564
259 1042
264 1051
268 564
271 1059
276 1068
278 564
284 1075
288 564
293 1080
298 564
300 1088
308 564
308 1095
317 1100
318 564
325 1107
328 564
334 1112
338 564
342 1119
348 564
351 1124
358 564
361 1128
368 564
369 1135
375 1143
378 564
385 1147
387 559
392 1155
397 554
402 1159
407 554
410 1165
417 554
419 1170
427 554
428 1175
437 554
438 1175
447 554
447 1180
457 554
457 1180
467 554
467 1180
476 1185
477 554
486 1188
487 554
496 1190
497 554
505 1195
507 549
515 1195
517 549
525 1197
527 549
535 1200
537 549
544 1195
547 549
554 1192
557 549
564 1190
566 544
569 1199
575 1207
576 544
584 1212
586 544
592 1219
596 544
601 1224
606 544
611 1225
615 549
620 1230
625 546
630 1230
635 544
640 1232
645 544
650 1235
655 544
660 1235
665 544
670 1235
675 544
679 1240
685 544
689 1240
695 544
699 1240
705 544
709 1240
715 541
718 1245
725 536
728 1245
735 531
737 1250
745 526
747 1250
753 519
757 1250
760 511
766 1255
768 504
776 1255
777 499
785 491
786 1255
795 486
795 1260
805 481
805 1260
815 476
815 1255
825 471
825 1255
835 466
835 1255
844 1250
845 464
854 459
854 1250
863 1245
864 457
873 1245
874 452
882 444
883 1243
891 439
893 1240
900 434
903 1240
910 431
912 1235
915 421
919 402
922 1235
924 392
929 382
931 1230
937 374
941 1230
945 366
950 1225
953 359
959 1220
962 354
969 1217
971 349
979 337
979 1215
984 252
984 262
984 272
984 282
984 292
984 302
984 312
984 322
988 1210
989 242
994 232
998 1208
1002 224
1008 1203
1009 212
1017 204
1018 1198
1022 194
1028 1193
1030 186
1038 1188
1040 181
1045 1180
1048 174
1055 1175
1057 169
1064 1170
1065 161
1073 1165
1075 156
1082 1160
1085 154
1092 1160
1094 149
1102 1160
1104 149
1112 1160
1113 144
1122 1160
1123 144
1132 1159
1133 145
1142 1155
1143 149
1152 1155
1153 149
1162 1155
1163 150
1171 1150
1172 155
1181 1150
1182 159
1189 167
1191 1150
1194 176
1198 186
1200 260
1201 1150
1202 270
1203 195
1205 205
1205 235
1205 245
1210 214
1210 224
1211 1153
1212 274
1219 1160
1222 274
1228 1165
1230 266
1237 1170
1238 259
1245 251
1247 1174
1255 246
1257 1175
1263 239
1267 1175
1272 234
1277 1175
1282 229
1287 1175
1292 224
1296 1180
1302 224
1306 1180
1311 219
1316 1183
1321 215
1326 1185
1331 214
1336 1185
1340 209
1346 1185
1350 209
1356 1185
1360 209
1366 1185
1369 204
1376 1185
1379 204
1386 1185
1389 204
1396 1185
1399 204
1406 1185
1409 204
1416 1185
1419 206
1426 1185
1429 209
1436 1185
1438 214
1445 1190
1448 215
1455 1192
1457 220
1462 1200
1467 224
1472 1204
1477 224
1479 1212
1486 229
1487 1219
1495 1225
1496 229
1504 1230
1505 234
1510 1238
1515 234
1518 1245
1524 239
1525 1253
1533 1260
1534 241
1542 1265
1543 246
1550 254
1550 1272
1557 1280
1560 257
1566 1285
1569 262
1574 1291
1579 266
1584 1295
1588 271
1593 1300
1595 279
1600 1308
1605 282
1610 1312
1613 289
1619 1317
1622 294
1629 1320
1631 299
1638 1325
1640 304
1647 1330
1648 310
1656 1335
1657 315
1665 322
1665 1340
1674 327
1674 1345
1682 334
1683 1350
1691 339
1693 1350
1700 344
1703 1350
1709 349
1713 1350
1718 354
1723 1350
1727 359
1733 1350
1737 359
1743 1350
1746 364
1753 1350
1755 369
1763 1350
1765 372
1773 1350
1775 374
1782 1355
1784 379
1792 1355
1793 384
1800 1362
1802 389
1809 1367
1812 389
1819 1370
1821 394
1829 1370
1830 399
1839 1370
1840 399
1849 1370
1850 402
1859 1370
1860 404
1869 1370
1870 404
1879 409
1879 1370
1889 409
1889 1370
1899 409
1899 1370
1909 409
1909 1370
1919 409
1919 1370
1929 409
1929 1370
1939 409
1939 1370
1949 411
1949 1370
1959 414
1959 1370
1969 414
1969 1370
1979 414
1979 1370
1988 409
1989 1370
1998 409
1999 1370
2007 404
2009 1370
2017 404
2019 1370
2026 399
2028 1365
2031 390
2036 380
2038 1365
2044 372
2048 1365
2052 364
2057 1360
2061 359
2067 1360
2070 354
2077 1360
2080 357
2087 1360
2090 359
2097 1360
2099 364
2106 1355
2108 369
2116 1355
2117 374
2124 382
2125 1350
2132 389
2135 1350
2139 397
2143 1343
2147 404
2150 1335
2154 412
2158 1328
2162 419
2168 1323
2169 427
2174 436
2175 1315
2180 444
2184 1310
2185 453
2192 1304
2193 460
2197 470
2200 1295
2205 477
2208 1288
2210 486
2215 1280
2216 494
2223 1273
2224 501
2228 511
2230 1265
2235 519
2235 1255
2240 528
2243 1248
2245 537
2249 547
2250 557
2250 1240
2255 566
2255 576
2255 1230
2260 585
2260 595
2263 1223
2265 604
2265 614
2265 725
2265 735
2265 745
2270 623
2270 633
2270 705
2270 715
2270 754
2270 1215
2275 642
2275 652
2275 670
2275 680
2275 690
2275 763
2278 1208
2283 770
2283 1198
2288 1188
2290 778
2293 1178
2295 787
2298 1168
2300 796
2303 1158
2305 885
2305 895
2305 905
2305 1145
2306 804
2307 915
2310 814
2310 870
2310 925
2310 935
2310 1135
2315 823
2315 855
2315 944
2315 954
2315 964
2315 974
2315 1125
2320 832
2320 842
2320 983
2320 993
2320 1003
2320 1013
2320 1110
2325 1022
2325 1032
2325 1042
2325 1052
2325 1062
2325 1072
2325 1082
2325 1092
