144 1002
144 1012
144 1022
149 982
149 992
149 1031
154 947
154 957
154 967
154 1040
154 1050
154 1060
154 1070
159 927
159 937
159 1079
159 1089
164 912
164 1098
165 1108
169 902
173 1115
174 892
177 1125
179 877
184 867
185 1132
192 859
192 1140
200 851
200 1147
207 1155
208 844
216 1160
217 839
224 1166
225 831
233 824
234 1170
240 816
243 1175
248 809
252 1180
255 801
261 1185
265 796
270 1190
275 791
279 1195
285 786
288 1200
295 781
298 1200
305 776
307 1205
315 771
317 1209
325 766
326 1214
335 764
336 1215
344 759
346 1218
353 754
356 1220
363 754
365 1225
372 749
375 1227
382 749
385 1230
391 744
395 1232
401 740
405 1235
411 739
414 1240
420 734
424 1240
430 734
433 1245
439 729
443 1245
449 729
452 1250
458 724
462 1250
468 724
472 1250
477 719
481 1255
487 719
491 1255
496 714
500 1260
506 714
510 1260
515 709
520 1262
525 709
530 1265
535 706
540 1265
545 704
549 1270
555 701
559 1270
565 699
569 1270
574 694
578 1275
584 694
588 1275
594 694
598 1275
603 689
607 1280
613 689
617 1280
622 684
627 1280
632 684
636 1285
642 679
646 1285
652 679
656 1285
662 674
666 1285
672 674
676 1285
682 669
685 1290
692 669
695 1290
702 669
705 1290
711 664
715 1290
721 664
725 1290
731 664
735 1290
741 664
745 1290
751 660
755 1290
761 659
765 1290
771 659
775 1290
781 659
785 1290
790 654
795 1290
800 654
805 1290
810 654
815 1290
820 651
825 1290
830 649
834 1285
840 649
844 1285
850 649
854 1282
860 649
864 1280
870 646
874 1277
880 644
884 1275
890 644
894 1272
900 644
904 1270
910 644
913 1265
920 641
922 1260
930 639
932 1259
940 639
942 1254
949 634
952 1250
958 629
961 1245
967 624
970 1240
977 624
980 1235
986 619
990 1230
995 614
1000 1225
1004 609
1010 1220
1014 607
1020 1215
1022 599
1030 1210
1032 594
1040 1205
1042 589
1050 581
1050 1200
1058 574
1060 1195
1065 566
1070 556
1070 1195
1074 542
1079 477
1079 487
1079 517
1079 527
1079 1190
1084 462
1084 496
1084 506
1089 452
1089 1187
1094 442
1099 432
1099 1185
1107 424
1108 1180
1114 412
1118 1180
1122 404
1127 394
1127 1185
1136 389
1137 1185
1144 382
1147 1185
1152 374
1157 1185
1162 369
1167 1185
1171 364
1175 1192
1179 357
1179 1202
1184 1211
1189 352
1189 1220
1195 1228
1199 347
1205 1230
1209 342
1214 1225
1217 334
1222 1219
1227 329
1227 1209
1232 1199
1235 1185
1237 324
1240 1165
1240 1175
1247 324
1248 1158
1256 319
1258 1155
1265 314
1268 1153
1274 309
1278 1150
1283 304
1288 1150
1293 304
1298 1150
1302 299
1308 1150
1312 294
1318 1150
1322 289
1328 1150
1332 289
1338 1150
1342 284
1348 1150
1352 279
1358 1150
1362 279
1368 1150
1371 274
1378 1150
1381 274
1388 1150
1390 269
1398 1150
1400 269
1407 1155
1409 264
1417 1155
1419 264
1427 1155
1428 259
1435 1162
1438 259
1439 1172
1439 1182
1444 1191
1448 259
1449 1200
1458 259
1458 1205
1467 254
1468 1205
1477 254
1477 1210
1487 254
1487 1210
1497 249
1497 1210
1507 249
1507 1210
1516 1215
1517 249
1526 1215
1527 249
1536 1215
1537 249
1546 1215
1547 249
1555 1220
1557 249
1565 1220
1567 249
1575 1220
1577 249
1585 1220
1587 249
1595 1220
1597 249
1604 1225
1607 249
1614 1225
1616 254
1624 1225
1626 254
1634 1225
1636 254
1644 1225
1645 259
1654 1225
1655 259
1663 1230
1665 259
1673 1230
1674 264
1683 1230
1684 264
1693 269
1693 1230
1703 269
1703 1230
1712 274
1713 1230
1722 274
1723 1230
1731 279
1733 1230
1740 284
1742 1225
1750 284
1752 1225
1759 289
1762 1225
1768 294
1772 1225
1777 299
1782 1224
1786 304
1792 1220
1796 304
1801 1215
1805 309
1811 1215
1814 314
1820 1210
1823 319
1830 1205
1832 324
1839 1200
1841 329
1848 1195
1850 334
1857 1189
1858 340
1865 1180
1867 345
1873 1173
1875 352
1880 1165
1883 359
1888 1158
1892 364
1893 1148
1899 372
1900 1135
1904 381
1908 1128
1910 389
1915 398
1915 408
1915 460
1915 470
1915 480
1915 490
1915 500
1915 510
1915 520
1915 530
1915 540
1915 550
1915 560
1915 1115
1920 417
1920 427
1920 437
1920 447
1920 569
1923 1108
1925 578
1930 587
1930 597
1930 1095
1935 606
1935 1085
1938 616
1940 626
1943 1078
1945 635
1947 645
1948 1068
1952 654
1953 1058
1955 664
1958 1048
1960 673
1965 682
1965 692
1965 1030
1965 1040
1970 701
1970 711
1970 1015
1973 721
1975 1005
1978 730
1980 740
1980 990
1985 749
1985 759
1985 970
1985 980
1990 768
1990 940
1990 950
1990 960
1995 777
1995 787
1995 890
1995 900
1995 910
1995 920
1995 930
2000 796
2000 806
2000 816
2000 865
2000 875
2005 825
2005 835
2005 845
2005 855
