54 912
54 922
54 932
54 942
59 902
59 951
66 959
67 894
74 965
75 886
80 973
83 879
88 980
90 871
97 985
100 866
106 990
108 859
116 990
117 854
125 995
126 849
135 844
135 995
144 839
145 995
153 834
155 990
162 829
165 990
172 824
175 985
182 819
185 980
190 811
195 975
200 806
205 970
208 799
215 965
217 794
225 960
226 789
234 782
235 955
242 774
245 950
251 769
253 943
260 764
263 938
269 759
273 933
278 754
283 928
285 746
290 920
295 741
298 913
305 736
305 905
314 900
315 731
323 724
323 895
332 719
332 890
340 711
341 885
348 704
349 877
357 699
359 872
367 694
367 864
375 855
377 689
385 681
385 850
395 676
395 845
403 669
403 838
410 661
410 830
418 654
418 823
427 649
428 818
435 810
436 644
443 803
444 637
450 795
452 629
459 790
461 624
467 784
469 617
475 775
477 609
483 768
487 604
490 760
495 596
500 755
505 591
508 748
513 584
518 743
522 579
525 735
531 574
534 730
540 569
543 725
549 564
552 720
558 559
561 715
567 554
569 707
577 549
579 702
587 544
587 694
595 536
595 685
603 529
603 678
610 521
610 670
618 663
620 516
628 658
630 511
635 650
640 506
643 643
648 499
650 635
655 491
658 628
663 484
665 620
670 476
673 613
674 382
674 392
674 402
674 412
674 422
674 432
678 469
679 357
679 367
679 441
679 451
680 605
684 337
684 347
684 460
688 598
689 327
694 317
698 593
699 307
705 585
707 299
713 578
714 287
718 568
722 279
723 558
729 267
730 550
737 259
740 545
745 251
749 550
753 244
758 555
760 236
767 560
768 229
775 221
777 560
785 216
787 560
793 209
797 560
802 204
807 560
811 199
817 564
820 194
827 565
829 189
837 565
838 184
847 179
847 565
857 174
857 565
867 169
867 565
877 164
877 565
887 164
887 565
896 560
897 159
906 560
907 154
916 560
917 149
925 555
927 149
934 550
937 144
943 545
947 144
952 540
956 139
961 535
965 134
970 530
975 134
980 525
984 129
990 520
994 129
998 513
1004 127
1008 508
1014 124
1015 500
1024 124
1024 495
1032 489
1034 124
1040 480
1044 124
1048 473
1054 124
1055 465
1064 124
1065 460
1073 453
1074 124
1080 445
1084 126
1088 438
1094 129
1095 430
1103 423
1104 131
1110 415
1113 136
1118 408
1120 144
1125 400
1129 149
1130 390
1135 380
1137 155
1140 370
1145 162
1148 363
1152 170
1153 353
1158 343
1160 177
1163 333
1165 186
1165 310
1165 320
1170 195
1170 300
1175 204
1175 290
1180 213
1180 223
1180 233
1180 243
1180 253
1180 263
1180 273
