469 847
469 857
469 867
469 877
469 887
469 897
469 907
469 917
469 927
469 937
469 947
469 957
469 967
469 977
469 987
474 797
474 807
474 817
474 827
474 837
474 996
479 777
479 787
479 1005
479 1015
484 767
484 1024
484 1034
489 752
489 1043
489 1053
490 1063
494 732
494 742
495 1072
499 722
499 1082
504 707
504 1091
509 697
509 1100
514 1109
517 689
520 1117
522 679
527 1125
530 671
535 661
535 1132
539 202
539 212
539 222
539 232
539 242
539 252
539 262
539 272
539 282
542 1140
543 654
544 182
544 192
544 291
544 301
544 311
544 321
544 331
547 1149
549 172
549 340
549 350
550 646
552 360
554 157
554 1157
557 369
559 142
559 1166
560 641
561 379
564 132
566 388
566 1174
570 636
572 124
574 395
574 1180
577 114
578 629
579 404
580 1188
582 104
584 413
584 423
587 624
588 1195
589 432
589 442
589 597
589 607
590 96
594 451
594 461
594 471
594 481
594 491
594 501
594 511
594 521
594 531
594 541
594 551
594 561
594 571
594 581
597 1200
598 89
607 84
607 1204
616 79
616 1209
625 74
626 1210
634 69
636 1213
644 69
646 1215
654 69
656 1215
664 71
666 1215
674 74
675 1210
684 74
685 1210
693 79
695 1205
702 84
705 1200
709 92
714 1195
717 99
723 1190
724 107
730 115
730 560
730 570
730 580
730 590
730 600
730 610
730 620
730 630
730 640
732 1185
735 124
735 510
735 520
735 530
735 540
735 550
735 649
740 385
740 395
740 405
740 415
740 425
740 435
740 445
740 455
740 465
740 475
740 485
740 495
741 1180
743 130
744 654
745 375
747 140
749 1172
750 365
752 149
752 660
755 159
755 355
757 1164
760 168
760 330
760 340
760 667
765 177
765 310
765 320
765 676
765 1155
770 186
770 196
770 260
770 270
770 280
770 290
770 300
771 684
773 206
773 1148
775 216
775 226
775 236
775 246
779 691
780 1140
785 699
788 1133
790 708
793 1123
798 715
798 1113
802 725
803 1103
807 734
810 744
810 1095
815 753
815 1085
820 762
820 1075
825 771
825 1065
828 781
830 1045
830 1055
833 790
835 1020
835 1030
837 800
840 1000
840 1010
842 809
845 819
845 829
845 839
845 950
845 960
845 970
845 980
845 990
850 848
850 858
850 868
850 878
850 888
850 898
850 908
850 918
850 928
850 938
