429 847
429 857
429 867
429 877
429 887
429 897
429 907
429 917
429 927
429 937
429 947
434 812
434 822
434 832
434 956
434 966
434 976
434 986
434 996
439 802
439 1005
439 1015
444 792
444 1024
444 1034
446 1044
449 782
449 1054
451 1064
454 767
456 1073
459 757
460 1083
464 747
465 1092
469 737
472 1100
474 727
479 717
479 1108
484 1117
487 709
489 1126
494 697
494 1135
500 1143
502 689
504 207
504 217
504 227
504 237
504 247
504 257
508 1150
509 182
509 192
509 266
509 276
509 286
509 296
509 306
510 681
514 172
514 315
514 325
515 671
515 1158
519 162
519 334
519 344
521 354
523 664
523 1165
524 152
526 363
529 142
530 373
530 656
530 1173
534 132
535 382
538 1180
539 392
539 402
539 412
539 422
539 432
539 442
539 452
539 462
539 472
539 482
539 492
539 502
540 651
542 124
544 511
544 521
544 531
544 541
544 551
547 1185
549 112
549 560
549 570
549 580
549 590
549 600
549 610
549 620
549 630
549 640
556 1190
557 104
565 96
565 1195
573 89
574 1200
580 81
583 1205
590 76
592 1210
600 74
602 1210
610 74
612 1214
619 69
622 1215
629 69
632 1215
639 69
642 1214
649 71
652 1210
658 76
662 1209
668 80
672 1204
675 88
682 1199
685 92
685 445
685 455
685 465
685 475
685 485
685 495
685 505
685 515
685 525
685 535
685 545
685 555
685 565
685 575
685 585
687 595
690 430
690 605
690 615
692 100
692 625
692 1194
695 410
695 420
700 107
700 400
700 1185
702 629
704 117
708 393
708 1178
709 126
709 637
715 134
715 380
715 1170
719 641
720 143
720 153
720 370
720 1160
725 162
725 360
728 646
728 1153
729 172
730 340
730 350
734 181
735 191
735 290
735 300
735 310
735 320
735 330
735 654
735 1140
738 201
740 211
740 221
740 231
740 241
740 251
740 261
740 271
740 281
743 660
743 1133
747 670
750 1125
755 677
758 1118
760 686
765 1105
766 694
770 704
770 1095
775 713
775 1085
780 722
780 1075
784 732
785 742
785 1065
789 752
790 762
790 1040
790 1050
795 771
795 1020
795 1030
800 780
800 790
800 1005
805 799
805 809
805 819
805 829
805 839
805 995
810 848
810 858
810 868
810 878
810 888
810 898
810 908
810 918
810 928
810 938
810 948
810 958
810 968
810 978
