14 1052
14 1062
14 1072
14 1082
19 1042
19 1091
24 1100
27 1034
30 1108
32 1024
37 1014
38 1115
45 1006
47 1120
50 996
55 986
56 1125
63 979
66 1125
69 967
74 957
76 1125
79 947
85 1120
87 939
94 927
95 1120
102 919
105 1120
109 902
114 892
114 1115
122 884
124 1115
127 874
133 1110
135 866
140 856
142 1105
148 849
151 1100
155 841
160 1095
163 834
170 826
170 1090
180 821
180 1090
188 814
190 1085
197 809
200 1080
205 801
208 1073
213 794
218 1068
220 786
228 779
228 1063
235 771
238 1058
243 764
245 1050
252 759
253 1043
260 751
263 1038
268 744
273 1033
277 739
280 1025
285 731
289 1020
290 721
298 714
298 1015
305 706
307 1010
313 699
316 1005
320 691
324 997
330 686
334 992
338 679
342 985
345 671
351 980
353 664
357 654
360 975
365 646
368 968
373 639
375 960
380 950
382 634
388 943
390 626
395 930
398 619
405 611
405 925
413 918
415 606
420 910
423 599
428 903
430 591
435 890
438 584
442 574
443 883
450 566
450 870
455 860
458 559
460 850
465 825
465 835
467 554
470 805
470 815
475 780
475 790
477 554
480 755
480 765
482 544
485 710
485 720
485 730
485 740
487 534
490 690
490 700
495 526
495 660
495 670
495 680
503 519
505 655
510 511
513 648
518 504
520 640
527 499
530 635
534 487
538 628
542 479
545 620
550 471
553 613
558 464
560 600
565 456
565 590
573 449
573 583
580 441
580 575
588 434
590 570
595 426
598 563
603 419
605 550
610 411
613 543
618 404
620 535
625 396
628 528
630 386
635 520
638 379
643 513
645 371
650 505
655 366
658 498
663 359
665 490
672 354
673 483
680 346
680 475
688 339
688 468
695 331
695 460
700 450
703 324
708 443
712 319
718 438
722 314
725 430
732 309
734 425
740 301
742 419
750 296
750 410
759 405
760 291
768 400
770 286
777 394
778 279
785 271
785 385
793 264
795 380
802 259
805 375
810 251
815 370
818 244
823 363
827 239
833 358
835 231
840 350
845 226
848 343
853 219
855 335
862 214
864 330
872 209
872 324
880 315
882 204
890 310
892 204
899 305
900 196
908 189
908 300
917 184
917 295
926 179
926 290
935 174
936 290
944 169
945 285
953 164
953 278
960 270
962 159
969 265
970 151
978 260
980 146
987 255
990 141
996 250
1000 136
1005 245
1010 131
1013 238
1020 126
1023 233
1030 124
1033 228
1039 119
1043 223
1048 114
1053 218
1058 114
1063 213
1067 109
1073 210
1077 109
1082 205
1087 104
1092 205
1097 104
1101 200
1107 104
1111 200
1116 99
1120 195
1126 99
1130 195
1136 99
1140 195
1146 99
1150 195
1156 99
1160 195
1165 104
1169 190
1175 107
1177 184
1182 115
1185 175
1190 122
1190 165
1194 132
1195 142
1195 152
