69 617
69 627
69 637
69 647
74 592
74 602
74 656
79 582
79 665
85 673
87 574
90 682
95 566
97 690
103 559
105 697
110 551
114 702
120 546
124 705
128 539
130 713
137 534
140 717
146 529
150 720
155 524
159 725
164 519
169 725
173 514
178 730
182 509
187 735
192 509
197 735
202 509
206 740
211 504
216 740
221 504
226 740
231 504
236 740
241 504
246 740
251 504
256 740
260 509
266 740
270 509
276 740
280 509
286 740
290 509
295 735
300 509
305 735
310 512
315 735
320 514
325 735
330 517
335 735
340 519
344 730
350 519
354 730
359 524
363 725
368 529
372 720
377 534
381 715
386 539
390 710
396 539
398 703
406 539
408 698
416 539
418 695
426 539
428 693
436 539
438 690
446 539
447 685
456 539
457 685
466 539
467 685
476 539
477 685
486 539
487 685
496 539
497 685
506 539
507 685
515 544
517 685
525 544
527 685
535 544
537 685
545 544
547 685
555 544
557 685
564 549
567 685
574 549
577 685
584 549
587 685
594 549
597 689
604 549
607 690
614 549
617 690
624 549
627 694
631 704
634 549
639 710
642 720
644 549
647 729
650 541
654 737
655 531
662 744
663 524
670 516
671 749
679 755
680 511
688 504
688 760
695 496
695 768
705 491
705 772
713 484
715 775
722 479
724 780
731 474
733 785
740 469
743 785
749 464
752 790
758 459
762 790
767 454
771 795
777 454
780 800
786 449
790 800
795 444
799 805
804 439
809 805
813 434
819 805
823 434
829 805
833 434
839 805
843 434
848 810
852 429
858 810
862 429
868 810
872 429
878 810
882 429
888 810
892 429
898 810
902 429
908 810
912 429
918 810
922 429
928 810
932 429
938 810
942 429
948 810
951 434
958 810
961 434
968 810
971 434
978 810
981 434
988 810
991 434
997 805
1000 439
1006 800
1010 439
1016 800
1020 442
1025 795
1030 444
1035 795
1040 444
1044 790
1049 449
1054 790
1059 449
1064 787
1068 454
1074 782
1077 459
1084 777
1086 464
1094 772
1095 469
1103 475
1104 767
1112 480
1114 762
1122 484
1122 754
1130 745
1131 489
1138 738
1139 496
1145 504
1148 733
1153 510
1155 725
1160 518
1164 720
1168 525
1172 714
1175 533
1180 705
1183 540
1187 550
1188 698
1192 559
1195 569
1195 685
1200 675
1203 575
1205 665
1207 585
1210 595
1210 605
1210 645
1210 655
1215 614
1215 624
1215 634
