154 1197
154 1207
154 1217
154 1227
159 1172
159 1182
159 1236
164 1152
164 1162
166 1244
169 1142
174 1132
174 1250
179 1122
183 1255
184 1112
189 1092
189 1102
192 1260
194 1082
201 1265
202 1074
209 1062
211 1265
214 1052
219 1042
221 1265
227 1034
230 1260
235 1026
240 1016
240 1255
245 1006
249 1250
253 999
258 1245
259 987
264 977
267 1239
269 967
275 1230
277 959
284 947
285 1225
292 939
295 1220
297 929
303 1213
304 917
312 909
313 1208
320 901
323 1203
330 896
333 1198
338 889
340 1190
347 884
349 1185
352 874
357 1179
360 866
365 1170
368 859
375 851
375 1170
383 844
384 1165
392 839
392 1159
400 831
402 1154
410 826
410 1145
419 1140
420 821
427 1134
430 816
435 1125
440 814
443 1118
450 814
450 1110
455 1100
459 809
463 1093
469 809
470 1080
478 804
478 1073
485 1065
488 804
493 1058
498 804
500 1050
507 799
508 1043
515 1030
517 799
523 1023
527 794
530 1015
537 794
538 1008
543 998
547 794
550 990
557 794
560 985
567 794
568 978
575 970
576 789
583 963
586 789
590 950
595 784
598 943
605 784
605 935
613 928
615 784
621 775
623 923
629 767
630 915
637 759
638 908
642 749
643 898
650 741
650 890
658 734
658 883
665 726
665 875
670 865
673 719
678 858
682 714
685 850
692 709
693 843
700 701
703 838
705 691
710 830
713 684
718 823
720 676
723 813
725 800
730 671
735 795
738 664
745 656
745 790
753 649
753 783
760 641
760 775
768 634
768 768
775 626
775 755
783 619
783 748
790 611
793 743
798 604
800 735
805 596
808 728
813 589
815 720
820 581
823 713
830 576
830 705
838 569
838 698
842 559
845 690
850 551
853 683
855 541
860 675
863 534
868 668
870 526
875 516
875 660
880 506
883 653
888 499
893 648
894 487
899 477
900 640
904 467
908 633
912 459
913 623
919 447
920 615
925 605
927 439
933 598
935 431
940 590
943 424
948 583
949 412
955 570
957 404
960 560
964 392
965 550
972 384
973 543
977 374
980 530
982 364
985 520
987 354
989 342
990 510
994 332
998 503
1002 324
1005 495
1010 316
1013 488
1015 306
1020 296
1020 475
1025 286
1028 468
1030 276
1035 455
1038 269
1043 448
1044 257
1049 247
1050 435
1054 237
1058 428
1059 227
1063 418
1064 217
1068 408
1069 202
1073 398
1074 182
1074 192
1075 385
1079 162
1079 172
1083 378
1084 117
1084 127
1084 137
1084 147
1089 107
1090 370
1095 360
1097 99
1100 350
1105 91
1105 340
1110 330
1115 86
1115 320
1123 313
1125 84
1130 300
1135 84
1135 290
1140 280
1145 84
1145 270
1150 260
1154 89
1155 245
1160 235
1162 95
1165 215
1165 225
1170 102
1170 195
1170 205
1175 111
1175 170
1175 180
1180 120
1180 130
1180 140
1180 150
1180 160
