95 836
95 861
95 871
95 881
95 891
95 901
95 911
95 921
95 931
95 951
99 846
100 806
100 816
100 826
100 940
100 960
100 976
105 776
105 786
105 796
105 985
108 995
110 751
110 761
110 1005
115 721
115 731
115 741
115 1014
120 1023
125 691
125 701
125 711
125 1032
130 1041
133 684
135 666
135 1050
141 1058
143 659
145 1071
148 649
150 1080
153 639
156 1088
163 634
165 1093
170 621
170 1102
175 1111
178 614
184 1116
185 875
185 900
186 910
188 610
190 884
191 919
191 1124
194 870
195 929
195 939
197 605
199 1130
200 860
200 948
200 958
203 1140
204 968
205 596
205 850
209 977
212 1145
213 843
215 591
215 820
215 830
215 985
216 995
220 1151
221 1004
223 813
225 586
225 800
225 1161
229 1011
230 785
230 1021
235 581
235 1165
239 1026
240 780
244 1035
244 1170
245 576
245 770
250 760
253 1040
254 1170
255 571
258 753
258 1180
259 1048
263 564
265 745
265 1056
268 1184
271 1064
273 560
273 738
278 1185
280 730
280 1069
283 560
285 720
285 851
285 861
285 871
285 881
285 891
285 906
285 916
285 926
285 936
288 1189
289 946
290 821
290 831
290 841
290 1070
292 555
294 955
295 720
295 801
295 811
295 965
295 1079
298 1190
300 974
301 550
301 984
303 794
304 715
305 996
305 1083
308 1190
310 786
311 549
311 1004
313 710
315 776
315 1085
317 1195
319 1010
321 545
323 710
323 1091
325 771
325 1018
327 1195
331 540
332 705
333 765
333 1024
333 1095
337 1195
341 544
341 700
341 1030
342 760
342 1204
343 1095
350 695
350 1035
351 545
351 755
352 1100
352 1205
356 1043
360 695
360 750
361 545
362 1100
362 1205
366 1045
368 744
370 550
370 695
371 1210
372 1100
376 1048
378 740
379 690
380 550
380 870
380 885
380 895
381 1105
381 1210
384 1055
385 860
385 904
388 695
388 740
390 550
390 913
390 923
391 1105
391 1210
394 1055
395 850
397 690
397 735
399 555
399 928
400 1100
400 1215
404 1055
405 850
406 685
406 730
407 935
409 555
409 1210
410 1101
413 1060
415 735
415 845
416 688
416 940
419 555
419 1210
420 1100
423 1060
425 731
425 845
425 945
426 690
428 560
429 1095
429 1212
433 1060
435 730
435 845
435 945
436 690
437 565
439 1095
439 1210
443 939
443 1060
444 840
445 695
445 730
446 570
449 1095
449 1207
452 1055
453 939
454 840
455 575
455 695
455 730
458 1089
459 1210
461 1050
463 845
463 935
465 575
465 695
465 733
468 1089
468 1205
470 1045
473 845
473 935
474 700
475 575
475 735
475 1081
477 1199
479 943
479 1040
483 845
484 580
484 700
485 735
485 1076
487 1034
487 1199
489 946
492 850
492 1024
493 575
493 1070
494 700
495 738
495 954
495 1010
497 1194
500 963
500 985
500 995
502 850
503 575
503 705
503 1070
504 973
505 740
507 1189
510 583
512 850
512 1065
513 705
515 740
517 1185
520 585
520 1051
521 855
523 705
525 743
526 1180
530 585
530 860
530 1046
532 710
534 1172
535 745
538 1039
539 590
539 865
540 1026
542 710
542 1165
543 875
545 745
545 1016
549 590
550 883
551 1160
552 710
553 1009
554 750
555 892
558 999
559 590
560 906
560 1155
562 710
563 989
564 751
565 915
565 931
565 961
565 971
568 595
568 1148
570 940
570 950
572 710
573 756
574 1140
577 600
580 764
582 710
583 1135
586 605
588 770
590 1125
591 715
596 609
597 775
598 1118
601 715
604 783
605 793
605 1110
606 610
611 718
614 798
615 1105
616 610
620 1095
621 720
622 805
625 615
625 1085
629 813
630 823
631 720
633 1078
634 620
638 830
640 1070
641 723
644 620
644 838
645 1060
651 725
652 845
653 625
653 1053
655 855
655 865
658 1043
660 874
660 884
660 910
660 1030
661 725
663 625
665 893
665 919
668 1023
670 1000
670 1010
671 728
672 630
673 925
675 940
675 970
675 980
675 990
676 950
680 960
681 635
681 730
691 635
691 730
700 735
701 635
706 644
710 735
716 645
720 735
726 645
729 740
736 649
739 740
746 650
749 740
756 654
758 745
764 660
768 745
774 660
778 745
784 660
787 750
793 665
797 750
802 660
807 754
812 660
815 760
819 668
825 761
827 675
835 765
837 675
844 770
846 680
853 775
855 685
863 775
865 685
868 784
875 688
878 785
883 695
888 785
893 695
898 789
899 703
906 795
909 705
916 795
918 710
925 800
928 710
935 800
937 715
944 805
946 720
953 810
956 724
963 810
964 730
972 815
974 730
981 820
983 735
989 743
991 823
999 745
1001 825
1006 834
1009 746
1014 755
1016 835
1024 755
1026 835
1034 755
1034 841
1040 763
1044 845
1050 765
1054 845
1060 765
1060 853
1070 768
1070 855
1078 775
1080 855
1088 775
1090 856
1097 780
1100 860
1106 785
1110 860
1115 790
1116 868
1125 793
1126 870
1135 795
1136 870
1145 795
1146 870
1154 800
1156 873
1164 800
1166 875
1174 800
1176 878
1183 805
1184 885
1193 805
1193 890
1200 898
1203 805
1210 813
1210 901
1219 906
1220 815
1229 910
1230 815
1238 915
1239 820
1247 920
1249 820
1257 924
1259 820
1267 925
1268 825
1277 925
1278 825
1285 931
1288 825
1295 935
1297 830
1305 935
1306 825
1314 940
1316 825
1324 940
1325 830
1334 940
1335 830
1340 251
1340 261
1340 271
1340 281
1340 291
1340 301
1340 311
1340 321
1343 945
1345 226
1345 236
1345 330
1345 341
1345 351
1345 361
1345 371
1345 830
1350 201
1350 211
1350 380
1350 396
1353 945
1354 406
1354 835
1358 194
1359 415
1360 181
1360 425
1363 435
1363 945
1364 835
1365 166
1370 151
1370 443
1373 949
1374 835
1375 141
1375 452
1380 461
1383 950
1384 471
1384 835
1385 136
1393 129
1393 950
1394 475
1394 835
1400 483
1402 955
1403 124
1403 830
1408 490
1410 116
1412 835
1412 954
1413 499
1420 116
1422 504
1422 835
1422 950
1428 109
1430 510
1431 830
1431 955
1435 101
1435 519
1436 529
1440 835
1440 950
1445 100
1445 290
1446 300
1446 533
1449 830
1450 260
1450 270
1450 280
1450 310
1450 320
1450 330
1450 345
1450 945
1455 96
1455 354
1455 538
1459 830
1459 950
1460 250
1460 363
1463 544
1465 91
1465 235
1465 372
1469 382
1469 830
1469 947
1471 550
1474 391
1475 90
1475 230
1478 401
1479 830
1479 945
1480 220
1481 553
1483 410
1485 90
1489 215
1489 418
1489 830
1489 947
1490 558
1494 85
1497 425
1498 210
1498 565
1499 830
1499 945
1500 435
1501 445
1504 85
1508 208
1508 565
1509 451
1509 830
1509 942
1513 80
1515 200
1515 459
1518 569
1519 828
1519 945
1520 356
1520 366
1523 80
1523 465
1525 200
1525 326
1525 336
1525 346
1525 375
1525 385
1526 475
1526 575
1529 830
1529 942
1530 394
1532 85
1535 195
1535 316
1535 403
1536 475
1536 575
1539 830
1539 940
1541 80
1545 195
1545 311
1545 406
1545 480
1546 578
1548 825
1549 940
1551 80
1553 304
1555 195
1555 410
1555 483
1556 580
1557 830
1558 935
1561 79
1563 299
1565 195
1565 410
1565 481
1566 580
1567 830
1568 290
1568 935
1571 75
1575 190
1575 405
1575 480
1576 580
1576 825
1577 285
1578 935
1580 70
1584 195
1585 405
1585 478
1586 280
1586 580
1586 825
1588 933
1590 73
1594 195
1594 410
1595 475
1595 575
1595 820
1596 280
1598 930
1600 71
1603 415
1604 195
1604 570
1604 815
1605 466
1606 280
1608 928
1610 70
1610 451
1613 200
1613 415
1614 570
1614 813
1616 280
1618 424
1618 925
1620 73
1620 434
1620 444
1623 200
1623 565
1624 808
1626 280
1628 925
1630 75
1633 200
1633 565
1634 803
1635 285
1638 923
1640 75
1642 205
1643 563
1644 290
1644 803
1648 918
1649 80
1650 555
1651 795
1652 205
1654 291
1655 910
1658 548
1659 80
1660 299
1661 790
1662 205
1665 540
1665 910
1669 80
1670 303
1670 785
1671 210
1674 905
1675 540
1678 85
1679 308
1680 781
1681 210
1683 533
1683 900
1684 317
1688 85
1688 774
1690 525
1691 213
1691 325
1693 898
1698 85
1698 770
1699 220
1700 515
1700 890
1701 329
1707 90
1707 765
1709 220
1709 336
1710 346
1710 500
1710 510
1710 890
1715 485
1715 751
1716 95
1716 354
1719 220
1719 885
1723 230
1723 478
1723 745
1724 361
1725 371
1725 455
1725 465
1726 95
1727 879
1730 380
1730 430
1730 440
1730 736
1732 235
1735 100
1735 389
1735 399
1735 409
1735 419
1737 874
1740 241
1740 726
1744 105
1745 865
1746 249
1748 719
1750 706
1753 110
1754 255
1755 691
1755 865
1758 265
1760 118
1763 274
1763 858
1765 681
1768 125
1769 850
1770 282
1770 292
1770 666
1775 301
1777 130
1778 659
1778 845
1780 310
1780 606
1780 616
1780 636
1780 646
1784 626
1785 136
1785 319
1786 329
1787 839
1790 596
1794 141
1794 335
1795 351
1795 581
1795 830
1798 151
1800 360
1800 521
1800 531
1800 551
1800 561
1800 571
1800 820
1804 541
1805 159
1805 369
1805 379
1805 389
1805 406
1805 416
1805 436
1805 466
1805 496
1805 506
1809 446
1809 476
1810 425
1810 456
1810 486
1810 820
1813 165
1818 813
1822 170
1828 808
1829 178
1830 188
1833 798
1838 195
1840 205
1840 785
1845 214
1850 780
1853 220
1855 770
1856 230
1860 240
1860 760
1861 250
1870 745
1870 755
1871 254
1878 738
1879 261
1880 271
1883 281
1883 728
1885 291
1885 301
1888 718
1893 708
1894 306
1900 314
1900 695
1905 323
1905 333
1905 675
1905 685
1910 342
1910 360
1911 370
1915 645
1915 655
1915 665
1916 379
1920 389
1920 399
1920 415
1920 425
1920 620
1920 630
1925 434
1925 445
1925 475
1925 485
1925 495
1925 505
1925 530
1925 590
1925 600
1925 610
1926 540
1930 454
1930 464
1930 514
1930 560
1930 570
1930 580
1931 549
