20 1021
20 1031
20 1041
20 1051
20 1061
20 1071
25 1001
25 1011
25 1080
25 1090
25 1100
25 1110
25 1120
25 1130
25 1140
25 1150
25 1160
25 1170
25 1180
25 1190
30 966
30 976
30 986
30 1199
31 1209
35 941
35 951
35 1219
35 1229
40 931
40 1238
40 1248
45 921
45 1257
50 1266
53 914
54 1276
58 904
59 1285
63 894
65 1293
70 886
70 1302
75 1311
78 879
81 1319
85 871
89 1325
93 865
95 1333
102 860
103 1339
110 851
110 1347
118 845
118 1354
125 1362
127 840
133 1369
135 831
141 1375
143 824
149 1381
153 819
156 1389
163 814
165 1085
165 1095
165 1105
165 1115
166 1125
166 1393
170 806
170 1060
170 1070
170 1135
171 1145
175 1045
175 1155
175 1398
180 801
180 1035
180 1164
183 1404
185 1173
185 1183
188 1028
190 796
191 1410
193 1018
193 1190
196 1200
200 795
200 1005
200 1415
204 1206
208 998
209 790
209 1420
210 1214
215 985
215 1051
215 1061
215 1071
215 1081
215 1091
215 1101
215 1111
215 1121
218 1220
218 1425
219 790
220 1041
220 1130
220 1140
223 978
223 1150
224 1228
225 1160
225 1170
228 1034
228 1180
228 1425
229 788
230 970
230 1190
232 1235
233 1024
235 1199
237 1430
238 963
239 783
240 1016
240 1208
241 1240
243 953
245 1217
247 1434
248 1009
249 780
250 945
250 1226
250 1245
255 1001
256 1234
257 1435
258 938
258 1251
259 780
263 994
265 1259
266 1440
268 934
268 1249
269 780
270 1268
273 989
276 1440
277 929
277 1254
278 1275
279 780
280 981
281 1285
285 1261
285 1445
287 929
288 785
290 976
290 1290
294 1266
295 1445
296 924
298 785
298 1296
300 971
304 1270
305 1304
305 1445
306 919
308 785
310 966
313 1275
314 1450
315 1308
316 919
318 785
320 965
323 1279
324 1450
325 1310
326 919
328 785
330 961
333 1279
334 1450
335 1313
336 919
338 785
340 960
342 1284
344 1318
344 1450
346 919
348 785
349 955
352 1284
354 1321
354 1450
356 919
358 785
359 955
360 1329
362 1284
364 1450
366 919
368 785
369 955
370 1330
372 1284
374 1450
376 919
378 785
378 950
380 1095
380 1105
380 1115
380 1125
380 1135
380 1326
381 1145
382 1284
384 1450
385 1065
385 1075
385 1085
386 919
386 1154
388 785
388 949
390 1325
392 1284
394 1450
395 1064
396 919
396 1155
398 785
398 945
399 1320
401 1279
404 1447
405 1064
406 919
406 1155
408 785
408 944
408 1315
411 1274
414 1445
415 1064
416 919
416 1155
418 785
418 940
418 1314
421 1269
424 1445
425 1064
425 1160
425 1306
426 919
428 785
428 940
429 1261
433 1166
433 1440
435 1064
435 1301
436 919
437 1254
438 785
438 940
440 1174
443 1295
443 1438
444 1241
445 1064
445 1183
446 919
448 785
448 940
449 1193
449 1203
449 1213
449 1223
452 1290
453 1435
454 1069
456 919
458 785
458 940
460 1281
463 1074
463 1433
465 914
468 785
468 940
470 1276
472 1079
473 1430
475 914
478 785
478 940
478 1269
480 1086
482 1425
483 1259
484 1096
485 914
487 945
488 785
490 1246
491 1104
491 1420
495 914
495 1231
496 1113
497 945
498 785
500 1123
500 1216
500 1415
505 914
505 1132
505 1206
506 950
508 785
510 1141
510 1151
510 1161
510 1171
510 1181
510 1191
510 1410
515 914
516 954
518 785
519 1405
525 914
525 959
527 1399
528 785
535 914
535 963
535 1390
538 785
544 968
544 1385
545 914
548 785
552 1379
554 971
555 914
558 785
560 1370
563 976
565 914
568 785
568 1363
573 980
573 1353
575 914
578 785
579 988
580 1345
585 914
585 1335
588 785
589 991
590 1325
595 914
595 999
595 1315
598 785
603 1005
603 1308
605 914
608 785
608 1298
609 1013
610 1285
615 914
615 1275
617 1020
618 785
620 1260
621 1030
625 914
625 1250
628 785
629 1036
630 1240
633 1046
635 914
635 1230
638 785
638 1055
640 1220
644 1063
645 914
645 1210
648 785
649 1072
650 1082
650 1190
650 1200
655 914
655 1091
655 1101
655 1111
655 1121
655 1131
655 1141
655 1151
655 1161
655 1171
655 1181
658 785
665 914
668 785
675 914
678 785
685 914
687 790
695 914
697 790
705 914
707 790
713 920
717 790
718 929
720 939
725 948
727 790
730 957
735 966
737 790
741 974
746 795
749 980
756 795
758 985
761 785
767 990
769 778
774 768
776 995
781 760
785 1000
791 755
795 1000
801 755
804 1005
811 750
813 1010
819 743
823 1010
829 738
833 1014
839 733
843 1015
849 730
853 1019
859 730
862 1024
869 730
871 1029
879 730
881 1030
889 730
891 1033
899 730
900 1038
909 730
910 1040
919 731
920 1040
928 736
930 1040
938 740
939 1035
945 1043
947 745
955 1046
956 750
965 755
965 1050
973 761
975 1050
980 769
985 1050
988 775
994 783
995 1050
1002 790
1005 1050
1009 798
1015 1050
1017 805
1024 813
1025 1050
1032 820
1035 1045
1039 828
1045 1045
1049 830
1054 1040
1058 835
1063 1035
1068 835
1072 1029
1078 835
1080 1020
1085 1010
1087 840
1093 1003
1097 840
1100 990
1107 840
1108 984
1117 840
1117 989
1127 840
1127 989
1136 994
1137 840
1140 326
1140 336
1140 346
1140 356
1140 366
1140 376
1140 386
1140 396
1140 406
1140 416
1140 426
1140 436
1140 446
1140 456
1140 466
1140 476
1145 281
1145 291
1145 301
1145 311
1145 485
1146 845
1146 998
1148 495
1150 271
1150 505
1155 256
1155 514
1156 845
1156 999
1160 226
1160 236
1160 246
1160 523
1165 216
1165 532
1166 845
1166 1003
1170 206
1170 541
1176 549
1176 845
1176 1004
1178 199
1184 555
1186 845
1186 1004
1188 194
1190 563
1195 186
1196 849
1196 1004
1198 569
1205 176
1205 577
1206 850
1206 1004
1213 169
1213 584
1215 1009
1216 850
1220 592
1223 164
1225 1009
1226 850
1228 599
1233 159
1235 607
1235 1009
1236 850
1243 154
1245 611
1245 1009
1246 850
1251 619
1253 149
1255 1009
1256 850
1259 321
1259 331
1259 341
1259 351
1259 625
1263 144
1263 361
1264 306
1264 371
1265 1009
1266 850
1268 381
1268 630
1269 291
1269 391
1273 139
1274 400
1275 1009
1276 850
1277 284
1277 635
1280 408
1281 274
1283 134
1284 418
1285 845
1285 1009
1286 640
1289 266
1289 427
1293 130
1295 366
1295 376
1295 386
1295 396
1295 645
1295 845
1295 1009
1296 435
1297 259
1300 346
1300 356
1300 405
1301 444
1303 130
1304 650
1305 336
1305 414
1305 845
1305 1009
1306 254
1309 451
1310 326
1310 423
1312 125
1313 655
1315 249
1315 459
1315 845
1315 1009
1318 319
1318 429
1322 125
1323 309
1323 465
1323 655
1324 244
1324 840
1325 437
1325 1009
1329 473
1330 301
1331 120
1332 660
1333 239
1333 444
1334 482
1334 840
1335 1009
1340 296
1341 115
1341 490
1342 449
1342 660
1343 238
1344 840
1345 1005
1349 496
1350 291
1351 110
1351 454
1352 660
1353 234
1354 840
1355 504
1355 1004
1358 285
1361 110
1361 455
1362 660
1363 234
1363 510
1363 835
1365 1000
1367 280
1370 460
1371 110
1372 229
1372 515
1372 660
1373 835
1375 995
1376 275
1380 105
1380 460
1382 229
1382 515
1382 660
1383 834
1385 994
1386 275
1389 465
1390 105
1391 520
1392 229
1392 660
1393 830
1395 990
1396 275
1399 465
1400 105
1401 520
1402 229
1402 660
1403 829
1405 989
1406 275
1409 465
1410 105
1411 515
1412 229
1412 660
1413 825
1415 985
1416 275
1419 462
1420 105
1421 515
1422 229
1422 660
1423 824
1425 984
1426 275
1429 460
1430 105
1430 510
1432 229
1432 659
1433 819
1435 980
1436 275
1438 455
1439 505
1440 105
1442 229
1442 655
1443 814
1445 496
1445 979
1446 275
1447 450
1450 105
1450 481
1451 650
1452 229
1453 809
1455 456
1455 466
1455 975
1456 275
1460 105
1460 645
1462 230
1463 804
1465 280
1465 974
1470 105
1470 640
1471 235
1473 799
1474 969
1475 280
1480 105
1480 240
1480 635
1483 795
1483 964
1484 285
1489 245
1489 630
1490 108
1492 790
1493 290
1493 964
1497 624
1499 245
1500 110
1501 785
1502 295
1502 959
1505 253
1505 615
1510 110
1510 780
1511 300
1511 954
1513 608
1515 256
1518 774
1519 115
1519 306
1520 600
1521 264
1521 949
1525 314
1525 766
1528 120
1528 593
1531 268
1531 944
1533 320
1533 583
1535 756
1537 125
1538 573
1539 328
1540 273
1541 944
1543 563
1543 749
1546 130
1547 335
1548 279
1550 550
1550 741
1551 345
1551 939
1555 287
1555 540
1556 134
1558 734
1559 351
1560 530
1561 934
1563 294
1563 361
1563 724
1565 139
1565 510
1565 520
1566 304
1568 370
1570 490
1570 500
1570 711
1571 313
1571 380
1571 929
1575 143
1575 323
1575 390
1575 465
1575 475
1575 701
1576 400
1579 921
1580 332
1580 410
1580 420
1580 430
1580 440
1580 450
1580 691
1583 150
1585 341
1585 676
1587 914
1589 158
1589 351
1590 361
1590 656
1590 666
1595 370
1595 636
1595 646
1596 909
1599 161
1600 379
1600 621
1601 389
1605 399
1605 409
1605 591
1605 601
1605 611
1606 904
1608 166
1610 418
1610 428
1610 438
1610 448
1610 458
1610 468
1610 478
1610 488
1610 498
1610 508
1610 518
1610 528
1610 538
1610 548
1610 558
1610 568
1610 578
1614 896
1615 174
1620 183
1624 891
1628 190
1631 200
1632 884
1639 876
1641 204
1649 211
1649 871
1653 221
1657 864
1659 229
1664 856
1667 235
1669 846
1674 243
1679 252
1679 841
1684 261
1687 834
1689 270
1694 279
1694 821
1699 811
1702 285
1709 293
1709 806
1714 302
1717 799
1719 311
1724 320
1724 786
1729 329
1729 339
1732 779
1734 348
1736 769
1739 357
1741 759
1744 366
1746 749
1748 376
1749 386
1749 396
1751 739
1753 406
1754 726
1758 415
1759 716
1761 425
1764 435
1764 445
1764 455
1764 465
1764 696
1764 706
1769 474
1769 686
1774 483
1774 493
1774 503
1774 671
1779 512
1779 651
1779 661
1784 521
1784 531
1784 541
1784 551
1784 561
1784 571
1784 581
1784 591
1784 601
1784 611
1784 621
1784 631
1784 641
