50 356
50 366
50 376
50 386
50 396
50 406
55 346
55 415
60 336
60 424
65 433
68 329
70 442
73 319
75 451
80 311
80 460
85 365
85 375
85 385
85 395
86 468
88 305
90 355
90 404
94 475
95 345
95 413
97 300
99 423
100 483
103 338
105 431
106 295
108 489
110 330
110 440
115 371
115 381
115 391
115 401
115 449
116 295
117 494
120 330
120 356
120 410
123 455
125 290
125 501
126 418
128 350
129 325
129 463
134 425
134 506
135 290
137 345
139 325
139 466
143 430
144 510
145 290
145 474
147 345
149 325
150 380
150 390
153 434
153 515
155 290
155 478
157 345
158 396
159 325
160 375
162 520
163 435
164 483
165 290
166 350
168 400
169 325
170 365
172 520
173 435
174 485
175 290
178 400
179 325
181 525
183 435
183 490
185 290
187 395
188 330
191 525
193 433
193 490
195 293
195 338
196 390
200 347
201 525
203 430
203 490
204 298
204 383
205 356
205 366
211 525
212 305
212 424
213 490
219 313
220 415
221 525
223 490
225 321
228 408
231 329
231 525
233 489
235 339
235 395
240 348
240 358
240 368
240 378
240 481
241 525
250 476
250 520
258 469
258 513
265 505
268 464
275 456
275 500
284 495
285 451
292 489
293 444
300 436
302 484
308 429
310 475
313 419
318 468
323 414
325 460
328 404
333 453
335 396
338 443
343 389
345 435
348 379
353 369
353 428
358 418
360 361
365 351
365 410
370 341
373 403
375 331
378 393
380 321
383 383
388 314
390 375
395 301
395 365
400 291
400 355
405 281
405 345
410 271
413 338
415 261
420 251
420 325
425 241
425 315
430 231
430 305
435 295
438 225
440 285
445 216
445 275
450 265
453 209
455 255
458 199
463 189
463 248
470 181
470 240
475 230
478 174
483 223
485 161
490 210
493 154
498 203
500 146
505 190
508 140
513 183
517 135
520 175
526 130
528 168
534 123
535 160
541 115
545 155
551 110
554 150
560 105
562 144
569 100
572 139
578 95
582 134
588 94
592 129
598 90
602 125
608 89
612 124
618 85
622 120
628 84
632 120
638 80
641 115
648 79
650 201
650 211
650 221
650 231
650 241
650 251
651 115
655 191
655 260
658 75
660 110
660 269
663 184
665 278
668 75
670 110
670 171
670 287
678 75
678 165
678 294
680 110
685 210
685 220
685 230
685 240
685 302
687 70
687 160
689 105
690 200
690 249
693 309
695 258
696 155
697 70
699 105
699 195
699 268
703 310
706 150
707 70
707 189
707 275
709 105
712 315
715 216
715 226
715 236
716 150
716 280
717 70
717 185
719 105
719 246
721 320
723 209
725 145
726 180
726 254
726 284
727 70
729 105
731 323
733 205
734 260
735 145
736 180
736 285
737 70
739 105
741 325
742 210
743 265
745 145
745 290
746 183
747 70
748 110
749 218
750 228
751 325
753 265
755 148
755 290
756 75
756 185
758 110
760 230
761 325
763 265
765 118
765 150
765 286
766 79
766 188
770 230
770 320
773 265
774 155
774 195
775 84
775 121
775 285
779 225
780 320
783 200
783 263
784 126
784 156
785 88
785 216
785 285
790 164
790 320
791 134
793 95
793 258
795 285
800 168
800 320
801 138
802 100
803 253
805 285
808 175
809 145
810 240
810 320
811 105
813 279
814 183
818 150
818 233
819 111
820 191
820 271
820 315
823 201
823 223
825 158
825 211
828 116
828 264
830 310
833 164
833 254
835 124
838 303
840 172
840 241
845 128
845 181
845 191
845 231
845 295
850 200
850 210
850 220
853 135
853 288
859 143
860 275
865 151
868 268
871 159
873 258
875 169
878 248
880 178
880 188
883 238
885 197
885 207
885 217
885 227
