135 376
135 386
135 396
135 406
135 416
135 426
135 436
135 446
135 456
135 466
135 476
135 486
135 496
135 506
135 516
135 526
139 536
140 351
140 361
144 545
145 336
145 555
150 316
150 326
150 564
155 306
155 573
160 582
163 299
165 591
168 289
169 601
173 279
175 609
180 271
180 618
188 624
190 261
195 251
195 632
203 244
203 639
205 385
205 395
205 405
205 415
205 425
205 435
205 445
205 455
205 465
205 475
205 485
205 495
205 505
205 515
210 360
210 370
210 524
211 645
213 239
215 345
215 533
215 543
218 229
219 651
220 330
220 552
223 219
225 320
225 561
226 659
230 211
230 310
230 570
234 665
235 579
240 201
240 305
240 673
243 585
245 191
248 298
250 676
252 590
253 184
253 288
259 280
259 598
259 681
260 176
267 274
267 605
268 169
269 685
275 260
276 610
278 164
278 690
280 250
284 616
285 376
285 386
285 396
285 406
285 416
285 426
288 159
288 690
290 245
290 356
290 366
290 435
290 624
293 445
295 151
295 346
297 695
298 238
298 454
300 336
300 628
301 464
302 704
305 141
305 230
306 473
308 329
310 483
310 630
310 711
313 134
313 223
315 316
315 492
319 716
320 126
320 215
320 306
320 501
320 511
320 633
325 520
328 299
329 638
329 720
330 121
330 210
330 529
335 291
335 538
337 645
338 203
338 725
340 116
341 655
343 284
343 544
345 190
347 730
348 110
350 271
350 552
351 659
355 185
355 390
355 400
355 410
357 105
357 730
358 264
358 559
360 370
360 380
360 419
360 429
360 664
364 180
365 438
365 567
366 100
366 735
368 259
368 363
369 448
370 668
373 175
373 574
374 457
375 251
375 350
375 740
376 95
379 466
380 476
380 670
381 580
382 169
383 245
383 343
383 486
385 740
386 90
389 586
390 335
390 494
390 670
392 164
392 240
395 325
395 740
396 85
396 594
398 500
400 231
400 673
401 510
402 159
403 318
404 745
406 80
406 519
406 598
409 678
410 226
410 310
412 154
413 750
415 524
416 80
416 600
418 220
418 303
419 680
422 150
423 750
425 528
425 605
426 75
427 215
428 298
429 680
432 149
433 750
434 533
435 290
435 606
436 75
436 210
439 680
442 145
442 755
444 285
444 535
445 610
446 70
446 210
448 685
450 416
450 426
452 144
452 755
453 280
453 540
454 436
455 406
455 611
456 70
456 210
458 685
459 445
462 140
462 755
463 280
463 399
463 540
465 453
465 615
466 70
466 210
468 685
472 140
472 545
472 759
473 280
473 394
475 456
475 615
476 65
476 210
477 690
481 764
482 139
482 545
483 280
483 390
485 460
485 616
486 65
486 210
486 695
491 765
492 135
492 545
493 280
493 389
495 460
495 620
496 65
496 210
496 695
501 550
501 765
502 135
503 280
503 385
505 460
505 620
506 65
506 210
506 695
511 550
511 768
512 135
513 280
513 385
514 455
515 621
515 700
516 65
516 210
520 773
521 550
522 135
522 285
523 384
524 452
524 705
525 625
526 65
526 210
530 555
530 775
532 139
532 289
533 379
534 447
534 705
535 215
535 625
536 65
540 555
540 775
542 140
542 290
543 374
544 445
544 705
545 70
545 218
545 625
550 296
550 555
550 775
552 144
553 369
554 442
554 706
555 70
555 220
555 626
556 304
558 359
559 780
560 555
561 149
563 711
564 310
564 437
565 73
565 223
565 351
565 630
568 320
568 785
569 560
571 153
573 715
574 228
574 432
575 75
575 328
575 338
575 348
575 630
578 785
579 160
579 560
582 235
583 715
584 80
584 427
585 168
585 630
588 785
589 560
591 240
592 419
593 85
593 715
595 171
595 630
597 410
598 785
599 93
599 181
599 246
599 560
602 720
604 190
605 254
605 630
606 405
607 790
609 96
609 560
610 198
611 725
613 260
615 104
615 400
615 630
616 795
618 204
619 268
619 560
621 725
623 110
623 393
624 277
625 212
625 630
626 795
628 555
629 118
629 286
630 221
630 385
631 729
635 126
635 230
635 294
635 630
636 793
637 550
638 378
640 239
640 303
640 734
641 540
643 368
644 131
644 313
644 625
644 800
645 248
645 323
645 333
645 343
645 353
648 740
649 533
650 139
653 254
653 620
653 805
655 148
656 525
657 735
660 262
662 615
663 155
663 805
664 518
665 271
665 281
666 165
667 735
670 290
671 510
671 610
673 809
675 299
676 169
676 740
679 503
679 602
680 308
682 814
684 176
685 317
685 327
685 491
685 745
687 594
688 186
690 336
692 815
693 195
693 484
694 346
695 356
695 366
695 376
695 585
695 745
696 205
698 474
700 385
700 575
701 214
701 810
703 464
704 750
705 394
705 404
705 414
705 424
705 434
705 444
705 454
708 568
710 219
711 810
714 750
718 225
718 563
720 736
721 235
721 813
725 245
725 555
725 726
726 255
730 545
731 264
731 815
733 719
735 274
738 538
740 283
741 818
743 528
743 714
745 292
745 302
750 311
750 515
750 823
753 710
755 320
755 330
755 505
760 339
760 495
760 825
763 709
765 348
765 358
765 368
765 378
765 485
770 387
770 475
770 820
773 705
775 396
775 406
775 416
775 426
775 436
775 446
775 456
775 466
779 825
783 705
788 830
793 704
797 835
803 700
807 834
813 700
817 834
823 700
825 840
833 699
834 845
843 695
844 845
853 694
853 840
863 690
863 840
873 689
873 844
883 685
883 845
890 853
892 680
898 859
901 675
905 867
911 675
913 874
920 882
921 675
928 889
931 675
935 897
940 680
943 904
950 680
950 912
958 919
959 675
965 927
969 675
973 934
978 680
982 939
988 680
991 944
997 675
1001 948
1007 675
1010 953
1016 680
1020 955
1025 675
1029 960
1035 675
1039 960
1044 670
1048 965
1054 670
1058 965
1064 670
1068 965
1074 670
1078 965
1084 670
1088 965
1093 675
1098 965
1103 675
1108 965
1113 675
1118 963
1123 675
1128 960
1132 680
1138 958
1142 680
1148 955
1152 680
1158 955
1161 685
1168 955
1170 690
1178 955
1179 695
1188 955
1189 695
1198 700
1198 955
1207 705
1208 955
1214 713
1218 955
1224 715
1228 953
1234 715
1238 950
1244 715
1247 955
1254 716
1257 955
1263 721
1267 955
1273 725
1277 955
1283 725
1287 955
1292 730
1297 955
1301 735
1306 950
1310 740
1316 950
1318 746
1325 754
1326 950
1335 758
1335 945
1344 763
1345 945
1352 770
1355 945
1359 778
1364 940
1367 785
1373 935
1376 790
1382 929
1384 796
1390 804
1390 920
1398 810
1399 925
1404 818
1409 925
1412 825
1419 925
1421 830
1429 922
1430 835
1439 840
1439 920
1449 840
1449 920
1458 845
1458 925
1468 845
1468 925
1477 850
1478 925
1486 855
1488 925
1496 855
1498 925
1506 855
1508 925
1516 855
1518 925
1526 855
1528 925
1536 855
1538 925
1546 855
1548 925
1556 855
1558 925
1566 855
1568 925
1576 855
1578 925
1586 855
1588 925
1596 855
1598 925
1606 855
1608 925
1616 855
1618 925
1626 855
1628 925
1636 855
1638 925
1646 855
1648 925
1656 855
1658 925
1666 855
1668 925
1676 855
1678 925
1686 855
1688 925
1696 850
1697 920
1706 845
1706 915
1716 845
1716 915
1725 910
1726 849
1735 910
1736 850
1745 911
1746 845
1755 915
1756 845
1765 915
1766 845
1775 915
1776 845
1784 910
1786 845
1792 904
1795 840
1802 904
1804 835
1812 905
1814 835
1822 905
1824 835
1832 905
1834 835
1842 905
1844 835
1851 900
1853 840
1861 900
1863 840
1871 903
1872 835
1881 905
1882 835
1890 900
1891 830
1900 895
1901 825
1910 895
1911 825
1920 895
1921 825
1930 895
1931 825
1939 890
1941 825
1947 884
1950 820
1957 884
1959 815
1967 885
1969 815
1977 885
1979 815
1985 1321
1985 1331
1985 1341
1985 1351
1985 1361
1985 1371
1985 1381
1985 1391
1985 1401
1985 1411
1985 1421
1987 884
1989 816
1989 1431
1990 1311
1990 1441
1994 1451
1995 1301
1995 1461
1997 880
1999 820
2000 1291
2000 1470
2005 1281
2006 1478
2007 880
2009 818
2010 1271
2014 1485
2015 1251
2015 1261
2016 885
2019 815
2020 1241
2023 1490
2025 1231
2026 885
2029 813
2030 1221
2030 1498
2035 880
2035 1211
2039 808
2040 1501
2043 1204
2044 875
2044 1511
2048 1194
2049 805
2049 1520
2054 875
2055 1181
2055 1330
2055 1340
2055 1350
2055 1360
2055 1370
2055 1380
2055 1390
2055 1400
2055 1410
2055 1528
2059 803
2060 1320
2060 1419
2060 1429
2063 870
2063 1174
2065 1310
2065 1438
2065 1531
2068 1164
2069 798
2070 1300
2071 1539
2072 865
2073 1154
2073 1445
2075 1280
2075 1290
2079 795
2079 1453
2079 1545
2080 1146
2080 1270
2082 865
2085 1260
2087 1460
2088 1140
2088 1550
2089 796
2090 1250
2091 860
2094 1468
2095 1131
2095 1558
2098 1243
2099 800
2100 1121
2101 860
2102 1475
2103 1233
2105 1561
2108 1114
2109 798
2109 1483
2110 1220
2111 863
2111 1569
2113 1104
2117 1490
2118 1213
2119 795
2120 1096
2121 865
2121 1573
2123 1203
2126 1495
2128 1193
2129 793
2130 860
2130 1091
2131 1575
2134 1501
2135 1180
2138 1084
2139 788
2140 855
2140 1580
2143 1506
2145 1175
2148 1079
2149 785
2149 1585
2150 855
2153 1168
2153 1510
2158 1075
2158 1158
2158 1590
2159 783
2160 850
2162 1515
2165 1150
2167 1070
2168 1590
2169 778
2170 845
2171 1520
2174 1145
2176 1065
2178 1594
2179 775
2180 845
2181 1520
2183 1140
2186 1060
2188 1595
2189 776
2190 840
2190 1525
2192 1135
2196 1055
2198 1599
2199 780
2199 1530
2200 840
2200 1326
2200 1336
2200 1346
2200 1356
2200 1366
2200 1376
2200 1386
2201 1130
2205 1316
2205 1395
2206 1050
2207 1604
2208 1535
2209 778
2210 841
2210 1125
2210 1306
2210 1404
2211 1414
2215 1296
2216 1050
2216 1423
2216 1609
2218 1535
2219 775
2219 1120
2220 845
2223 1289
2224 1430
2226 1045
2226 1610
2227 1540
2229 773
2229 1120
2230 840
2230 1281
2230 1438
2236 1040
2236 1610
2237 1540
2238 1115
2238 1274
2238 1444
2239 768
2240 835
2245 1266
2245 1452
2245 1615
2246 1040
2246 1545
2247 1110
2249 765
2250 835
2254 1620
2255 1261
2255 1456
2256 1035
2256 1545
2257 1110
2259 765
2260 835
2263 1625
2264 1461
2265 1260
2266 1035
2266 1105
2266 1549
2269 763
2270 830
2270 1340
2270 1350
2270 1360
2270 1370
2273 1625
2274 1255
2274 1465
2275 1330
2275 1379
2276 1035
2276 1105
2276 1550
2279 758
2280 825
2280 1388
2283 1470
2283 1625
2284 1253
2285 1030
2285 1325
2286 1105
2286 1554
2288 1395
2289 755
2290 825
2293 1474
2293 1625
2294 1250
2295 1026
2295 1100
2295 1325
2296 1555
2297 1400
2299 755
2300 825
2303 1475
2303 1625
2304 1250
2304 1320
2305 1025
2305 1100
2305 1550
2306 1405
2309 755
2310 825
2310 1483
2313 1625
2314 1095
2314 1250
2314 1320
2315 1025
2315 1550
2316 1409
2319 755
2320 825
2320 1486
2322 1620
2323 1255
2323 1315
2324 1095
2325 1025
2325 1414
2325 1550
2329 755
2329 1491
2330 825
2332 1260
2332 1309
2332 1620
2333 1100
2335 1028
2335 1418
2335 1550
2339 755
2339 1268
2339 1495
2340 825
2340 1295
2342 1105
2342 1620
2344 1277
2344 1423
2344 1545
2345 1030
2349 755
2349 1495
2350 825
2351 1110
2352 1619
2354 1035
2354 1420
2354 1545
2359 755
2359 1495
2360 825
2361 1113
2362 1615
2363 1040
2364 1420
2364 1545
2368 1490
2369 755
2369 1120
2370 825
2372 1615
2373 1040
2374 1420
2374 1543
2375 1128
2378 1490
2379 755
2380 825
2382 1045
2382 1615
2384 1420
2384 1540
2385 1131
2388 1490
2389 755
2389 1053
2390 825
2391 1610
2393 1415
2393 1535
2394 1136
2398 1488
2399 755
2399 1056
2400 825
2401 1144
2401 1610
2403 1414
2403 1535
2408 1061
2408 1485
2409 755
2409 1150
2410 825
2410 1605
2412 1530
2413 1410
2415 1069
2415 1158
2417 1480
2419 755
2420 825
2420 1078
2420 1605
2421 1525
2423 1164
2423 1410
2427 1479
2428 1085
2429 755
2429 1600
2430 825
2431 1170
2431 1520
2432 1405
2436 1179
2437 1090
2437 1474
2438 1595
2439 755
2440 825
2441 1400
2441 1520
2444 1185
2445 1465
2446 1095
2447 1590
2448 760
2449 830
2450 1193
2450 1515
2451 1395
2454 1101
2455 1460
2457 765
2457 1589
2458 835
2458 1199
2459 1110
2459 1388
2459 1510
2463 1453
2464 1378
2466 1205
2467 765
2467 1584
2468 835
2468 1115
2468 1504
2470 1445
2471 1214
2471 1370
2474 1123
2476 1223
2477 765
2477 1580
2478 835
2478 1499
2479 1440
2480 1233
2480 1243
2480 1361
2482 1130
2485 1252
2485 1351
2485 1491
2486 1575
2487 765
2487 1434
2488 835
2490 1261
2490 1341
2491 1135
2493 1485
2495 1270
2495 1326
2495 1425
2495 1570
2496 770
2497 840
2499 1141
2500 1279
2500 1289
2500 1299
2500 1309
2502 1480
2503 1418
2505 775
2505 1149
2505 1565
2506 845
2510 1158
2510 1410
2510 1471
2513 1558
2515 775
2516 845
2518 1165
2518 1403
2518 1464
2523 1553
2524 780
2524 1173
2525 850
2525 1395
2525 1456
2530 1181
2530 1545
2533 785
2533 1388
2534 855
2535 1190
2535 1451
2538 1378
2538 1538
2540 1199
2540 1209
2543 785
2543 1444
2544 855
2545 1218
2545 1365
2545 1530
2548 1434
2549 1228
2550 1355
2553 785
2554 855
2554 1237
2555 1426
2555 1525
2558 1348
2559 1246
2560 1256
2560 1416
2563 785
2563 860
2563 1266
2563 1338
2563 1518
2568 1275
2568 1409
2570 1285
2570 1295
2570 1305
2570 1315
2570 1325
2570 1510
2572 790
2572 865
2575 1396
2577 874
2578 1503
2580 1386
2581 795
2585 881
2585 1376
2585 1495
2590 800
2590 1366
2593 1488
2594 886
2595 1356
2599 805
2600 1346
2600 1480
2604 890
2605 1331
2608 810
2608 1473
2610 1321
2613 895
2614 818
2615 1306
2615 1460
2618 904
2620 1286
2620 1296
2622 825
2623 1453
2625 912
2625 1271
2630 1251
2630 1261
2630 1440
2631 830
2633 919
2635 1226
2635 1236
2638 1433
2640 835
2640 927
2640 1201
2640 1211
2643 1423
2645 1191
2648 841
2648 934
2648 1413
2650 1181
2653 1403
2655 849
2655 942
2655 1161
2655 1171
2658 1393
2660 951
2660 961
2660 1146
2663 855
2663 1383
2665 970
2665 1121
2665 1131
2665 1370
2670 979
2670 989
2670 999
2670 1009
2670 1076
2670 1086
2670 1096
2670 1106
2670 1360
2672 860
2675 1018
2675 1028
2675 1038
2675 1048
2675 1058
2675 1350
2679 868
2680 1335
2685 876
2685 1320
2690 1300
2690 1310
2691 884
2695 894
2695 1285
2700 1265
2700 1275
2705 898
2705 1245
2705 1255
2710 1220
2710 1230
2713 905
2715 1210
2716 915
2720 1195
2721 924
2725 934
2725 1180
2730 943
2730 953
2730 1165
2734 963
2735 1140
2735 1150
2739 972
2740 982
2740 992
2740 1095
2740 1105
2740 1115
2740 1125
2744 1002
2745 1012
2745 1022
2745 1032
2745 1042
2745 1052
2745 1062
2745 1072
2745 1082
