1314 572
1314 582
1314 592
1314 602
1314 612
1319 562
1319 621
1329 557
1329 625
1338 630
1339 554
1348 559
1348 630
1357 564
1358 630
1364 857
1364 867
1367 564
1367 635
1369 876
1372 849
1376 640
1376 884
1377 564
1379 832
1384 822
1384 890
1385 645
1387 564
1389 807
1393 895
1394 650
1394 722
1394 732
1394 742
1394 752
1394 762
1394 772
1394 782
1394 792
1397 564
1399 712
1403 893
1404 650
1407 564
1407 704
1410 870
1410 880
1413 655
1415 845
1415 855
1416 699
1417 564
1420 730
1420 740
1420 750
1420 760
1420 770
1420 780
1420 790
1420 800
1420 810
1420 820
1420 830
1422 660
1424 692
1427 564
1429 668
1429 678
1430 725
1437 564
1439 720
1446 569
1448 715
1456 569
1458 713
1465 574
1468 708
1475 574
1478 705
1479 715
1479 725
1479 735
1482 745
1484 579
1487 754
1493 584
1494 762
1502 589
1502 769
1509 597
1511 774
1519 601
1519 780
1525 609
1528 785
1535 612
1535 670
1535 680
1535 690
1535 700
1535 710
1535 720
1535 730
1535 740
1537 790
1540 749
1542 620
1543 663
1546 795
1550 655
1550 749
1552 624
1555 800
1558 648
1559 632
1559 754
1564 805
1568 759
1573 810
1577 764
1580 818
1584 772
1588 825
1590 780
1595 789
1595 833
1603 795
1603 840
1610 803
1610 848
1618 809
1618 855
1625 863
1628 809
1633 870
1634 880
1637 890
1638 809
1642 899
1648 809
1652 899
1658 809
1660 885
1665 875
1668 810
1670 850
1670 860
1675 818
1675 828
1675 838
