1144 857
1149 866
1152 849
1159 870
1162 849
1165 878
1172 849
1173 885
1182 849
1182 890
1191 895
1192 849
1194 502
1194 512
1194 522
1199 492
1199 531
1199 901
1202 849
1204 540
1204 837
1207 484
1209 812
1209 822
1209 905
1210 548
1214 792
1214 802
1216 479
1218 555
1218 910
1219 777
1224 767
1225 474
1227 560
1227 904
1229 757
1234 737
1234 747
1235 474
1235 835
1235 845
1235 855
1235 865
1235 875
1235 885
1235 895
1237 560
1239 727
1240 820
1244 717
1245 477
1245 810
1247 560
1249 570
1249 707
1250 800
1252 580
1254 482
1254 697
1258 793
1259 491
1260 587
1262 689
1263 783
1265 499
1265 765
1269 592
1270 740
1270 750
1272 684
1273 505
1275 730
1279 595
1282 679
1283 509
1285 725
1288 600
1292 674
1293 509
1295 608
1295 720
1302 674
1303 509
1303 615
1305 720
1310 623
1311 669
1313 510
1315 720
1318 630
1321 665
1323 514
1325 720
1327 635
1331 664
1332 519
1335 642
1335 720
1339 527
1340 659
1344 715
1347 534
1354 715
1356 539
1360 549
1364 715
1370 552
1373 710
1377 560
1383 710
1387 564
1393 710
1394 572
1402 579
1403 710
1411 584
1413 710
1415 594
1423 600
1423 710
1430 608
1432 715
1435 617
1440 722
1442 625
1447 634
1447 730
1454 642
1455 737
1459 651
1462 745
1465 659
1470 752
1473 665
1477 760
1480 673
1486 765
1488 679
1494 771
1497 684
1501 779
1506 689
1511 783
1514 696
1520 704
1521 785
1525 713
1530 790
1533 720
1540 728
1540 792
1548 734
1550 795
1557 739
1560 797
1566 744
1569 802
1576 744
1579 805
1585 749
1588 810
1594 754
1597 815
1604 756
1607 815
1614 759
1617 819
1623 764
1627 820
1633 765
1636 825
1642 770
1646 825
1652 774
1656 825
1661 779
1666 828
1670 784
1676 830
1679 789
1686 833
1689 789
1695 838
1699 789
1703 845
1707 855
1709 789
1715 862
1719 789
1722 870
1728 794
1729 878
1735 802
1739 877
1740 811
1745 820
1745 830
1745 840
1745 850
1745 860
