1179 507
1179 517
1184 497
1184 526
1189 487
1194 530
1197 479
1203 535
1206 474
1212 540
1215 469
1222 540
1225 469
1231 545
1235 469
1239 551
1239 561
1239 717
1239 727
1239 737
1244 707
1244 746
1245 472
1246 569
1251 754
1252 699
1254 477
1254 575
1259 687
1259 760
1260 485
1263 580
1264 677
1265 494
1265 504
1268 765
1272 669
1273 580
1274 509
1277 770
1282 585
1282 664
1284 509
1287 774
1290 656
1291 590
1293 514
1294 782
1294 792
1299 596
1299 801
1299 887
1299 897
1300 651
1302 519
1304 877
1305 905
1306 604
1306 809
1310 649
1310 735
1312 519
1312 869
1314 610
1314 815
1315 744
1315 905
1317 825
1319 644
1320 618
1320 735
1321 524
1322 834
1322 864
1324 749
1325 905
1328 625
1329 642
1329 730
1329 842
1329 852
1330 529
1332 755
1335 633
1335 900
1338 535
1338 725
1340 762
1345 543
1345 771
1345 900
1348 725
1350 780
1352 790
1354 895
1355 547
1355 800
1357 720
1360 809
1364 552
1364 892
1365 818
1366 715
1370 827
1370 837
1372 559
1374 887
1375 846
1376 715
1381 564
1381 854
1382 879
1385 710
1389 571
1389 861
1390 871
1395 579
1395 705
1403 585
1405 700
1409 710
1409 720
1410 593
1414 729
1414 739
1415 602
1419 748
1420 611
1424 757
1425 620
1429 766
1430 629
1434 775
1438 635
1439 784
1442 645
1445 792
1450 652
1454 797
1457 660
1462 669
1464 800
1465 679
1470 688
1470 808
1475 697
1475 707
1475 717
1475 727
1475 737
1475 747
1478 815
1482 755
1487 820
1490 762
1497 824
1499 767
1506 829
1507 774
1516 779
1516 830
1525 784
1525 835
1535 787
1535 837
1543 794
1544 842
1552 799
1554 845
1559 807
1563 850
1567 814
1572 855
1576 819
1581 860
1584 826
1590 834
1590 865
1594 875
1597 885
1599 839
1599 895
1599 905
1599 915
1599 925
1602 935
1608 844
1610 942
1617 849
1620 940
1627 849
1629 935
1635 925
1637 849
1640 915
1645 905
1646 854
1650 895
1655 859
1655 885
1660 868
