1254 852
1254 862
1262 844
1262 869
1266 879
1271 888
1272 839
1279 517
1279 527
1279 537
1279 895
1282 839
1284 507
1284 546
1285 903
1289 555
1292 565
1292 839
1294 502
1295 907
1300 831
1301 570
1304 499
1305 821
1305 905
1310 575
1310 811
1314 499
1314 797
1315 900
1319 580
1319 787
1323 504
1323 893
1324 589
1327 779
1328 883
1330 597
1330 870
1332 509
1334 767
1335 855
1337 605
1340 840
1341 514
1342 759
1345 612
1345 830
1347 749
1349 521
1349 622
1353 823
1354 631
1355 741
1358 813
1359 524
1363 734
1364 635
1365 800
1367 724
1369 524
1370 790
1373 640
1375 716
1375 780
1379 526
1380 648
1380 770
1383 709
1385 745
1385 755
1388 531
1390 652
1390 701
1395 745
1397 660
1398 534
1398 694
1399 670
1399 680
1405 745
1407 539
1415 740
1416 544
1424 551
1425 740
1430 559
1435 740
1439 564
1444 735
1448 569
1454 735
1457 574
1464 582
1464 735
1472 589
1473 740
1474 750
1480 758
1481 594
1485 767
1489 601
1489 777
1493 611
1495 621
1495 631
1497 784
1504 636
1505 790
1510 644
1514 795
1515 653
1520 662
1524 795
1525 671
1530 680
1530 690
1530 803
1535 699
1535 709
1535 719
1535 729
1535 739
1535 749
1535 759
1538 810
1540 768
1547 815
1550 769
1556 820
1560 769
1566 820
1569 774
1576 820
1577 780
1585 787
1585 825
1595 789
1595 825
1605 789
1605 825
1615 789
1615 825
1625 789
1625 825
1634 830
1635 789
1644 830
1645 789
1653 835
1655 789
1660 843
1665 789
1665 852
1672 860
1675 789
1682 859
1685 789
1690 840
1690 850
1693 795
1695 825
1700 803
1700 813
