24 57
29 66
34 56
36 74
40 64
44 80
50 67
50 88
57 75
58 95
65 82
65 103
72 90
73 110
80 97
80 118
88 125
89 102
95 133
97 109
103 140
104 117
109 148
114 121
114 157
119 166
120 129
126 174
130 132
134 180
137 190
138 139
145 197
147 144
152 205
156 149
157 214
159 224
159 234
159 244
161 254
165 154
166 263
174 270
175 154
182 264
183 160
185 250
193 164
195 252
202 169
202 260
210 267
211 174
217 275
220 179
226 280
230 179
234 286
240 179
241 294
249 184
249 300
255 308
259 184
263 315
269 184
272 320
279 186
280 327
285 220
287 230
287 335
289 189
289 345
292 239
292 355
294 215
297 364
299 191
299 247
301 374
303 210
304 256
309 194
310 264
311 375
313 210
317 200
318 270
319 367
325 278
327 360
333 285
337 360
340 293
345 302
346 365
352 310
355 370
360 317
361 378
364 327
370 383
372 334
378 390
379 342
387 349
387 395
396 354
397 399
404 361
406 404
408 371
414 410
415 379
417 420
419 430
419 440
419 450
419 460
420 388
422 470
424 480
427 490
428 394
432 499
437 399
440 505
445 455
445 465
445 475
445 485
445 495
447 399
450 445
457 399
458 438
465 430
467 399
475 425
477 399
485 425
486 404
495 425
496 404
505 409
505 425
515 409
515 425
525 409
525 425
534 414
535 425
