119 172
119 182
119 192
127 199
129 162
134 152
134 207
142 214
144 149
149 222
154 149
157 229
163 154
164 237
169 246
169 256
169 266
169 276
169 286
173 154
174 295
180 303
183 154
190 305
193 154
195 275
195 285
195 295
202 159
204 270
210 278
212 159
220 282
222 159
229 287
232 159
237 294
242 154
246 299
252 149
254 305
262 144
263 310
272 144
272 315
282 139
282 319
290 185
291 324
292 139
295 175
295 194
299 330
300 203
302 134
303 168
304 339
305 212
308 158
309 348
309 358
312 134
312 220
314 367
318 153
320 227
320 375
321 139
328 234
330 370
335 355
337 239
343 348
344 247
350 340
352 254
359 262
360 342
367 269
370 345
374 277
379 350
382 284
388 355
389 292
397 360
399 296
407 360
409 299
417 305
417 360
425 312
427 360
429 322
434 331
434 368
434 378
435 388
439 398
439 408
439 418
439 428
443 336
444 437
444 447
449 456
449 466
453 339
454 475
460 483
462 334
465 410
465 420
465 430
465 440
465 450
465 460
465 470
470 390
470 400
472 329
475 380
482 324
483 373
488 363
492 319
495 350
502 319
504 345
511 314
513 340
521 314
522 334
531 310
532 330
541 309
541 325
550 320
551 309
