484 847
484 857
484 867
484 877
489 886
489 896
489 906
489 916
489 926
489 936
489 946
492 839
494 955
494 965
494 975
494 985
494 995
497 1005
499 542
499 552
499 562
499 572
499 582
499 592
499 1015
501 834
502 1025
504 532
504 601
504 611
507 1034
509 620
509 630
511 834
512 524
512 640
514 1042
517 514
517 649
519 1051
521 659
521 830
524 502
526 1059
529 665
531 829
532 494
534 1065
537 484
537 1075
538 670
540 824
545 476
545 1082
547 675
550 824
552 1090
555 471
556 680
559 819
559 1098
564 686
564 1107
565 466
569 821
571 694
572 1114
575 461
578 826
579 700
580 1120
585 459
585 834
588 705
589 1125
590 843
594 454
594 713
595 852
595 1133
599 862
602 720
603 449
603 1140
604 871
605 881
611 725
611 889
612 444
612 1145
615 899
620 730
621 449
622 1145
623 905
625 459
629 735
630 913
632 1145
633 465
638 740
639 302
639 312
639 322
639 332
639 342
639 352
639 362
639 372
640 917
642 1145
643 469
644 282
644 292
644 381
647 745
649 272
649 390
649 922
652 474
652 1145
654 399
657 264
657 749
659 482
659 926
660 407
662 1145
664 491
666 754
667 259
667 415
668 501
669 764
669 929
670 511
672 1145
674 773
674 783
674 793
674 803
674 813
675 520
676 420
677 254
679 822
679 832
679 842
679 852
679 862
679 872
679 882
679 892
679 902
679 912
679 922
680 529
682 1145
685 425
687 249
690 529
692 1145
694 430
697 244
700 529
701 1140
704 430
707 239
710 529
711 1140
714 430
717 239
720 529
720 1135
724 430
726 234
730 529
730 1130
734 430
736 234
740 438
740 526
740 1125
745 447
746 234
749 457
749 467
749 477
749 487
749 1120
750 524
754 227
754 496
758 1115
759 217
759 517
764 207
764 500
767 510
767 1110
769 122
769 132
769 142
769 152
769 162
769 172
769 182
769 192
774 112
776 1105
784 107
784 1097
792 1089
794 102
800 1075
804 99
808 1068
813 94
818 1065
823 94
828 1065
832 99
832 1075
837 1084
841 104
846 1089
849 111
855 119
856 1090
863 125
865 1095
870 133
874 1100
880 134
883 1105
890 134
893 1105
900 137
903 1105
910 139
913 1105
920 139
923 1105
930 139
933 1105
940 139
942 1100
950 139
952 1100
959 144
962 1100
969 144
972 1100
979 144
982 1100
989 144
992 1099
999 146
1002 1095
1009 149
1012 1095
1019 149
1021 1090
1029 149
1030 1085
1039 149
1040 1085
1049 149
1050 1085
1059 149
1060 1087
1067 1095
1068 144
1077 139
1077 1095
1085 131
1086 1100
1093 124
1096 1103
1102 119
1104 1110
1112 119
1113 1115
1119 127
1120 475
1120 485
1120 1123
1125 135
1125 445
1125 455
1125 465
1125 494
1128 1130
1130 144
1130 430
1135 153
1135 494
1135 1138
1138 423
1140 162
1143 500
1143 1145
1147 170
1147 1155
1148 420
1150 508
1155 177
1155 517
1155 1162
1158 418
1159 187
1159 527
1164 1167
1167 194
1168 413
1169 529
1174 1170
1176 199
1178 408
1179 529
1183 1175
1185 204
1188 403
1189 529
1193 1175
1195 207
1198 398
1199 529
1202 1180
1204 212
1208 393
1209 529
1212 219
1212 1180
1213 383
1219 529
1221 224
1221 1175
1223 378
1225 260
1225 270
1225 280
1227 290
1229 231
1229 529
1230 370
1231 1175
1232 299
1235 239
1235 255
1238 363
1239 307
1239 531
1241 1175
1244 316
1245 355
1248 326
1248 536
1250 345
1250 1170
1253 335
1255 544
1260 553
1260 563
1260 1170
1268 570
1269 1165
1275 578
1279 1162
1285 582
1289 1157
1292 590
1297 1149
1300 597
1305 1140
1307 605
1310 1130
1315 1120
1317 609
1325 1115
1326 614
1330 1105
1334 621
1335 1090
1340 629
1343 1083
1348 635
1350 1070
1355 643
1358 1063
1363 650
1363 1053
1370 658
1370 1040
1375 1025
1378 665
1380 1015
1385 673
1385 825
1385 835
1385 1005
1390 682
1390 844
1390 854
1390 995
1393 818
1394 692
1395 863
1395 980
1399 701
1400 805
1400 872
1400 970
1404 882
1405 709
1405 892
1405 902
1405 960
1409 800
1410 718
1410 911
1410 921
1410 931
1410 941
1410 951
1415 727
1417 794
1419 737
1420 747
1425 756
1425 780
1430 765
