62 192
62 202
62 212
65 222
66 180
71 230
74 172
76 86
76 96
76 106
76 116
77 238
78 40
78 50
80 60
80 74
80 126
82 30
82 166
85 245
86 134
86 284
87 294
88 144
88 272
90 24
90 160
90 254
92 303
92 313
92 323
92 333
96 343
98 353
100 22
103 362
110 20
112 367
120 23
122 369
129 28
132 371
137 34
142 371
147 34
152 371
157 34
162 371
166 28
172 371
176 24
182 369
186 20
192 365
196 21
202 365
206 25
212 363
214 31
217 70
218 80
220 39
221 49
221 59
222 363
224 88
224 151
230 143
232 95
232 363
233 156
235 132
239 103
239 113
242 361
243 160
249 168
251 254
251 264
252 363
253 274
259 170
260 249
262 366
263 278
269 172
270 247
272 369
273 280
279 172
280 245
282 371
283 277
289 174
289 240
292 371
293 276
298 235
299 178
302 369
303 276
306 229
309 182
312 221
312 367
313 276
314 191
315 201
315 211
322 365
323 278
330 286
330 357
335 295
336 349
337 305
337 336
339 315
339 325
