48 194
49 204
50 214
53 185
54 224
58 176
61 232
64 168
67 240
72 42
72 162
74 52
75 62
75 246
78 32
80 71
80 320
80 330
80 340
80 350
81 157
83 360
84 81
84 96
84 251
84 306
86 26
86 106
86 116
88 126
88 292
91 154
91 366
92 136
92 257
94 282
96 22
96 270
97 145
100 371
106 20
110 371
116 22
120 371
126 25
130 371
135 30
140 371
145 34
150 371
155 34
160 371
165 34
170 371
175 34
180 369
185 33
190 369
193 27
200 367
203 23
210 367
213 20
220 365
223 20
230 363
233 24
234 149
240 141
240 363
241 82
242 29
243 92
243 154
245 70
245 102
245 132
247 112
247 122
249 37
249 58
250 361
251 47
253 154
254 257
255 267
260 363
262 251
263 158
264 272
270 366
272 163
272 253
274 276
280 169
280 370
282 251
284 278
290 170
290 371
292 247
294 276
300 172
300 371
302 245
304 276
310 174
310 371
312 241
314 276
320 176
320 235
320 369
324 276
329 230
330 180
330 367
333 281
334 221
335 189
338 361
339 199
339 209
341 287
346 353
347 295
349 305
351 315
351 328
351 338
