86 312
87 322
88 290
88 300
88 332
90 342
92 280
92 352
98 360
102 276
107 365
112 274
116 192
116 202
117 369
118 212
121 183
121 222
122 276
127 369
128 230
130 178
132 276
137 235
137 366
140 100
140 110
140 174
140 252
140 270
143 120
145 130
147 363
148 94
149 140
150 172
156 88
157 367
158 145
160 170
166 86
167 369
168 148
170 170
176 82
176 155
177 369
184 76
187 369
190 68
195 59
197 367
201 51
207 363
208 36
214 28
217 363
222 22
227 365
232 20
237 365
242 22
247 367
252 24
257 367
262 20
267 367
272 20
277 363
281 25
285 35
285 45
287 352
289 342
291 332
292 159
293 52
293 296
293 306
293 316
295 169
296 149
297 179
297 189
297 199
297 209
297 219
297 229
297 239
297 249
297 259
297 269
297 279
301 58
302 141
305 68
307 132
309 78
312 88
312 123
313 98
313 112
