459 902
459 912
459 922
459 932
459 942
459 952
464 882
464 892
464 961
464 971
469 867
469 980
472 990
474 852
477 999
479 842
481 1009
484 637
484 647
484 832
489 587
489 597
489 607
489 617
489 627
489 656
489 1015
492 824
492 1025
494 562
494 572
496 664
497 814
497 1034
499 547
504 532
504 1042
506 665
507 809
509 517
509 1051
514 507
514 671
516 1059
517 804
519 497
524 487
524 675
524 1065
527 804
527 1075
532 479
533 680
536 809
536 1080
540 471
540 688
544 1086
545 814
548 464
548 695
551 1094
555 817
557 459
557 700
559 1100
564 822
565 1108
567 459
567 704
574 826
575 1112
576 709
577 459
580 834
584 1117
586 713
587 459
589 839
592 1124
596 715
597 459
598 844
601 1129
604 467
605 720
607 849
611 1133
612 474
615 484
615 722
616 854
620 493
621 1135
625 502
625 725
625 859
629 512
630 1140
633 865
634 337
634 347
634 357
634 367
634 521
634 730
639 317
639 327
639 376
639 386
640 529
640 1140
642 870
644 307
644 395
644 730
645 538
647 405
649 297
650 877
650 1140
652 414
653 544
653 735
655 886
657 289
660 1140
661 419
661 894
662 279
662 740
663 544
667 269
669 901
670 1140
671 423
671 745
672 539
674 822
674 832
674 842
674 852
674 862
674 872
674 882
674 892
676 264
679 751
679 761
679 771
679 781
679 791
679 801
679 811
680 1140
681 425
682 539
685 259
690 1140
691 425
692 539
694 254
699 1135
701 425
701 534
703 249
709 1135
710 420
711 534
713 249
718 1130
720 420
720 529
723 249
728 1130
729 415
730 529
733 249
734 424
736 434
737 1125
740 529
741 443
742 244
745 453
747 1124
750 526
752 244
753 460
757 1119
759 468
760 524
762 244
764 477
767 1114
769 217
769 227
769 486
770 521
774 127
774 137
774 147
774 157
774 167
774 177
774 187
774 197
774 207
775 511
776 494
777 1109
779 107
779 117
784 97
784 500
787 1104
792 89
795 1095
802 84
803 1088
812 84
813 1085
821 89
822 1080
830 94
832 1080
840 97
842 1080
849 102
852 1080
857 109
862 1080
866 114
872 1080
876 114
879 1088
884 1097
885 119
892 1104
895 119
901 1109
905 122
911 1113
915 124
921 1115
924 129
931 1115
934 129
941 1115
944 129
951 1115
954 129
961 1115
964 129
971 1115
974 129
981 1115
984 129
991 1115
994 129
1000 1110
1004 129
1010 1110
1014 129
1019 1105
1024 127
1027 1099
1034 124
1035 1085
1044 122
1045 1085
1054 117
1055 1085
1062 109
1065 1085
1072 104
1075 1085
1082 104
1084 1090
1092 104
1093 1095
1101 109
1102 1100
1109 1108
1110 114
1114 1117
1118 120
1122 1124
1125 128
1125 138
1125 450
1125 460
1125 470
1125 480
1125 490
1125 500
1126 1134
1130 147
1130 509
1130 519
1130 529
1134 1140
1135 156
1135 445
1140 165
1140 529
1140 1148
1142 175
1145 440
1148 1155
1150 182
1150 529
1155 435
1157 190
1157 1160
1160 529
1162 199
1165 430
1167 1164
1170 529
1171 204
1175 430
1177 1165
1179 211
1180 529
1184 425
1185 219
1187 1165
1190 228
1190 529
1193 420
1195 237
1196 1170
1200 529
1202 245
1202 414
1205 275
1206 1170
1210 252
1210 284
1210 405
1210 532
1215 270
1215 293
1215 303
1215 380
1215 390
1216 1170
1217 260
1217 540
1220 312
1220 322
1220 332
1220 342
1220 352
1220 362
1222 549
1226 1170
1229 557
1236 1170
1237 564
1244 572
1246 1170
1252 579
1255 1165
1259 587
1264 596
1265 1165
1270 604
1274 1160
1278 610
1282 1154
1285 618
1290 1145
1293 625
1297 635
1298 1138
1302 644
1303 1128
1308 1118
1309 652
1315 660
1315 1105
1320 669
1320 1095
1325 1085
1328 675
1330 1070
1335 683
1335 1060
1340 1040
1340 1050
1343 690
1345 1025
1350 1010
1352 695
1355 845
1355 1000
1360 702
1360 980
1360 990
1363 851
1364 840
1365 965
1367 710
1370 859
1370 950
1373 835
1375 717
1375 868
1375 935
1380 877
1380 887
1380 897
1380 907
1380 917
1382 725
1382 829
1387 734
1390 744
1390 820
1395 753
1400 762
1400 810
1405 771
1405 781
1405 791
1405 801
