46 316
46 326
48 336
48 346
50 300
53 355
54 290
56 196
56 206
57 216
60 186
61 361
62 225
62 284
68 178
68 233
69 367
70 278
78 176
78 237
79 371
80 276
86 243
88 172
89 371
90 276
96 246
98 172
99 371
100 276
106 249
108 170
109 371
110 278
116 252
118 168
119 370
120 276
124 160
126 251
129 366
130 272
134 156
136 252
139 363
140 270
142 38
142 48
142 58
144 154
144 258
146 68
148 96
148 106
148 116
148 126
149 361
150 30
150 78
152 136
154 154
158 24
159 363
168 22
169 363
178 20
179 365
188 22
189 367
198 26
199 369
206 32
209 369
216 34
219 371
226 32
229 371
236 34
239 371
246 34
249 371
256 32
259 371
266 28
269 371
276 24
279 371
286 20
289 371
296 20
296 151
299 256
299 371
300 266
301 276
303 142
306 24
306 154
307 132
308 284
309 120
309 256
309 371
311 86
311 96
311 106
316 28
316 77
316 156
316 290
317 250
317 365
320 300
321 64
322 36
323 310
325 46
325 161
325 356
326 245
326 320
327 330
327 340
333 167
334 239
341 174
342 231
347 182
348 223
350 192
352 213
353 202
