80 318
82 292
82 302
82 328
82 338
84 348
87 283
88 358
95 277
96 364
105 276
106 368
110 192
110 202
112 212
114 222
115 276
116 184
116 371
120 230
124 178
125 276
126 371
128 236
134 176
135 280
136 369
137 241
142 268
144 104
144 172
144 249
145 114
146 365
148 124
150 96
150 134
154 172
155 143
156 363
158 90
164 170
165 147
166 364
168 86
173 153
174 166
174 371
178 84
184 371
186 76
192 68
194 371
198 60
202 44
204 371
206 34
212 26
214 369
222 22
224 367
232 21
234 369
242 24
244 369
250 31
254 371
259 25
264 371
269 21
274 369
279 22
284 365
289 24
292 359
294 349
295 32
295 42
296 52
297 332
299 158
299 300
299 310
299 320
302 168
303 148
303 226
303 236
303 246
303 256
303 266
303 276
303 286
304 58
305 178
305 212
307 188
309 67
309 138
309 198
313 77
314 129
317 87
317 118
319 97
319 107
