38 200
40 210
42 190
44 220
48 182
50 316
50 326
50 336
50 346
51 228
54 302
54 356
58 178
58 290
59 235
62 362
66 284
67 241
68 174
70 368
74 278
77 245
78 172
80 371
84 164
84 276
87 249
90 371
94 160
94 276
97 252
100 371
102 40
102 50
104 60
104 156
104 276
107 70
107 255
108 32
110 371
112 79
114 89
114 99
114 109
114 119
114 154
114 272
116 26
116 129
117 255
120 139
120 369
122 264
124 149
126 22
129 364
136 20
139 365
146 22
149 367
156 24
159 369
165 29
169 369
174 34
179 371
184 34
189 371
194 34
199 371
204 34
209 371
214 34
219 371
224 34
229 369
234 30
239 369
243 25
249 367
253 22
259 365
263 20
269 363
273 22
275 148
277 254
278 368
279 264
281 138
283 24
283 154
285 88
285 120
285 272
287 98
287 108
287 255
288 371
289 78
291 30
293 68
293 154
295 274
297 38
297 48
297 58
297 254
298 371
303 158
305 276
307 253
308 371
313 162
315 276
317 249
318 371
320 170
325 278
327 245
328 369
330 173
334 283
336 239
337 364
340 176
342 289
344 233
345 299
345 357
347 309
349 342
350 180
351 319
351 329
352 225
356 188
357 216
361 197
