52 310
52 320
52 330
52 340
54 300
54 350
58 288
61 358
66 282
69 364
70 198
70 208
72 218
74 188
74 276
78 226
78 369
80 180
84 276
85 234
88 370
90 176
94 239
94 276
98 371
100 174
104 243
104 276
108 371
110 172
114 247
114 278
118 371
120 170
124 249
124 278
128 367
130 170
134 253
134 276
138 363
140 166
144 251
144 272
146 158
148 261
148 363
156 116
156 156
157 126
158 106
158 361
160 136
162 46
163 56
163 97
166 36
166 66
166 144
166 154
167 87
168 363
169 76
172 28
178 363
182 24
188 365
192 20
198 365
202 22
208 367
212 24
218 369
220 30
228 369
230 34
238 371
240 34
248 371
250 34
258 371
260 34
268 28
268 371
278 24
278 371
288 22
288 367
296 361
298 20
301 348
303 338
305 146
305 256
305 296
305 306
305 326
306 316
307 266
308 23
308 276
310 155
311 132
311 286
313 249
317 28
317 74
317 84
317 122
319 112
319 160
320 94
321 64
323 36
323 244
325 46
326 168
331 236
334 174
337 228
339 183
343 220
344 192
345 204
