464 857
464 867
464 877
464 887
464 897
464 907
464 917
464 927
464 937
469 847
469 946
469 956
474 837
474 965
479 827
479 974
484 983
489 822
489 992
489 1002
494 532
494 542
494 552
494 562
494 572
494 582
494 592
494 602
494 612
494 622
494 632
494 642
494 652
494 1011
497 814
499 512
499 522
499 661
499 1020
504 502
504 1029
507 809
509 492
509 665
509 1038
514 1047
515 673
517 484
517 804
519 1056
523 680
524 1065
525 476
527 799
527 1075
530 688
533 469
535 1082
537 799
538 695
542 464
542 1090
546 794
547 700
550 1097
552 459
554 1107
555 707
556 794
562 459
562 715
562 1114
566 794
570 1120
571 720
572 459
576 794
579 1125
580 725
582 459
586 794
588 1130
589 730
592 459
595 799
597 1135
598 735
601 464
605 802
607 740
607 1135
610 469
614 807
616 1140
617 744
619 816
620 469
625 824
626 1140
627 745
629 332
629 342
629 352
629 362
629 372
629 474
630 833
634 307
634 317
634 381
635 842
636 750
636 1140
638 479
639 297
639 390
642 850
644 287
644 399
645 1145
646 753
647 484
647 859
649 277
650 407
654 267
654 867
655 1145
656 489
656 755
657 415
659 876
660 499
662 259
662 424
663 886
665 508
665 518
665 528
665 538
665 1145
666 755
668 895
671 429
672 254
672 905
675 534
675 1145
676 755
677 914
680 924
681 430
682 249
684 529
684 761
684 771
685 1140
689 780
689 790
689 800
689 929
690 435
692 244
693 524
694 809
694 819
695 1140
699 828
699 929
700 435
700 838
702 244
703 524
704 848
704 858
704 868
704 878
704 888
704 898
704 908
704 918
704 1135
710 435
712 239
713 524
714 1135
720 435
722 239
723 524
723 1130
724 445
729 454
732 239
732 1125
733 524
734 463
739 472
742 239
742 1124
743 524
744 481
749 490
752 239
752 529
752 1119
758 495
760 231
760 521
762 1114
764 147
764 157
764 167
764 503
768 224
769 137
769 176
769 186
769 196
769 206
772 1109
774 127
779 117
782 1104
787 109
792 99
792 1099
801 94
802 1094
810 89
810 1085
819 1080
820 92
828 1075
830 94
838 1075
840 97
848 1075
850 99
858 1075
859 104
867 110
867 1080
875 1087
877 114
882 1095
886 119
890 1102
895 124
899 1107
905 127
909 1110
915 129
919 1110
925 129
928 1115
935 129
938 1115
945 129
948 1115
955 129
958 1115
965 129
968 1115
975 129
978 1115
985 129
988 1113
994 124
998 1108
1004 124
1008 1103
1014 124
1015 1095
1023 119
1025 1090
1033 119
1035 1085
1040 1075
1042 114
1045 1065
1052 114
1055 1067
1062 114
1062 1075
1067 1084
1071 109
1074 1092
1081 109
1082 1099
1089 1107
1091 109
1099 1110
1101 109
1105 1118
1110 114
1115 1122
1118 120
1122 1130
1127 125
1130 455
1130 465
1130 475
1130 485
1132 1134
1135 132
1135 494
1135 504
1138 448
1140 513
1141 1139
1143 438
1144 137
1150 145
1150 430
1150 514
1151 1143
1155 154
1155 164
1160 173
1160 430
1160 514
1161 1145
1168 180
1170 430
1170 511
1171 1145
1175 188
1179 425
1180 197
1180 207
1180 509
1180 1150
1187 215
1189 425
1190 509
1190 1150
1197 219
1198 420
1200 509
1200 1152
1204 227
1207 415
1210 509
1210 1155
1212 234
1215 260
1216 410
1217 270
1219 514
1220 240
1220 1157
1223 253
1225 277
1225 405
1229 514
1230 1160
1232 285
1233 398
1237 294
1238 519
1240 304
1240 385
1240 1160
1245 313
1245 323
1245 333
1245 343
1245 353
1245 363
1245 373
1247 524
1250 1160
1254 532
1260 1160
1262 539
1269 547
1270 1160
1277 554
1280 1155
1284 562
1289 571
1290 1150
1295 579
1295 1140
1300 588
1303 1133
1308 595
1310 1120
1312 605
1315 1110
1320 612
1323 1103
1324 622
1328 1093
1330 630
1335 639
1335 1080
1340 648
1340 1070
1345 1060
1348 655
1350 1050
1355 1040
1357 660
1360 1010
1360 1020
1360 1030
1362 669
1365 990
1365 1000
1369 677
1370 965
1370 975
1375 955
1379 681
1380 935
1380 945
1385 689
1385 920
1390 845
1390 875
1390 885
1390 895
1390 905
1395 692
1395 835
1395 854
1395 864
1402 700
1404 830
1407 709
1410 719
1412 824
1418 725
1420 815
1422 735
1425 745
1425 755
1427 765
1428 808
1430 775
1432 785
1433 798
