40 200
41 210
44 190
45 220
51 228
52 182
58 318
58 328
58 338
59 235
60 176
60 348
61 358
62 304
66 292
67 241
69 364
70 170
74 284
76 162
76 246
77 370
82 278
85 251
86 158
87 371
90 40
90 50
90 60
92 276
95 69
95 253
96 32
96 154
97 371
98 79
102 89
102 276
104 26
104 99
104 109
104 119
105 255
106 129
106 154
107 371
108 139
111 271
114 22
114 148
115 253
117 371
124 20
127 369
134 22
137 367
144 24
147 369
153 29
157 369
162 34
167 371
172 34
177 371
182 34
187 371
192 34
197 371
202 34
207 371
212 34
217 369
221 29
227 368
230 24
237 367
240 22
247 365
250 20
257 363
260 22
262 149
267 140
267 254
267 363
270 25
270 264
271 154
272 131
273 80
273 90
273 100
273 120
275 110
276 272
277 70
277 255
277 367
278 31
281 60
281 154
283 42
286 273
287 252
287 371
291 158
296 276
297 253
297 371
301 162
306 276
307 250
307 371
308 170
316 276
317 247
317 371
318 172
326 276
327 242
327 370
328 174
335 281
336 237
337 366
338 177
343 287
344 231
345 358
348 180
349 295
351 305
352 223
353 315
353 344
354 188
355 212
355 325
357 198
