474 547
474 557
474 567
474 577
474 587
474 597
474 607
474 617
474 627
474 847
474 857
474 867
474 877
474 887
474 897
474 907
479 532
479 636
479 837
479 916
479 926
484 517
484 935
486 644
487 829
487 945
489 507
491 653
492 954
494 497
495 821
496 964
499 660
501 973
502 489
503 814
505 668
509 477
509 980
513 814
515 672
515 988
517 469
520 997
523 814
524 677
524 1007
525 461
529 1016
533 454
533 814
534 680
534 1025
534 1035
539 1044
542 449
543 685
543 814
544 1053
549 1062
552 444
552 690
553 814
554 1071
559 1080
561 449
561 695
563 814
564 1089
570 454
570 700
570 1097
573 814
574 1107
579 705
579 1116
580 457
583 815
588 710
589 1120
590 459
592 820
597 715
598 1125
599 464
600 827
606 720
607 470
607 835
607 1130
612 844
615 477
615 725
615 854
617 1130
620 486
623 860
624 730
626 494
627 870
627 1130
630 504
632 879
633 735
635 513
635 523
637 1130
639 277
639 287
639 297
639 307
639 317
639 887
640 532
640 542
642 740
644 267
644 326
644 336
644 346
644 356
647 894
647 1130
648 549
649 365
652 259
652 744
654 902
655 373
657 1130
658 549
660 251
660 382
661 749
662 909
664 392
665 919
667 1130
668 549
669 401
669 755
670 246
670 928
674 764
674 774
674 784
676 409
677 1129
678 549
678 934
679 793
679 803
679 813
679 823
679 833
679 843
679 853
679 863
679 873
679 883
679 893
679 903
679 913
679 923
680 241
686 413
687 1125
688 549
690 236
695 418
697 544
697 1125
700 234
705 420
706 1120
707 544
710 234
715 420
716 1120
717 539
720 234
725 420
725 1115
727 539
730 234
733 1108
734 425
734 435
737 534
739 239
739 444
741 454
743 1105
746 463
746 529
749 241
753 1105
754 470
754 517
759 244
759 479
759 489
759 499
762 1100
769 246
771 1095
774 127
774 137
774 147
774 157
774 167
779 176
779 249
780 1090
782 119
784 185
784 195
784 205
784 215
784 225
784 235
788 1083
791 114
795 1075
799 107
805 1070
809 102
814 1065
817 94
823 1060
827 89
833 1060
837 84
842 1065
847 84
850 1072
857 84
857 1080
866 89
866 1085
870 99
874 1091
875 108
875 118
880 127
884 1095
888 134
893 1100
898 134
902 1105
908 134
912 1105
918 134
922 1105
928 134
932 1105
938 134
942 1105
948 134
952 1105
958 134
962 1105
968 134
972 1105
978 134
982 1105
987 139
991 1100
997 139
1001 1100
1007 139
1010 1095
1017 139
1020 1090
1027 139
1030 1085
1037 139
1040 1080
1047 139
1049 1075
1057 139
1059 1075
1067 139
1069 1075
1077 134
1079 1075
1084 1084
1087 129
1089 1093
1094 1102
1096 124
1102 1109
1104 117
1109 1117
1110 440
1110 450
1110 460
1110 470
1112 109
1117 1124
1118 476
1120 440
1121 104
1124 1132
1128 480
1130 109
1130 440
1132 490
1132 1139
1137 499
1138 115
1140 440
1140 509
1141 1144
1142 125
1145 135
1149 514
1149 1150
1150 144
1150 154
1150 164
1150 440
1155 173
1158 519
1158 1155
1160 440
1165 177
1167 1160
1168 519
1170 186
1170 440
1175 195
1175 205
1176 1165
1178 519
1179 435
1183 211
1185 1170
1187 429
1187 524
1190 219
1195 1170
1197 424
1197 524
1200 222
1205 410
1205 1170
1207 524
1208 229
1213 403
1215 1170
1217 234
1217 524
1218 393
1220 280
1222 290
1224 242
1224 1165
1225 300
1225 385
1227 524
1230 280
1230 309
1230 375
1232 249
1234 1165
1235 318
1235 365
1237 524
1238 273
1239 257
1240 327
1240 337
1240 347
1244 532
1244 1165
1250 540
1250 550
1250 560
1253 1160
1255 569
1262 1155
1264 574
1270 582
1271 1150
1277 590
1279 1142
1282 599
1284 1132
1289 607
1289 1122
1290 1110
1295 1095
1297 614
1300 624
1300 1085
1305 1075
1308 630
1313 1068
1315 638
1318 1058
1323 645
1325 1045
1327 655
1330 1035
1332 664
1338 1028
1339 672
1345 1020
1347 679
1353 1013
1354 687
1360 695
1360 1005
1365 704
1365 995
1370 830
1370 840
1370 850
1370 860
1370 870
1370 985
1373 710
1375 879
1375 970
1378 823
1380 718
1380 888
1380 898
1380 960
1385 727
1385 810
1385 907
1385 917
1385 927
1385 937
1385 947
1389 737
1390 800
1395 745
1395 790
1400 754
1400 764
1400 774
