50 192
50 202
51 212
53 222
55 183
60 230
61 175
67 238
69 167
72 40
73 50
74 60
75 245
77 160
78 30
78 70
82 88
82 98
82 108
82 118
84 250
86 128
87 25
87 155
88 322
88 332
88 342
89 138
90 286
90 310
90 352
93 255
93 296
93 362
94 147
94 266
94 276
97 22
101 368
107 20
111 371
117 22
121 371
127 26
131 371
136 31
141 371
146 34
151 371
156 34
161 371
166 32
171 371
176 34
181 369
185 29
191 368
194 24
201 367
204 22
211 365
214 20
221 363
224 24
231 363
232 149
233 29
235 78
235 88
237 140
239 66
240 97
241 36
241 154
241 362
243 46
243 56
243 107
243 117
243 128
250 251
251 156
251 261
251 361
253 271
260 251
261 160
261 363
263 274
267 168
270 253
271 367
273 276
277 170
280 249
281 371
283 279
287 172
290 247
291 371
293 276
297 172
300 243
301 371
303 276
307 174
310 239
311 371
313 276
317 178
319 234
321 369
323 276
327 180
327 224
331 190
331 365
333 200
333 214
333 280
339 358
340 288
345 297
347 307
347 350
349 317
349 327
349 337
