44 202
46 212
48 188
48 222
55 230
56 180
62 172
63 237
68 318
68 328
68 338
68 348
70 164
70 358
71 243
72 304
76 292
78 40
78 50
78 364
79 159
80 60
80 248
84 32
84 70
84 284
86 370
89 79
89 155
89 253
92 26
92 89
92 278
94 99
94 109
94 119
96 129
96 371
99 154
99 255
100 139
102 22
102 270
106 371
112 20
116 371
122 22
126 371
132 24
136 369
141 29
146 370
150 34
156 371
160 34
166 371
170 34
176 371
180 32
186 371
190 34
196 369
200 32
206 369
209 27
216 367
218 22
226 365
228 20
236 365
238 20
246 363
248 24
248 149
253 140
256 361
257 29
257 80
257 90
257 128
257 154
259 100
259 116
259 256
261 70
261 266
265 36
265 58
266 363
267 46
267 154
269 255
269 272
276 367
277 158
279 251
279 274
286 371
287 162
289 253
289 278
293 170
296 371
299 249
299 276
303 172
306 371
309 246
309 276
313 172
316 371
319 242
319 276
323 174
326 369
328 237
329 276
333 178
336 365
337 232
337 282
343 182
343 224
344 359
345 288
348 191
348 215
349 201
349 298
352 308
352 351
354 341
355 318
355 328
