62 314
62 324
64 300
64 334
64 344
66 290
68 354
74 282
75 362
82 276
84 367
86 194
86 204
86 214
91 185
91 223
92 276
94 369
97 231
99 178
102 276
104 371
105 237
109 176
112 276
114 371
115 241
119 173
122 279
124 371
125 245
129 172
132 280
134 369
135 249
139 170
142 276
144 365
145 251
149 169
150 260
154 363
158 160
162 104
162 114
163 124
164 361
166 134
168 96
168 156
171 143
174 363
176 88
177 151
180 42
180 52
182 62
182 80
184 363
185 33
193 26
194 364
203 22
204 365
213 20
214 367
223 22
224 371
233 26
234 371
241 32
244 371
251 34
254 371
261 34
264 371
271 29
274 371
280 24
284 369
290 20
293 364
300 21
302 359
305 344
309 154
309 302
309 312
309 322
309 332
310 24
311 252
311 262
313 138
313 272
314 282
314 293
315 162
317 244
318 30
319 64
319 130
321 74
323 39
323 49
323 120
323 168
324 84
325 94
325 104
325 236
330 176
331 228
336 184
337 220
339 194
339 204
