444 872
444 882
444 892
449 862
449 901
449 911
449 921
454 547
454 557
454 567
454 577
454 587
454 847
454 930
454 940
459 527
459 537
459 596
459 606
459 837
459 949
461 959
464 517
464 615
466 968
467 625
467 829
469 502
469 978
472 634
474 492
474 987
474 997
474 1007
475 821
476 644
479 482
479 1016
479 1026
483 814
484 472
484 650
484 1035
484 1045
489 659
489 1054
489 1064
492 464
492 809
494 668
494 1073
499 677
499 1082
500 456
502 804
504 1091
507 684
509 1100
510 451
512 804
516 689
518 1105
520 449
522 804
524 695
527 1110
530 449
532 804
533 700
535 1117
540 449
542 705
542 804
542 1125
550 449
551 809
552 705
552 1129
560 449
560 814
562 709
562 1130
568 820
570 449
570 1137
572 710
575 828
579 1142
580 449
580 837
581 715
584 847
589 1145
590 452
591 718
592 854
595 864
598 1150
599 457
601 720
603 870
607 464
607 1155
610 878
611 720
615 887
616 469
617 1159
620 479
621 723
623 894
626 1164
628 485
630 728
632 899
635 493
636 1165
639 292
639 302
639 312
639 322
639 332
639 342
639 352
639 362
639 907
640 502
640 512
640 732
644 371
644 742
645 521
646 1165
647 284
647 914
648 531
649 380
652 390
652 749
654 922
656 279
656 1165
657 399
658 534
659 757
662 929
664 407
664 766
665 274
666 1165
668 534
669 416
669 775
669 937
674 784
675 274
676 1165
677 529
677 944
679 420
679 793
684 802
684 812
685 271
685 936
685 1160
687 529
688 425
689 821
689 831
689 841
689 851
689 861
689 871
689 881
689 891
689 901
689 911
689 921
695 269
695 1160
697 529
698 425
704 264
705 1160
707 420
707 529
714 262
715 1155
717 420
717 529
724 259
725 1155
727 420
727 529
734 257
734 428
734 1150
735 438
737 524
740 1140
743 445
744 254
744 455
744 465
744 475
744 485
745 1120
745 1130
747 524
750 493
753 249
755 516
755 1120
758 500
759 137
759 147
759 157
759 167
759 177
762 244
764 122
764 186
765 1120
769 227
771 194
772 114
774 212
775 1120
779 200
781 109
785 1115
791 105
795 1110
801 100
804 1105
810 1085
810 1095
811 99
820 104
820 1085
828 110
830 1087
835 118
839 1092
845 119
849 1095
854 124
858 1100
864 124
867 1105
874 126
877 1109
884 129
887 1110
893 134
897 1110
903 134
907 1110
913 134
917 1110
922 139
927 1110
932 139
937 1110
941 144
947 1110
951 144
957 1110
961 144
967 1110
971 144
977 1110
981 144
987 1110
991 144
997 1110
1001 144
1006 1105
1011 144
1016 1105
1021 144
1025 1100
1031 144
1035 1095
1041 140
1045 1090
1051 135
1055 1085
1061 130
1065 1085
1071 125
1075 1087
1081 120
1085 1090
1091 119
1095 1092
1100 114
1102 1100
1107 1109
1109 109
1110 445
1110 455
1110 465
1110 475
1110 485
1114 1117
1118 104
1119 1126
1120 440
1120 489
1126 1134
1127 99
1130 440
1130 492
1131 1143
1136 104
1139 497
1139 1150
1140 114
1140 435
1145 123
1145 133
1145 1158
1147 504
1150 142
1150 430
1150 514
1153 1165
1154 152
1159 161
1159 519
1160 171
1160 430
1162 1170
1166 179
1169 519
1170 189
1170 425
1172 1170
1179 194
1179 519
1180 425
1182 1170
1189 196
1189 420
1189 519
1192 1170
1198 201
1198 415
1198 524
1202 1169
1205 209
1207 410
1208 524
1212 1165
1213 215
1216 405
1217 225
1218 524
1220 265
1220 275
1222 285
1222 1165
1225 232
1225 295
1225 400
1227 305
1228 524
1229 260
1230 241
1230 315
1230 325
1230 335
1230 345
1230 355
1230 365
1230 375
1230 390
1232 1164
1235 250
1238 525
1242 1159
1245 533
1245 543
1250 552
1250 1150
1254 562
1255 572
1260 581
1260 1145
1266 589
1270 1145
1274 596
1280 604
1280 1140
1288 610
1288 1133
1293 1123
1295 618
1300 627
1300 1110
1307 635
1308 1103
1313 1093
1315 642
1315 1080
1320 1060
1320 1070
1322 650
1325 1050
1330 657
1330 1035
1335 666
1335 1025
1338 676
1340 1015
1345 684
1348 1008
1350 693
1350 830
1350 840
1350 850
1353 998
1355 859
1358 700
1358 988
1359 825
1360 868
1362 710
1363 978
1365 877
1368 820
1368 968
1370 717
1372 885
1373 958
1377 814
1377 894
1378 948
1379 722
1380 904
1382 804
1383 938
1384 731
1385 741
1385 913
1385 923
1387 794
1390 750
1390 760
1390 770
1390 780
