44 200
46 210
48 190
48 220
54 228
56 180
61 236
64 322
65 175
66 332
66 342
66 352
68 308
70 241
71 167
71 361
72 294
78 247
78 286
79 161
79 367
86 40
86 50
86 280
87 60
88 251
89 157
89 371
91 70
92 32
96 79
96 276
97 256
99 154
99 371
100 26
100 89
100 99
100 109
102 119
102 129
106 139
106 272
107 255
109 154
109 371
110 22
112 264
119 371
120 20
129 371
130 22
139 367
140 24
149 29
149 369
158 34
159 371
168 34
169 371
178 34
179 371
188 32
189 371
198 34
199 371
208 32
209 369
218 28
219 369
227 23
229 367
237 21
239 365
247 20
249 363
257 22
258 149
259 363
263 138
264 254
267 26
267 80
267 90
267 126
267 154
267 264
269 100
269 110
269 363
271 70
273 272
274 34
274 256
275 60
277 44
277 154
279 367
283 251
283 272
287 158
289 371
293 253
293 276
297 162
299 371
303 170
303 251
303 276
309 371
313 172
313 247
313 276
319 371
323 172
323 244
323 276
329 370
332 239
333 176
333 278
338 365
340 233
342 283
343 178
346 359
348 225
349 291
351 184
353 216
353 301
354 353
355 194
355 311
357 204
357 321
357 331
357 341
