76 96
76 106
77 116
78 82
78 200
79 126
82 72
82 186
82 210
84 135
87 63
87 177
87 219
88 145
88 229
92 164
92 239
92 249
92 259
92 269
92 279
92 289
93 154
94 34
94 44
94 54
94 299
96 312
96 322
97 332
99 342
100 26
101 352
105 362
110 22
114 367
120 20
124 370
130 23
134 371
138 29
144 371
147 34
154 26
154 369
164 22
164 369
174 20
174 371
184 23
184 371
192 29
194 371
198 37
201 47
201 57
203 67
204 371
209 75
214 369
215 83
220 155
222 363
225 86
226 163
228 147
232 361
234 170
235 90
238 143
242 363
243 96
243 132
244 171
245 122
247 110
250 247
251 257
252 365
253 267
254 172
255 277
260 245
262 369
264 174
265 280
269 240
272 371
274 176
275 277
278 235
282 371
283 181
285 276
286 227
291 187
291 218
292 369
293 197
293 207
295 276
302 365
305 276
312 361
314 281
317 352
319 290
321 300
321 310
321 322
321 332
321 342
