90 298
90 308
90 318
90 328
92 286
92 338
94 348
96 358
98 278
103 366
108 276
112 371
118 198
118 276
120 208
122 188
122 371
123 218
128 227
128 276
130 180
132 102
132 112
132 371
134 235
134 252
135 262
136 122
136 132
140 96
140 142
140 176
142 369
148 88
149 147
150 174
152 371
158 86
159 149
160 172
162 371
166 157
168 84
172 371
177 79
182 369
183 71
188 62
192 365
194 54
202 46
202 365
210 36
212 367
216 26
222 367
225 21
232 369
235 22
242 369
245 22
252 371
255 20
262 369
265 22
272 30
272 365
273 40
281 46
281 356
283 346
285 336
287 160
287 300
287 310
287 320
288 54
289 170
289 180
289 190
289 200
289 210
291 220
291 230
291 240
291 250
291 260
291 270
291 280
291 290
292 151
296 60
297 142
300 70
303 132
304 80
307 90
308 123
309 100
309 110
