50 316
50 326
52 306
52 336
52 346
56 290
58 354
64 284
65 362
66 200
66 210
70 188
70 220
72 278
74 367
76 180
76 228
82 276
84 235
84 369
86 176
92 276
93 240
94 371
96 174
102 245
102 276
104 371
106 172
112 247
112 277
114 371
116 170
122 250
122 278
124 369
126 170
132 253
132 276
134 365
135 165
142 251
142 272
143 158
144 363
148 260
153 155
154 361
156 116
156 126
158 38
158 48
158 58
158 102
159 136
161 68
162 92
163 154
164 363
165 78
165 144
166 30
174 24
174 363
184 22
184 364
194 20
194 365
204 23
204 367
213 28
214 369
222 33
224 369
232 32
234 371
242 34
244 371
252 34
254 371
262 32
264 371
271 27
274 371
281 23
284 371
291 21
294 371
301 20
302 365
303 150
305 258
305 268
307 278
307 296
309 140
309 306
310 359
311 24
311 316
311 338
311 348
313 130
313 154
313 252
313 326
317 80
317 118
318 90
319 100
321 28
321 70
322 159
322 247
325 60
326 37
327 48
330 165
330 241
337 173
338 233
343 181
344 225
348 190
349 208
