72 200
74 210
76 90
76 100
76 110
76 184
78 120
78 220
80 76
82 130
82 176
84 66
84 228
86 140
88 34
88 44
88 54
89 237
90 166
90 280
90 290
91 149
92 247
92 257
92 267
94 300
94 310
94 320
94 330
96 26
96 340
99 350
101 360
106 22
110 365
116 20
120 368
126 23
130 371
135 28
140 371
143 34
150 371
153 33
159 25
160 371
169 22
170 371
179 20
180 371
189 22
190 371
198 27
200 371
204 35
207 45
207 55
207 65
208 365
211 75
217 83
218 363
223 152
226 88
228 363
229 160
231 145
235 93
235 168
238 361
239 136
243 99
243 120
245 110
245 170
248 363
250 249
253 259
253 269
255 172
257 279
258 367
260 247
265 172
267 280
268 369
270 243
275 174
277 278
278 371
280 239
285 176
287 276
288 233
288 371
294 181
296 225
297 276
298 369
300 189
301 199
301 209
307 276
308 365
317 280
318 361
324 288
324 353
327 298
327 308
327 334
329 318
