50 196
52 206
52 216
55 187
58 224
59 177
64 232
67 169
70 240
74 38
74 48
75 162
76 58
78 246
79 68
80 30
82 92
82 102
83 78
83 112
85 122
85 157
87 251
88 132
89 25
90 318
90 328
90 338
90 348
91 358
92 282
92 292
92 306
93 141
95 154
96 256
96 266
99 21
99 365
108 370
109 20
118 371
119 22
128 371
129 26
137 32
138 371
147 34
148 371
157 34
158 371
167 33
168 371
177 34
178 369
186 28
188 369
196 24
198 367
206 20
208 365
216 20
218 365
226 24
228 363
232 149
235 29
235 82
238 92
238 141
238 363
239 70
241 154
243 36
243 58
243 101
243 111
244 133
245 46
245 121
248 361
251 156
251 252
253 262
256 272
258 363
261 158
261 251
266 274
267 166
268 365
271 253
276 277
277 170
278 369
281 249
286 278
287 172
288 371
291 247
296 276
297 172
298 371
301 243
306 276
307 174
308 371
311 239
316 276
317 176
318 369
320 233
326 276
327 180
328 225
328 367
332 189
333 216
334 282
335 199
336 361
342 288
344 355
347 297
349 307
349 344
351 317
351 327
