96 102
96 112
98 92
98 122
100 82
102 132
104 72
108 62
108 140
114 148
116 54
116 234
116 244
116 254
116 264
116 274
116 284
116 294
118 158
118 168
118 178
118 198
118 208
118 218
120 188
120 306
120 316
120 326
122 336
123 346
124 46
125 356
131 364
134 42
139 33
141 367
144 24
151 371
154 22
161 369
164 21
171 369
174 20
181 367
182 26
188 34
191 367
196 40
201 366
204 46
211 365
212 53
217 62
221 363
223 70
229 78
231 367
235 160
237 84
241 168
241 371
243 152
247 86
249 174
251 371
252 147
257 88
259 178
261 371
262 145
264 96
267 226
269 134
269 182
269 236
269 246
269 262
269 272
271 118
271 371
272 217
273 101
274 191
276 207
279 276
281 371
289 276
291 368
299 278
299 358
303 288
303 336
303 346
305 298
305 308
305 318
