48 252
48 262
55 270
58 248
65 270
68 190
68 220
68 248
75 273
76 227
77 195
78 248
80 22
80 32
80 42
80 52
80 62
80 72
80 82
80 92
80 102
80 112
80 122
80 132
80 142
81 152
81 218
82 186
85 269
86 227
87 195
88 248
90 20
91 153
91 218
92 186
95 269
96 227
97 195
98 248
100 20
101 153
101 218
102 186
105 269
106 227
107 195
108 248
110 20
111 153
111 218
112 186
115 269
116 227
117 195
118 248
120 20
121 153
121 218
122 186
125 269
126 227
127 195
128 248
130 20
131 153
131 218
132 186
135 269
136 227
137 195
138 248
140 20
141 153
141 218
142 186
145 269
146 227
147 195
148 248
150 20
151 153
151 218
152 186
155 269
156 227
157 195
158 248
160 20
161 153
161 218
162 186
165 269
166 162
166 172
166 200
166 228
166 238
170 20
175 269
180 20
185 269
190 20
195 269
200 20
205 269
210 20
215 269
220 20
225 154
225 164
225 174
225 184
225 196
225 206
225 216
225 228
225 238
225 269
226 248
230 20
235 153
235 186
235 218
235 269
236 248
240 20
240 195
240 227
245 153
245 186
245 218
245 269
246 248
250 20
250 195
250 227
255 153
255 186
255 218
255 269
256 248
260 20
260 195
260 227
265 153
265 186
265 218
265 269
266 248
270 20
270 195
270 227
275 153
275 186
275 218
275 269
276 248
280 20
280 195
280 227
285 153
285 186
285 218
285 269
286 248
290 20
290 195
290 227
295 153
295 186
295 218
295 269
296 248
300 20
300 195
300 227
305 153
305 186
305 218
305 269
306 248
310 20
310 195
310 227
315 152
315 186
315 218
315 269
316 248
317 28
317 38
317 48
317 58
317 68
317 78
317 88
317 98
317 108
317 118
317 128
317 138
320 195
320 227
325 186
325 218
325 269
326 248
330 195
330 227
335 218
335 271
336 248
345 270
346 248
351 257
