126 250
126 260
128 190
128 220
131 269
136 227
136 248
137 195
141 218
141 273
142 186
146 227
146 248
147 195
151 218
151 269
152 186
156 227
156 248
157 195
161 218
161 269
162 186
166 227
166 248
167 195
171 218
171 269
172 186
176 26
176 36
176 46
176 56
176 66
176 76
176 86
176 96
176 106
176 116
176 126
176 136
176 146
176 227
176 248
177 195
181 218
181 269
182 186
184 20
184 153
186 227
186 248
187 195
191 218
191 270
192 186
194 20
194 153
196 227
196 248
197 195
201 218
201 269
202 186
204 20
204 153
206 163
206 173
206 200
206 228
206 238
211 271
214 20
221 270
224 20
229 29
229 39
231 269
235 47
235 57
235 67
235 77
235 87
235 97
235 107
235 117
235 127
235 137
235 147
235 157
235 167
235 177
235 196
235 206
235 216
235 226
235 236
235 246
241 269
245 248
251 269
255 248
261 269
265 248
271 266
273 254
