48 250
48 260
53 269
58 248
62 188
62 218
63 273
67 227
68 248
70 195
72 218
73 269
75 186
77 227
78 248
80 195
82 218
83 271
85 186
86 24
86 34
86 44
86 54
86 64
86 74
86 84
87 227
88 94
88 104
88 114
88 124
88 134
88 144
88 248
90 195
92 218
93 153
93 270
95 186
96 20
97 227
98 248
100 195
102 218
103 153
103 269
105 186
106 20
107 227
108 248
110 195
112 218
113 153
113 269
115 186
116 20
117 227
118 248
120 195
122 218
123 153
123 269
125 186
126 20
127 227
128 248
130 195
132 218
133 153
133 269
135 186
136 20
137 227
138 248
140 195
142 218
143 153
143 269
145 186
146 20
147 227
148 248
150 195
152 218
153 153
153 269
155 186
156 20
157 227
158 248
160 195
162 218
163 153
163 269
165 186
166 20
167 227
168 248
170 195
172 218
173 153
173 269
175 186
176 20
177 227
178 162
178 172
178 201
178 237
178 247
183 269
186 20
193 269
196 20
203 269
206 20
213 269
216 20
223 269
226 20
233 269
236 20
237 154
237 164
237 174
237 184
237 196
237 206
237 216
237 228
237 238
238 248
243 269
246 20
247 153
247 186
247 218
248 248
252 195
252 227
253 269
256 20
257 153
257 186
257 218
258 248
262 195
262 227
263 269
266 20
267 153
267 186
267 218
268 248
272 195
272 227
273 269
276 20
277 153
277 186
277 218
278 248
282 195
282 227
283 269
286 20
287 153
287 186
287 218
288 248
292 195
292 227
293 269
296 20
297 153
297 186
297 218
298 248
302 195
302 227
303 269
306 20
307 153
307 186
307 218
308 248
312 195
312 227
313 273
315 25
315 35
315 45
315 55
315 65
315 75
315 85
315 95
315 105
315 115
315 125
315 135
315 145
317 186
317 218
318 248
322 195
322 227
323 269
327 218
328 248
333 269
338 248
343 269
348 248
353 257
353 267
