58 252
58 262
66 269
68 248
70 190
70 220
76 273
78 227
78 248
79 195
83 218
84 186
86 269
88 227
88 248
89 195
93 218
94 186
96 269
98 227
98 248
99 195
103 218
104 186
106 269
108 24
108 34
108 44
108 54
108 64
108 74
108 84
108 94
108 104
108 114
108 124
108 134
108 144
108 227
108 248
109 195
113 153
113 218
114 186
116 269
118 20
118 227
118 248
119 195
123 153
123 218
124 186
126 273
128 20
128 227
128 248
129 195
133 153
133 218
134 186
136 269
138 20
138 227
138 248
139 195
143 153
143 218
144 186
146 269
148 20
148 227
148 248
149 195
153 153
153 218
154 186
156 269
158 20
158 227
158 248
159 195
163 153
163 218
164 186
166 269
168 20
168 227
168 248
169 195
173 153
173 218
174 186
176 269
178 20
178 227
178 248
179 195
183 153
183 218
184 186
186 269
188 20
188 162
188 172
188 200
188 228
188 238
196 269
198 20
206 269
208 20
216 269
218 20
226 269
228 20
236 269
238 20
243 154
243 164
243 174
243 184
243 196
243 206
243 216
243 228
243 238
244 248
246 269
248 20
253 153
253 186
253 218
254 248
256 269
258 20
258 195
258 227
263 153
263 186
263 218
264 248
266 269
268 20
268 195
268 227
273 153
273 186
273 218
274 248
276 270
278 20
278 195
278 227
283 153
283 186
283 218
284 248
286 269
288 20
288 195
288 227
293 153
293 186
293 218
294 248
296 269
297 25
297 35
297 45
297 55
297 65
297 75
297 85
297 95
297 105
297 115
297 125
297 135
298 195
298 227
303 186
303 218
304 248
306 269
308 195
311 224
314 248
316 269
324 248
326 269
334 248
336 269
343 253
