106 250
106 260
111 269
112 188
112 218
116 248
117 227
120 195
121 273
122 218
125 186
126 248
127 227
130 195
131 269
132 218
135 186
136 248
137 227
140 195
141 269
142 218
145 186
146 248
147 227
150 195
151 269
152 218
155 186
156 248
157 227
158 30
158 40
158 50
158 60
158 70
158 80
158 90
158 100
158 110
158 120
158 130
158 140
160 150
160 195
161 269
162 218
163 21
165 186
166 248
167 227
170 153
170 195
171 269
172 218
173 20
175 186
176 248
177 227
180 153
180 195
181 269
182 218
183 20
185 186
186 248
187 227
190 153
190 195
191 269
192 218
193 20
195 186
196 248
197 227
200 153
200 196
201 269
202 218
203 20
204 163
204 173
204 206
204 235
211 273
213 20
221 269
223 20
231 269
233 20
241 154
241 164
241 174
241 184
241 196
241 206
241 216
241 228
241 238
241 269
242 248
243 20
250 149
251 26
251 36
251 80
251 90
251 100
251 110
251 120
251 130
251 186
251 218
251 269
252 248
253 46
253 56
253 66
256 195
256 227
261 218
261 269
262 248
271 269
272 248
281 271
282 248
291 269
292 248
295 258
