116 250
116 260
120 188
120 218
121 269
125 227
126 248
128 195
130 218
131 273
133 186
135 227
136 248
138 195
140 218
141 269
143 186
145 227
146 248
148 195
150 218
151 269
153 186
155 227
156 248
158 195
160 218
161 269
163 186
165 227
166 248
168 26
168 36
168 46
168 56
168 66
168 76
168 86
168 96
168 106
168 116
168 126
168 136
168 146
168 195
170 218
171 269
173 186
175 227
176 20
176 153
176 248
178 195
180 218
181 269
183 186
185 227
186 20
186 153
186 248
188 195
190 218
191 269
193 186
195 227
196 20
196 153
196 248
198 195
200 218
201 273
203 186
205 227
206 20
206 154
206 164
206 174
206 201
206 237
206 247
211 269
216 20
221 269
226 20
231 269
236 20
239 128
239 138
239 148
239 158
239 168
239 178
239 196
239 206
239 216
239 228
239 238
240 248
241 29
241 39
241 80
241 90
241 100
241 110
241 269
245 49
245 59
245 69
245 186
249 218
250 195
250 248
251 269
260 248
261 269
270 248
271 271
280 248
281 269
285 257
