64 250
64 260
69 269
74 190
74 220
74 248
79 273
82 227
83 195
84 248
87 218
88 186
89 269
92 227
93 195
94 248
97 218
98 186
99 269
102 227
103 195
104 248
107 218
108 186
109 269
112 227
113 195
114 24
114 34
114 44
114 54
114 64
114 74
114 84
114 94
114 104
114 114
114 124
114 134
114 144
114 248
117 218
118 186
119 153
119 269
122 227
123 195
124 20
124 248
127 218
128 186
129 153
129 271
132 227
133 195
134 20
134 248
137 218
138 186
139 153
139 270
142 227
143 195
144 20
144 248
147 218
148 186
149 153
149 269
152 227
153 195
154 20
154 248
157 218
158 186
159 153
159 269
162 227
163 195
164 20
164 248
167 218
168 186
169 153
169 269
172 227
173 195
174 20
174 248
177 218
178 186
179 153
179 269
182 227
183 195
184 20
184 248
187 218
188 186
189 153
189 269
190 163
190 173
190 203
190 233
194 20
199 269
204 20
209 269
214 20
219 269
224 20
229 269
234 20
239 269
243 154
243 164
243 174
243 184
243 196
243 206
243 216
243 228
243 238
244 20
244 248
249 269
253 153
253 186
253 218
254 20
254 248
258 195
258 227
259 269
263 153
263 186
263 218
264 20
264 248
268 195
268 227
269 273
273 153
273 186
273 218
274 20
274 248
278 195
278 227
279 269
283 153
283 186
283 218
284 20
284 248
288 195
288 227
289 29
289 39
289 49
289 59
289 69
289 79
289 89
289 99
289 109
289 119
289 129
289 139
289 269
293 186
293 218
294 248
298 195
298 227
299 269
303 218
304 248
309 269
314 248
319 269
324 248
329 269
334 249
337 259
