138 252
138 262
140 188
140 218
145 227
145 270
148 195
148 248
150 218
153 186
155 227
155 272
158 195
158 248
160 218
163 186
165 227
165 269
168 195
168 248
170 218
173 186
175 227
175 273
178 195
178 248
180 218
183 186
185 227
185 269
186 28
186 38
186 48
186 58
186 68
186 78
186 88
186 98
186 108
186 118
186 128
186 138
187 148
188 195
188 248
190 218
192 20
193 186
195 227
195 269
196 153
198 195
198 248
200 218
202 20
203 186
205 227
205 269
206 153
208 198
208 248
210 163
210 173
210 208
210 236
212 20
215 269
219 28
219 38
225 269
229 40
235 48
235 58
235 68
235 78
235 88
235 98
235 108
235 118
235 128
235 138
235 148
235 158
235 168
235 178
235 188
235 198
235 208
235 218
235 228
235 238
235 269
236 248
245 269
246 248
255 272
256 248
261 257
