64 250
64 260
69 269
74 248
79 272
84 248
89 269
94 248
96 188
96 218
99 269
101 227
104 195
104 248
106 218
108 24
108 34
108 44
108 54
108 64
108 74
108 84
108 94
108 104
108 114
108 124
108 134
108 144
109 186
109 269
111 227
113 153
114 195
114 248
116 218
118 20
119 186
119 269
121 227
123 153
124 195
124 248
126 218
128 20
129 186
129 273
131 227
133 153
134 195
134 248
136 218
138 20
139 186
139 269
141 227
143 153
144 195
144 248
146 218
148 20
149 186
149 269
151 227
153 153
154 195
154 248
156 218
158 20
158 162
158 172
158 205
158 235
159 269
168 20
169 269
178 20
179 269
188 20
189 269
198 20
199 269
208 20
209 269
211 154
211 164
211 174
211 184
211 196
211 206
211 216
211 228
211 238
212 248
218 20
219 269
221 153
221 186
221 218
222 248
226 195
226 227
228 20
229 269
231 153
231 186
231 218
232 248
236 195
236 227
238 20
239 269
241 153
241 186
241 218
242 248
246 195
246 227
248 20
249 269
251 153
251 186
251 218
252 248
256 195
256 227
258 20
259 269
261 153
261 186
261 218
262 248
266 195
266 227
268 20
269 269
271 153
271 186
271 218
272 248
276 195
276 227
278 20
279 269
281 152
281 186
281 218
282 248
283 29
283 39
283 49
283 59
283 69
283 79
283 89
283 99
283 109
283 119
283 129
283 139
286 195
286 227
289 269
291 186
291 218
292 248
296 195
296 227
299 269
301 186
301 218
302 248
306 195
306 227
309 269
311 186
311 218
312 248
316 195
316 227
319 273
321 186
321 218
322 248
329 269
332 248
335 258
