159 252
159 262
159 272
164 237
164 281
164 291
174 222
174 232
174 295
174 347
174 357
179 304
179 322
179 332
179 366
179 376
179 386
179 396
179 406
182 214
184 313
184 415
187 204
193 420
197 204
202 425
207 199
209 177
209 187
211 430
219 152
219 162
219 172
221 430
224 137
229 122
231 430
239 117
241 430
244 107
246 439
254 104
254 445
257 455
264 97
265 462
274 92
274 467
284 89
284 470
294 89
294 470
304 89
304 470
313 94
313 475
323 94
323 475
332 470
333 94
342 89
342 470
351 465
352 84
357 74
361 465
367 69
370 470
377 69
379 475
382 485
386 64
391 490
396 64
400 495
404 505
405 69
413 510
415 69
423 510
424 74
430 82
433 510
439 77
443 508
444 67
445 495
449 52
455 495
459 49
464 490
468 44
473 485
478 44
483 483
488 44
488 473
495 465
497 49
505 440
505 450
505 460
507 49
515 55
515 65
515 440
520 74
525 440
529 69
535 440
538 64
539 52
544 445
549 49
554 442
558 44
564 440
568 44
574 437
577 49
582 430
587 49
592 429
595 55
600 64
600 420
605 405
609 69
615 77
615 380
615 390
615 400
619 87
620 365
624 96
629 360
630 104
635 113
639 360
645 114
649 357
654 119
659 352
660 127
660 340
664 137
665 330
670 145
670 205
670 215
670 225
670 315
675 154
678 231
680 163
680 173
680 183
680 193
680 241
680 251
680 290
680 300
680 310
685 260
685 270
685 280
