114 257
114 267
114 277
119 242
119 286
119 296
119 306
119 352
119 362
119 372
125 380
129 239
129 310
129 349
134 227
134 337
134 385
134 395
135 318
139 328
140 403
142 219
145 412
147 209
154 417
157 209
159 177
159 187
159 197
160 425
164 157
164 167
169 430
174 142
174 152
179 122
179 132
179 430
189 117
189 430
189 440
198 445
199 112
205 453
209 102
215 455
219 99
221 463
225 473
228 94
235 475
238 94
245 477
248 94
255 480
257 99
265 480
267 99
275 105
275 475
285 109
285 475
291 100
295 475
296 90
305 475
306 89
310 465
311 80
319 72
319 470
328 475
329 69
329 485
335 493
339 69
343 500
349 69
353 500
359 71
363 500
365 79
367 510
375 82
377 510
383 89
387 510
393 89
394 72
395 500
402 64
405 500
412 64
415 500
422 59
424 495
432 59
433 490
442 59
442 485
444 495
449 504
451 64
451 514
460 69
461 518
470 69
471 520
474 530
475 78
477 540
484 72
487 544
491 554
492 64
501 555
502 64
510 445
511 59
511 555
515 454
520 445
521 59
521 555
525 454
530 445
530 463
530 545
531 59
535 435
535 472
535 500
537 510
538 538
539 482
540 64
540 520
544 430
550 64
552 424
555 405
558 70
560 385
560 395
563 79
570 87
570 370
570 380
577 95
580 105
580 365
585 114
590 365
595 117
600 126
600 360
603 136
605 350
613 140
615 340
620 148
620 158
620 210
620 220
623 333
625 167
625 177
625 187
625 197
625 229
625 239
625 320
630 248
630 258
630 290
630 300
630 310
638 264
640 290
645 272
