89 192
89 202
89 212
94 172
94 182
94 221
94 231
94 241
104 157
104 167
104 245
107 255
109 142
112 264
119 137
119 272
124 127
124 281
134 122
134 285
137 295
139 112
146 300
149 107
154 97
154 306
164 94
164 310
173 89
173 315
183 89
183 315
187 325
192 84
197 325
202 84
207 74
207 329
217 74
217 330
222 339
227 74
232 340
236 69
242 340
246 69
251 60
251 345
261 59
261 345
271 59
271 345
281 59
281 348
290 54
291 350
300 54
301 350
310 54
311 350
320 54
321 350
329 356
330 54
339 360
340 54
346 45
349 360
356 44
359 360
359 370
365 378
366 44
374 383
375 393
376 44
380 402
386 44
389 407
389 417
395 49
397 424
404 54
406 429
409 439
414 54
417 445
422 454
424 54
424 464
432 470
434 54
440 455
444 56
445 410
445 420
445 430
445 440
454 59
455 365
455 375
455 385
455 395
455 405
460 350
464 59
470 345
474 59
480 345
484 61
490 69
490 340
500 69
500 340
509 74
510 340
519 74
520 330
525 82
530 330
535 84
539 325
545 84
549 322
554 89
554 312
564 91
564 310
570 300
574 94
580 102
580 300
589 295
590 104
595 285
598 110
603 119
604 280
610 127
610 270
614 137
618 263
620 145
624 255
625 154
630 163
630 245
635 172
635 182
635 215
635 225
635 235
642 190
645 200
645 210
