84 242
84 252
84 262
90 270
94 222
94 232
94 280
94 327
94 337
94 347
99 207
99 289
99 317
99 356
99 366
107 295
109 197
109 305
109 370
112 380
119 187
122 384
129 162
129 172
129 182
129 392
135 400
139 137
139 147
139 157
144 122
144 472
144 482
144 492
145 402
149 112
149 452
149 462
149 501
154 510
155 405
159 109
159 449
164 437
164 510
165 101
165 407
169 417
172 429
173 94
173 515
183 94
183 515
192 89
193 513
194 77
203 508
204 74
209 500
214 74
219 497
224 74
229 495
234 74
237 489
240 470
244 74
250 82
250 455
250 465
258 89
259 77
260 455
269 74
270 455
275 66
279 450
280 56
288 445
290 54
297 450
299 460
300 51
305 468
310 49
315 472
320 49
325 475
329 54
335 475
339 54
339 485
345 62
348 490
355 64
358 490
364 57
364 69
368 488
370 475
372 49
380 475
382 49
389 37
390 470
399 34
400 470
408 463
409 34
413 453
415 42
419 445
425 44
425 435
430 420
434 49
440 420
444 49
449 425
453 54
458 430
462 49
467 435
472 44
477 434
480 36
487 430
490 34
497 430
500 34
505 43
505 420
515 44
515 410
523 403
525 47
525 390
534 52
535 62
535 370
535 380
540 71
540 345
540 355
545 80
545 90
549 340
555 94
559 340
565 97
569 337
575 99
579 332
580 108
584 322
585 117
590 126
590 136
590 146
590 195
590 205
592 315
596 154
598 211
600 164
600 174
600 184
600 221
600 295
600 305
609 226
610 236
610 275
610 285
613 246
615 256
615 266
