94 217
94 227
94 237
94 247
94 257
94 267
94 277
100 285
104 202
104 212
104 295
109 187
109 304
111 314
114 177
119 320
124 172
125 328
129 162
133 335
139 157
140 343
144 147
148 350
154 144
158 350
162 360
163 139
172 134
172 364
182 134
182 365
187 124
187 374
197 124
197 375
207 119
207 379
217 119
217 380
225 111
225 387
235 109
235 390
245 109
245 390
254 104
254 395
264 104
264 395
274 104
274 395
284 97
284 395
287 405
294 94
297 405
304 94
307 405
314 94
317 405
324 94
327 405
334 94
337 405
344 92
347 405
354 89
357 405
364 89
367 405
374 89
377 405
384 91
387 405
394 94
397 405
404 94
407 405
414 94
417 405
424 94
427 405
434 94
437 405
440 102
445 395
450 104
455 395
460 104
465 395
466 95
475 395
476 94
484 390
485 89
494 390
495 89
504 387
505 89
512 380
515 89
522 379
525 89
532 375
535 89
542 374
545 89
547 365
555 89
555 125
555 135
557 364
560 110
565 89
565 139
567 359
570 98
572 350
574 144
582 349
584 146
588 156
590 335
598 160
600 330
602 170
605 320
612 174
615 184
615 315
620 300
624 189
630 197
630 285
630 295
634 207
635 217
635 227
635 237
635 247
635 257
635 267
