79 207
79 217
79 227
85 235
89 187
89 197
89 245
89 255
92 265
94 172
94 275
103 280
104 157
104 167
109 288
112 149
117 295
120 141
124 303
128 134
132 310
135 126
142 314
143 119
149 322
153 119
157 109
159 325
167 104
168 330
175 96
177 335
185 94
187 335
192 344
195 94
202 345
204 89
211 350
214 82
219 356
224 79
229 360
234 77
239 360
244 74
249 360
254 74
258 365
264 74
268 365
270 66
278 365
280 64
288 365
290 64
295 373
300 64
305 375
310 64
314 380
314 390
320 64
323 395
324 405
324 415
329 424
330 61
337 430
339 440
340 59
344 449
344 459
346 469
349 479
350 59
354 488
359 497
360 59
369 492
370 59
374 482
375 470
380 62
380 445
380 455
390 64
390 430
390 440
395 420
400 64
405 395
405 405
405 415
410 64
410 380
420 64
420 375
425 365
430 64
435 365
440 67
445 365
448 74
455 360
458 74
465 360
468 74
475 360
477 79
485 350
487 79
495 350
497 79
500 89
505 350
510 89
515 345
520 92
525 335
530 94
535 335
540 97
544 330
548 104
554 327
557 109
564 325
565 115
570 315
575 119
580 310
583 125
588 134
590 310
595 300
597 139
600 149
604 295
610 152
610 285
615 161
618 171
618 278
620 181
620 265
629 186
630 196
630 206
630 216
630 226
630 236
630 246
630 256
