94 267
94 277
94 287
100 295
104 247
104 257
104 305
109 232
109 322
109 342
109 352
109 362
109 372
109 382
115 330
119 229
119 385
119 395
124 217
124 404
124 414
129 207
132 420
139 187
139 197
142 424
144 162
144 172
149 152
151 429
159 149
161 430
164 137
171 430
172 129
174 440
177 119
183 445
187 119
187 455
189 465
195 473
196 114
204 107
205 475
214 104
214 480
223 485
224 104
233 485
234 104
242 490
244 104
250 112
252 490
260 114
261 485
270 114
271 485
276 105
280 475
281 95
289 89
290 475
298 84
299 470
304 479
305 76
306 489
315 74
316 493
319 503
319 527
319 537
325 74
325 545
327 510
329 520
329 555
332 565
335 74
339 573
339 583
339 593
340 83
344 602
349 611
349 621
350 87
359 625
360 89
368 630
369 94
378 89
378 630
384 77
387 624
390 605
392 69
395 495
395 505
399 600
402 69
403 511
405 495
405 565
405 575
405 585
410 519
410 545
410 555
411 64
413 488
415 528
421 64
423 483
425 470
430 69
434 465
440 69
440 445
440 455
450 72
450 445
455 81
456 453
463 74
466 455
471 464
473 74
481 465
482 69
491 465
492 69
495 455
501 64
505 455
511 64
515 445
520 69
523 438
529 430
530 69
535 420
538 75
540 85
540 400
540 410
548 91
550 101
550 375
550 385
550 395
559 106
560 116
560 375
565 365
569 121
575 129
575 365
583 358
585 132
590 141
590 345
596 149
600 345
605 154
605 164
605 174
608 338
610 183
610 193
610 203
610 213
610 223
610 233
610 243
610 320
615 252
615 262
615 300
615 310
622 270
625 280
625 290
