159 87
159 97
159 107
159 117
159 127
159 137
159 147
159 157
159 167
159 177
159 187
159 197
159 207
159 217
159 227
159 237
159 247
159 257
164 266
164 276
164 286
164 296
164 306
164 316
164 326
164 336
164 346
164 356
164 366
169 84
169 375
179 84
179 375
189 84
189 375
194 422
199 84
199 375
200 430
202 414
209 84
209 375
210 406
210 430
215 420
219 84
219 375
220 404
225 420
229 84
229 375
229 392
235 420
239 77
239 375
239 387
245 415
249 74
255 415
259 74
265 415
269 74
275 405
279 74
285 405
289 74
295 400
299 74
305 400
309 74
310 390
319 74
320 390
329 74
330 390
339 74
340 385
349 74
350 385
359 74
360 385
365 375
369 74
375 375
379 74
385 375
389 74
394 370
399 74
404 370
409 74
414 370
419 74
424 370
429 74
434 370
439 74
444 370
449 72
454 370
459 69
464 370
469 69
474 370
479 69
484 370
489 69
494 370
499 69
500 360
509 69
510 360
519 69
520 360
529 69
530 360
539 69
540 360
549 69
550 360
559 69
560 360
569 69
570 360
579 69
580 360
589 69
590 360
599 69
600 360
609 69
610 360
619 69
620 360
629 69
630 360
639 69
640 360
649 69
650 360
658 64
660 360
668 64
670 360
678 64
680 360
688 64
690 360
698 64
700 360
708 64
710 360
718 64
719 355
728 64
729 355
735 72
735 82
735 92
735 102
735 112
735 122
735 132
735 142
735 152
735 162
735 172
735 182
735 192
739 352
740 201
740 211
740 221
740 231
740 241
740 251
740 261
740 271
740 281
740 291
740 301
740 311
740 321
740 331
740 341
