64 262
64 272
64 282
70 290
74 242
74 252
74 300
74 352
74 362
74 372
79 227
79 309
79 337
79 381
79 391
81 319
84 217
84 400
93 405
94 214
100 413
103 209
108 420
109 177
109 187
109 197
118 420
119 152
119 162
119 172
124 137
127 425
129 127
137 425
139 117
139 435
148 440
149 112
152 450
157 459
159 109
167 460
169 102
177 94
177 460
185 467
187 94
189 477
194 486
194 496
197 94
199 505
207 94
209 505
209 515
212 525
216 99
220 532
226 99
230 109
230 535
239 102
240 535
249 87
249 97
250 535
259 82
260 530
269 79
269 525
278 74
279 522
284 512
288 74
292 505
298 74
302 505
307 79
312 505
317 79
322 509
326 84
332 510
336 84
342 509
346 80
349 67
352 505
359 64
362 504
365 490
368 59
375 490
378 59
385 485
388 59
393 478
395 465
397 64
405 460
407 64
410 74
410 440
410 450
420 74
420 440
429 445
430 77
438 450
439 67
448 450
449 64
458 59
458 448
464 440
468 59
474 440
478 59
484 437
487 64
494 432
497 64
499 422
505 70
505 405
513 76
515 385
515 395
518 85
520 95
520 370
525 104
525 114
529 365
535 114
539 365
545 117
549 127
549 362
557 354
559 131
565 139
565 345
570 148
570 215
570 225
570 335
575 234
578 155
580 165
580 175
580 185
580 195
580 205
580 243
580 320
580 330
585 252
585 290
585 300
585 310
592 260
595 270
595 280
