119 132
119 142
119 152
119 162
124 117
124 171
124 181
124 191
124 201
124 211
124 221
124 231
124 241
124 251
124 261
124 271
124 281
124 291
124 301
124 311
124 321
124 331
131 339
132 109
141 340
142 109
146 349
151 358
152 109
157 99
159 365
167 99
169 365
177 99
178 370
186 94
188 370
196 94
198 370
206 90
208 370
216 89
218 370
226 89
228 370
236 89
238 370
246 89
248 370
256 89
258 370
266 89
268 370
276 89
278 370
286 89
288 370
296 89
298 370
306 89
308 370
316 89
318 370
326 89
327 365
336 89
337 365
346 89
347 365
356 89
357 365
366 89
367 365
369 542
369 552
374 497
374 507
374 517
374 527
375 560
376 89
377 365
379 462
379 472
379 482
380 550
386 89
387 365
389 422
389 432
389 442
389 452
390 540
394 373
394 383
394 393
394 403
394 413
395 530
396 89
404 525
406 89
410 505
410 515
416 89
420 500
421 80
429 495
431 79
435 475
435 485
440 465
441 79
445 450
451 79
455 440
461 79
463 433
465 420
471 79
474 415
481 79
484 412
490 390
490 400
491 79
499 385
501 79
505 375
510 365
511 79
520 365
521 79
529 360
531 79
539 360
541 79
549 357
550 84
557 349
558 90
562 340
568 94
572 339
577 99
580 109
580 325
589 114
590 325
595 122
595 132
595 142
595 152
595 162
595 172
595 182
595 192
595 202
595 212
595 222
595 232
595 242
595 252
598 318
599 262
600 272
600 282
600 292
600 302
