129 247
129 257
129 267
134 227
134 237
134 276
134 286
139 207
139 217
139 317
139 327
139 337
139 347
139 357
141 294
149 202
149 300
149 310
149 360
149 370
152 380
154 390
157 194
157 400
167 194
167 400
174 167
174 177
177 404
179 142
179 152
184 132
186 409
194 117
194 127
196 410
202 109
204 97
204 416
209 425
214 94
218 430
224 92
224 438
225 448
233 455
234 89
243 84
243 455
247 465
253 84
257 465
263 84
267 465
273 84
276 470
283 85
286 470
293 89
295 465
303 89
305 465
309 77
310 455
317 69
320 455
327 64
329 450
337 64
338 455
339 465
342 54
348 470
352 54
354 478
362 54
362 485
370 60
372 485
378 66
381 490
388 69
391 490
398 70
401 490
408 69
410 485
414 57
419 47
419 490
419 500
422 510
427 519
429 44
434 527
438 39
444 530
448 39
449 539
451 549
458 39
459 555
460 450
465 440
465 563
467 44
470 425
470 454
475 565
477 44
480 54
480 425
480 454
485 463
485 565
489 59
489 430
495 464
495 565
498 54
499 430
505 438
505 467
505 560
508 54
510 476
510 510
510 550
512 44
512 520
513 486
515 440
515 496
515 530
515 540
522 44
525 430
531 39
535 430
541 39
545 425
550 44
554 420
560 44
560 410
570 47
570 400
574 57
575 67
575 375
575 385
580 76
580 355
580 365
586 84
590 94
590 355
595 345
600 97
600 107
605 345
610 109
615 340
620 112
623 333
625 121
629 325
631 129
635 139
635 149
635 315
640 158
640 168
640 178
640 188
640 198
640 208
640 218
640 305
645 227
645 237
645 247
645 285
645 295
650 256
650 266
650 276
