129 137
129 147
129 157
137 164
139 132
144 172
149 129
152 179
159 131
159 187
165 139
167 194
173 145
174 202
182 150
182 209
189 217
190 157
197 224
199 162
204 232
207 169
212 239
216 174
219 247
224 181
227 254
230 189
234 262
240 192
242 269
247 200
249 277
252 209
257 284
261 214
264 292
270 219
274 295
275 228
280 303
283 235
288 310
290 243
295 252
295 318
303 325
304 257
310 265
310 333
315 274
318 340
322 350
325 277
327 359
329 369
329 379
330 286
335 387
336 294
342 395
346 294
350 304
352 399
360 307
362 400
369 312
370 380
372 404
375 389
379 314
380 380
389 316
390 380
395 324
400 382
405 327
407 390
412 335
416 385
417 344
420 360
420 370
426 349
430 362
