219 257
219 267
224 276
229 256
229 285
235 293
238 261
244 217
245 295
248 264
249 226
254 214
254 300
256 234
258 264
264 214
264 300
265 256
266 238
274 214
274 300
282 220
283 305
290 227
290 313
297 235
300 245
300 255
300 265
300 317
305 274
307 325
313 280
315 332
320 288
322 340
328 295
330 347
335 303
337 355
343 310
345 362
350 318
352 370
358 325
360 377
365 333
369 382
373 340
377 389
382 345
384 397
390 352
392 404
397 360
401 409
405 367
409 415
413 374
415 423
422 379
425 427
429 387
429 437
434 446
437 394
439 455
445 463
446 399
453 470
455 404
460 445
462 475
465 404
468 451
469 440
472 475
475 407
478 455
479 440
482 474
485 409
485 463
488 445
494 414
497 450
500 422
500 432
505 441
