184 302
189 342
190 310
192 294
194 351
199 339
200 286
200 310
204 355
209 339
210 281
210 310
213 360
218 334
220 276
220 305
223 360
225 326
229 310
230 274
233 360
234 319
240 274
243 358
250 274
253 353
260 277
260 345
269 282
270 345
277 289
280 340
286 294
290 340
296 294
300 340
305 299
310 340
315 302
320 340
325 304
330 340
335 307
339 345
345 309
349 345
355 309
359 345
364 314
369 345
374 314
378 350
384 314
388 350
394 314
398 350
404 314
408 350
414 314
418 350
424 314
428 350
434 314
437 355
444 316
447 355
454 319
457 355
464 319
467 355
474 317
477 359
484 314
487 360
493 309
497 364
502 304
505 370
512 304
514 375
521 299
523 380
525 330
525 340
525 350
530 304
533 380
534 325
535 354
540 307
542 375
543 320
545 354
550 309
551 370
553 320
555 354
560 365
