174 147
174 192
174 202
179 156
180 210
182 139
184 187
186 218
189 155
191 134
194 184
196 220
198 160
201 134
203 179
206 220
208 160
211 130
212 170
216 223
219 136
224 217
229 139
234 212
237 145
242 204
247 149
247 195
256 190
257 149
265 185
266 154
274 147
274 180
284 144
284 180
294 144
294 180
304 144
304 177
314 144
314 175
324 144
324 175
333 180
334 144
343 149
343 180
352 185
353 149
362 185
363 149
372 189
373 150
382 190
383 154
392 194
393 154
402 159
402 195
412 159
412 199
419 167
421 204
429 171
431 205
436 214
439 174
444 220
447 230
449 176
449 240
455 248
459 179
463 255
469 179
470 220
472 260
475 229
479 179
479 215
482 259
483 235
485 223
485 245
488 184
495 227
498 185
502 235
505 193
505 203
505 213
510 222
