124 157
124 167
124 177
129 186
132 149
139 190
142 149
142 200
147 209
151 219
152 149
159 157
159 225
162 235
164 166
167 244
168 176
173 185
174 252
180 193
182 259
184 269
185 202
189 212
190 277
197 219
197 285
200 229
202 294
208 235
209 302
209 312
212 245
217 254
219 315
222 325
224 262
227 334
230 270
232 280
234 342
239 351
240 287
246 359
247 295
249 369
250 305
255 314
255 377
262 385
263 320
267 330
267 394
269 404
269 414
271 424
272 339
274 434
274 444
274 454
279 347
280 462
284 356
287 470
290 364
295 477
299 369
305 480
307 375
310 440
314 485
315 449
317 379
320 440
320 465
323 455
324 482
327 379
330 442
336 384
339 447
345 389
345 400
347 410
347 454
350 420
350 430
350 440
