109 267
109 277
114 286
119 264
124 290
124 302
124 312
129 262
134 287
134 315
139 259
142 294
144 315
147 285
149 259
154 315
157 285
159 259
164 315
169 259
174 312
179 259
182 305
189 259
191 300
199 259
201 300
209 261
211 300
219 264
221 300
229 264
230 305
239 264
240 305
249 264
250 305
259 266
260 305
269 269
270 307
279 269
280 310
289 269
290 310
299 269
300 310
309 269
310 310
319 269
320 310
329 269
330 310
339 269
339 305
349 269
349 305
359 267
359 305
369 264
369 305
378 300
379 264
388 259
388 300
398 259
398 298
407 254
408 295
417 249
418 295
426 244
428 295
434 237
438 295
444 227
445 303
453 310
454 224
462 315
463 219
472 315
473 219
475 255
480 264
482 315
483 219
483 248
490 240
490 264
492 214
492 315
500 240
500 264
501 219
502 315
509 235
510 224
510 261
510 271
511 310
516 279
519 266
520 305
525 295
526 275
530 285
