264 737
264 747
272 729
272 754
279 762
280 721
288 714
289 765
295 706
299 765
303 699
309 765
310 691
315 681
319 762
323 674
329 662
329 760
337 654
339 760
344 642
349 760
352 634
357 624
359 482
359 492
359 760
364 612
367 474
367 499
369 760
372 604
375 466
375 505
377 594
379 760
382 584
383 459
384 447
385 505
387 574
389 760
392 439
394 562
395 505
399 760
401 434
402 554
404 542
405 505
409 422
409 532
409 760
414 500
417 414
417 524
418 765
422 514
424 297
424 307
424 402
424 500
428 765
432 289
432 314
432 394
437 384
437 770
440 320
441 284
445 376
447 770
450 279
450 320
450 366
457 770
458 359
459 272
460 320
462 349
467 264
467 770
469 332
470 320
476 259
477 770
484 252
487 770
492 244
497 234
497 770
505 226
507 770
513 219
517 770
519 207
524 197
524 778
524 788
524 798
524 808
524 818
524 828
524 838
524 848
524 858
524 868
524 878
524 888
525 898
529 908
529 918
529 928
532 189
534 937
534 947
534 957
534 967
534 977
534 987
534 997
534 1007
534 1017
534 1027
534 1037
539 1046
539 1056
539 1066
540 181
544 1075
548 174
550 1083
552 164
558 1090
559 152
567 144
568 1090
574 127
578 1090
582 119
588 1090
591 114
598 1090
600 119
608 125
608 1090
615 133
618 1090
620 142
627 150
627 1095
635 157
637 1095
642 165
647 1095
650 172
655 780
657 180
657 790
657 1095
660 800
660 810
660 820
660 830
660 840
660 850
660 860
660 870
660 880
660 890
660 900
660 910
660 920
660 930
662 940
665 187
665 780
665 950
665 960
667 1094
670 196
670 969
670 979
670 989
670 999
670 1009
675 780
675 1018
675 1028
675 1038
675 1048
675 1058
675 1085
676 204
680 1067
684 211
685 780
690 219
695 228
695 780
705 232
705 780
712 240
715 780
720 247
720 315
725 324
725 780
727 255
730 315
730 333
735 262
735 780
738 340
740 315
744 267
745 348
745 780
750 315
750 357
752 274
755 780
757 365
759 282
760 310
762 374
765 780
767 289
768 303
769 382
775 780
777 389
784 397
785 780
792 404
795 780
799 412
804 421
805 505
805 775
810 514
813 426
815 505
815 523
815 775
820 434
823 530
825 505
825 770
827 540
828 440
832 450
835 500
835 547
835 770
840 457
840 556
845 466
845 495
845 770
846 564
850 574
851 474
853 488
855 583
855 770
860 592
865 601
865 770
871 609
875 619
875 770
883 625
885 635
885 770
890 644
895 653
895 770
900 662
905 770
907 670
915 677
915 770
920 686
925 770
926 694
934 701
935 770
938 711
945 719
945 770
950 728
953 763
955 737
959 747
