134 952
134 962
142 944
142 969
150 975
151 939
159 932
160 970
169 929
170 965
178 924
180 965
187 919
188 958
195 950
196 914
204 907
205 950
212 899
213 943
220 891
220 935
228 884
230 930
235 876
238 923
239 637
239 647
240 866
245 910
247 629
247 654
248 859
253 903
254 847
255 621
255 660
262 839
263 898
265 619
265 655
270 831
270 890
274 612
275 655
278 824
279 885
282 604
283 648
285 816
289 882
290 596
290 640
290 806
298 589
298 633
298 799
299 877
302 789
305 581
305 625
309 875
310 781
313 618
315 576
318 774
318 870
319 297
319 307
320 610
323 569
324 762
327 289
327 314
327 865
330 561
330 605
332 754
335 320
336 284
337 744
337 865
338 554
338 598
342 544
344 732
345 320
345 590
346 280
347 864
349 722
350 536
353 583
355 315
356 279
357 714
357 860
358 529
359 702
360 575
362 519
364 687
365 274
365 315
367 860
368 568
369 667
369 677
370 511
373 558
374 310
375 271
377 659
377 860
378 504
379 642
380 550
384 307
384 627
385 266
385 496
387 860
388 543
389 612
390 486
392 300
393 533
394 597
395 264
397 860
398 479
399 577
399 587
400 525
402 299
402 469
404 259
407 569
407 859
408 518
409 547
409 557
410 461
412 294
413 254
414 527
414 537
415 451
415 510
417 855
422 249
422 289
423 444
427 855
429 432
432 244
432 285
437 424
437 855
441 280
442 239
442 414
447 855
450 231
450 275
450 406
455 396
457 855
458 268
459 382
460 226
464 372
465 260
467 855
468 219
469 357
474 332
474 342
475 211
475 255
477 855
479 317
483 204
484 250
484 267
484 277
484 287
484 297
484 307
487 855
490 196
497 855
498 189
504 863
504 873
504 883
505 181
505 893
509 903
509 913
509 923
509 933
509 943
510 171
514 952
514 962
514 972
514 982
518 164
519 991
519 1001
519 1011
519 1021
524 152
524 1030
524 1040
524 1050
524 1060
524 1070
524 1080
524 1090
524 1100
524 1110
529 137
530 1118
537 129
538 1125
542 119
547 1130
549 107
557 99
557 1130
559 87
564 72
567 1134
572 64
577 1135
581 59
587 1135
590 54
597 1135
600 57
607 65
607 1135
610 75
615 84
617 1135
620 93
620 103
625 112
627 1135
629 122
635 130
637 1135
640 139
640 149
647 1135
648 155
652 165
657 174
657 1135
664 182
667 1135
672 189
677 1135
679 197
680 850
680 860
680 870
680 880
680 890
680 900
680 910
680 920
680 930
680 940
680 950
680 960
680 970
680 980
680 990
685 250
685 260
685 999
685 1009
685 1019
687 204
687 1134
690 269
690 279
690 289
690 299
690 850
690 1028
694 212
695 252
695 308
695 318
695 1037
695 1047
697 1129
699 1057
700 327
700 337
700 347
700 850
702 219
704 257
704 1066
705 356
705 1076
705 1086
705 1120
708 366
710 850
710 1095
710 1105
711 224
714 260
715 374
715 384
720 393
720 850
721 224
723 265
725 402
730 229
730 850
732 270
732 410
735 420
740 232
740 429
740 850
742 274
745 438
748 239
750 447
750 850
751 279
757 244
757 455
760 850
761 280
762 464
767 244
769 472
770 285
770 850
774 481
776 249
780 287
780 489
780 540
780 550
780 850
782 560
785 254
785 498
785 570
785 580
785 590
790 290
790 542
790 599
790 609
790 619
790 850
793 505
795 254
795 628
797 550
800 290
800 637
800 647
800 850
802 510
805 254
805 557
805 656
810 285
810 517
810 850
811 664
812 565
813 260
815 674
818 278
818 524
820 268
820 850
821 570
823 680
825 690
827 529
829 576
830 699
830 850
834 537
835 708
839 580
840 717
840 850
842 544
847 725
848 585
849 855
851 549
852 734
855 593
859 742
859 855
860 554
865 597
865 750
868 560
869 855
870 759
872 605
877 565
878 765
878 860
881 610
882 775
885 572
888 860
889 616
890 782
893 579
894 792
897 865
899 620
902 584
902 799
905 628
907 865
909 807
911 589
913 635
915 815
916 870
917 825
919 596
920 643
921 879
925 604
925 832
928 650
929 885
932 840
932 895
934 609
937 655
940 847
940 902
942 615
946 650
947 855
947 910
950 622
952 864
954 632
954 642
956 915
959 872
961 924
964 881
969 930
973 886
978 935
980 894
987 940
988 900
996 945
997 905
1004 951
1005 912
1011 959
1014 917
1019 965
1022 924
1028 970
1029 932
1038 968
1039 936
1045 944
1045 960
