434 952
434 962
434 972
434 982
439 932
439 942
442 989
444 922
449 897
449 907
450 995
454 877
454 887
459 857
459 867
460 995
464 727
464 737
464 747
464 832
464 842
469 717
469 812
469 822
470 995
472 754
474 697
474 707
474 802
479 792
480 760
480 995
482 689
484 677
484 772
484 782
489 657
489 667
490 995
494 632
494 642
499 612
499 622
500 995
504 592
504 602
509 577
510 995
514 412
514 422
514 432
514 442
514 452
514 557
514 567
519 392
519 402
519 527
519 537
519 547
520 995
522 459
524 377
524 502
524 512
529 357
529 367
529 482
529 492
530 465
530 997
534 337
534 347
539 312
539 322
539 1002
544 292
544 302
549 257
549 267
549 277
549 1005
554 237
554 247
559 217
559 227
559 1005
559 1015
564 182
564 192
564 202
564 1024
564 1034
564 1044
564 1054
564 1064
564 1074
564 1084
564 1094
564 1104
564 1114
564 1124
566 1134
569 162
569 172
574 107
574 117
574 127
574 137
574 147
574 1140
579 72
579 82
579 92
583 1145
584 52
584 62
592 44
593 1145
600 50
600 60
600 70
600 80
600 90
602 100
602 1139
605 110
605 120
605 130
605 140
605 150
610 159
610 169
610 1010
610 1020
610 1030
610 1040
610 1050
610 1060
610 1070
610 1080
610 1090
610 1100
610 1110
610 1120
610 1130
615 178
615 188
615 198
620 207
620 217
620 227
620 1010
625 236
625 246
628 256
630 266
630 276
630 286
630 485
630 495
630 1010
633 296
635 306
635 316
635 326
635 336
635 346
635 504
635 514
640 355
640 485
640 523
640 533
640 1010
642 365
645 375
645 542
645 552
645 562
645 572
648 478
650 384
650 394
650 404
650 414
650 581
650 591
650 1010
655 423
655 433
655 443
655 453
655 463
655 600
655 610
657 620
659 1005
660 630
662 640
665 650
667 660
669 1005
670 670
675 679
675 689
675 699
675 800
675 810
678 1000
680 708
680 718
680 819
685 727
685 800
685 828
685 838
688 1000
689 737
690 847
693 793
694 746
694 857
695 756
695 867
695 877
697 995
698 766
700 776
700 886
700 896
705 905
705 915
706 990
710 924
710 934
710 944
715 985
718 950
723 978
725 958
725 968
