74 1332
74 1342
80 1350
84 1322
86 1358
92 1314
94 1365
102 1309
103 1370
112 1309
113 1370
121 1304
122 1375
131 1300
132 1375
139 1294
142 1375
148 1289
152 1375
158 1289
162 1375
167 1284
171 1370
174 937
174 947
177 1279
179 927
179 956
181 1370
184 965
186 1274
189 922
190 1365
193 970
195 1269
197 914
199 1360
202 975
204 1262
207 914
208 1365
212 979
212 1254
216 909
218 1365
222 980
222 1249
226 909
228 1363
232 980
232 1249
236 909
237 1239
238 1360
242 980
245 904
246 1234
247 1355
252 980
254 899
255 1229
256 1350
261 975
264 897
265 1226
266 1353
271 975
274 894
275 1224
276 1355
281 975
283 889
284 1217
286 1355
291 975
293 889
294 1212
296 1355
300 881
301 975
304 1209
306 1355
310 876
310 1201
311 975
316 1355
318 1194
320 874
321 975
326 1355
327 1189
329 869
331 975
335 1350
337 1189
339 869
341 975
342 1179
345 861
345 1350
351 975
351 1174
354 1345
355 856
360 970
360 1169
363 849
363 1340
369 1162
370 970
372 844
373 1340
377 1154
380 970
382 844
383 1340
387 834
387 1149
390 972
392 1345
396 829
396 1144
400 975
402 1345
404 1137
405 824
410 975
411 1340
414 1132
415 821
420 975
421 1340
422 1124
425 819
430 975
430 1335
432 1124
434 812
437 1114
438 1328
440 975
444 807
447 1109
448 1325
450 975
454 804
456 1104
458 1325
460 975
461 1095
463 799
466 1085
468 1325
470 975
472 794
476 1080
477 784
478 1325
479 522
479 532
479 542
480 975
484 1074
486 779
488 1325
489 512
489 545
489 555
489 565
490 975
494 574
494 1067
495 774
497 504
498 1325
500 975
502 580
504 767
504 1062
507 499
508 1323
510 587
510 975
512 759
512 1054
517 499
518 1320
520 590
520 975
522 754
522 1049
526 494
528 1320
529 595
530 975
532 754
532 1049
536 490
537 744
537 1039
538 1320
539 595
540 975
542 1029
546 489
546 739
547 1325
549 595
550 975
552 1024
554 482
554 732
557 1325
559 595
560 975
561 1019
564 477
564 727
567 1324
569 595
569 1012
570 975
572 719
574 474
577 1320
579 595
579 1007
580 466
580 711
580 975
586 1315
587 999
588 459
588 704
589 595
590 975
595 696
596 1315
597 454
597 999
599 595
600 686
600 975
602 989
606 449
606 1315
609 595
610 681
610 975
611 440
612 985
616 1315
618 674
619 434
619 595
620 975
626 1315
627 669
628 429
629 595
635 1310
637 669
638 429
639 595
642 659
644 417
645 1310
647 649
649 595
654 412
654 1305
655 641
659 595
660 631
662 404
664 1305
669 595
669 622
672 404
674 1305
677 394
677 614
679 595
683 1300
687 389
687 609
689 595
693 1300
696 384
697 609
699 595
703 1300
705 379
713 1300
714 372
719 362
723 1300
729 357
733 1300
737 349
742 1295
745 341
750 331
752 1295
760 326
762 1295
768 319
772 1295
778 319
782 309
782 1295
790 301
792 1295
795 291
802 1295
804 277
809 267
809 1317
809 1327
809 1337
809 1347
812 1295
819 242
819 252
819 262
819 1303
819 1313
819 1350
819 1360
819 1370
822 1380
824 227
824 1412
824 1422
824 1432
827 1389
830 1440
834 197
834 207
834 217
834 1397
834 1407
836 1448
839 177
839 187
839 1458
839 1468
839 1478
839 1488
847 1495
849 152
849 162
849 172
852 1504
854 92
854 102
854 112
854 122
854 132
854 142
854 1514
854 1524
854 1534
854 1544
854 1572
854 1582
854 1592
854 1602
854 1612
854 1622
854 1632
854 1642
854 1652
854 1662
854 1672
854 1682
854 1692
854 1702
854 1712
854 1722
854 1732
854 1742
854 1752
854 1762
854 1772
854 1782
854 1792
854 1802
854 1812
854 1822
860 1830
862 1550
864 82
864 1560
866 1838
872 74
874 1845
882 69
883 1850
892 69
893 1850
901 64
902 1855
911 64
912 1855
920 69
922 1855
930 69
932 1855
939 74
942 1855
947 80
952 89
952 1855
960 95
960 105
962 115
962 1855
967 124
972 1855
975 130
980 139
980 149
982 1855
990 152
990 162
992 1859
995 171
1001 1864
1004 176
1009 1870
1010 184
1019 1870
1020 187
1028 194
1028 1875
1035 202
1038 1875
1040 211
1048 1873
1049 216
1053 226
1058 1870
1063 230
1067 1864
1068 239
1077 1859
1078 240
1082 1849
1085 248
1092 1844
1095 252
1099 262
1100 1685
1100 1695
1100 1770
1100 1780
1100 1830
1105 1704
1107 269
1108 1786
1110 1535
1110 1545
1110 1675
1110 1713
1110 1723
1110 1733
1110 1743
1110 1753
1110 1763
1110 1796
1110 1806
1110 1816
1110 1826
1112 1555
1115 1245
1115 1255
1115 1265
1115 1275
1115 1285
1115 1295
1115 1305
1115 1315
1115 1325
1115 1335
1115 1345
1115 1355
1115 1365
1115 1375
1115 1385
1115 1395
1115 1405
1115 1415
1115 1425
1115 1435
1115 1445
1115 1455
1115 1465
1115 1475
1115 1485
1115 1495
1115 1505
1115 1515
1115 1525
1115 1565
1115 1575
1115 1585
1115 1595
1115 1605
1115 1615
1115 1625
1115 1635
1115 1645
1115 1655
1115 1665
1116 274
1125 279
1125 1245
1130 288
1135 1245
1140 292
1144 302
1145 1245
1152 309
1155 319
1155 1247
1164 324
1165 1250
1172 330
1175 595
1175 1250
1177 339
1180 604
1185 345
1185 595
1185 1250
1190 607
1195 349
1195 595
1195 1250
1199 612
1203 355
1205 595
1205 620
1205 1250
1212 360
1214 1255
1215 590
1215 624
1217 369
1224 629
1224 1255
1225 590
1226 374
1230 384
1232 635
1234 1255
1235 393
1235 590
1242 639
1244 1255
1245 394
1245 592
1245 850
1250 859
1251 644
1254 399
1254 1255
1255 595
1255 850
1259 864
1261 644
1262 405
1264 855
1264 1255
1265 595
1268 869
1270 649
1272 409
1274 855
1274 1255
1275 419
1275 595
1277 874
1278 655
1283 664
1283 1260
1284 855
1285 419
1285 595
1286 879
1290 672
1293 425
1293 860
1293 1260
1295 595
1295 884
1298 679
1302 430
1303 860
1303 1260
1305 595
1305 887
1307 684
1310 437
1312 865
1313 894
1313 1260
1315 595
1316 689
1317 445
1322 865
1322 899
1323 1260
1325 452
1325 595
1325 694
1332 865
1332 899
1333 1260
1335 454
1335 595
1335 694
1341 904
1342 865
1343 1260
1344 459
1344 699
1345 595
1350 909
1352 465
1352 705
1352 865
1353 1260
1355 595
1357 474
1357 714
1359 914
1362 865
1363 1260
1365 595
1366 479
1366 719
1368 919
1371 870
1373 1260
1375 484
1375 595
1375 724
1378 920
1381 873
1383 1260
1385 487
1385 595
1385 727
1388 924
1391 875
1393 1260
1394 732
1395 489
1395 595
1397 929
1400 740
1401 875
1403 1260
1404 494
1405 595
1406 934
1408 746
1410 944
1411 875
1412 500
1413 1260
1415 595
1415 754
1420 944
1421 878
1422 504
1423 1260
1425 595
1425 754
1428 950
1431 509
1431 880
1433 1260
1434 759
1435 595
1437 955
1440 514
1441 880
1442 765
1443 1260
1445 595
1447 774
1447 959
1449 519
1451 883
1453 1260
1455 590
1456 779
1456 964
1458 524
1461 885
1463 1260
1465 590
1466 779
1466 964
1468 525
1471 885
1473 583
1473 1260
1474 971
1475 533
1475 784
1481 885
1483 578
1483 976
1483 1260
1485 537
1485 784
1488 568
1489 547
1490 557
1491 885
1493 979
1493 1260
1494 789
1501 885
1502 795
1502 984
1503 1260
1510 880
1512 799
1512 984
1513 1260
1519 992
1520 875
1521 804
1523 1260
1529 996
1530 870
1531 804
1532 1255
1533 1006
1535 860
1540 809
1542 1254
1543 1009
1545 855
1548 815
1550 845
1552 1250
1553 824
1553 1009
1560 832
1560 842
1562 1250
1563 1009
1572 1249
1573 1010
1582 1245
1583 1014
1592 1019
1592 1245
1601 1024
1602 1245
1605 1034
1610 1043
1611 1250
1620 1044
1621 1250
1630 1044
1631 1250
1640 1047
1641 1250
1650 1049
1651 1250
1660 1049
1661 1250
1669 1054
1671 1250
1679 1056
1681 1250
1689 1059
1691 1250
1697 1065
1701 1250
1707 1069
1711 1250
1716 1074
1721 1250
1726 1074
1731 1250
1735 1079
1741 1250
1744 1084
1751 1250
1754 1086
1760 1094
1760 1245
1770 1097
1770 1245
1778 1104
1780 1245
1788 1105
1790 1245
1798 1109
1800 1240
1807 1114
1810 1240
1817 1114
1820 1240
1826 1119
1830 1240
1835 1124
1840 1240
1845 1127
1850 1240
1853 1134
1860 1240
1863 1134
1869 1235
1873 1135
1879 1232
1883 1139
1889 1227
1892 1144
1897 1220
1901 1149
1905 1159
1905 1180
1905 1210
1907 1190
1910 1168
1910 1200
