210 1421
210 1431
214 1441
215 1411
219 1450
223 1404
225 1458
233 1399
235 1461
243 1394
245 1465
250 1386
255 1465
258 1380
265 1465
267 1375
275 1026
275 1036
275 1460
276 1370
279 1046
280 1016
284 1055
284 1363
285 1455
288 1009
290 1063
294 1358
294 1450
298 1004
299 1348
300 1066
303 1455
306 1340
308 1000
310 1070
313 1453
315 1331
318 999
320 1070
323 1324
323 1448
325 991
330 1070
330 1440
333 1319
335 986
339 1065
339 1445
343 1314
345 981
349 1065
349 1445
350 1306
355 976
358 1300
359 1065
359 1445
363 969
365 1291
369 1065
369 1445
373 964
373 1284
379 1065
379 1445
383 960
383 1279
388 1269
388 1440
389 1065
390 951
395 1261
397 1434
398 944
399 1062
405 936
405 1251
407 1430
409 1060
413 1244
415 926
417 1434
419 1060
420 1236
423 919
427 1435
428 1065
430 1226
433 914
436 1430
438 1065
438 1219
443 909
445 1425
448 1065
448 1214
450 901
453 1204
453 1418
458 895
458 1065
460 1196
463 1415
465 1186
467 890
468 1065
470 1176
473 1415
475 876
478 1065
478 1169
480 611
480 621
480 631
483 869
483 1415
485 601
485 640
485 650
488 660
488 1065
488 1164
493 594
493 669
493 864
493 1154
493 1415
498 854
498 1065
500 677
500 1146
502 1410
503 589
505 846
508 1065
508 1140
510 681
512 1410
513 584
515 836
515 1131
518 1065
520 685
520 1121
522 1414
523 579
523 829
528 1065
528 1114
530 571
530 685
530 821
532 1415
538 565
538 814
538 1065
538 1109
540 685
541 1410
543 1099
545 556
545 801
548 1065
550 685
550 1091
550 1405
553 549
553 794
558 784
558 1065
560 541
560 685
560 1081
560 1405
563 774
565 531
568 1065
568 1075
570 685
570 766
570 1405
573 524
577 1070
578 760
580 685
580 1405
583 519
585 751
589 1400
590 506
590 685
590 741
595 731
598 499
598 1395
600 685
600 721
605 711
608 494
608 1395
610 685
613 484
613 704
617 1390
620 476
620 685
623 699
627 1390
628 470
630 686
635 461
637 1390
640 451
647 1390
648 444
655 431
656 1385
660 421
666 1385
668 414
676 1385
678 409
683 399
686 1385
688 389
693 379
695 366
696 1385
700 356
700 1406
700 1416
700 1426
700 1436
705 331
705 341
705 1390
705 1445
705 1455
705 1465
710 316
710 1474
710 1501
710 1511
710 1521
714 1531
715 286
715 296
715 306
715 1483
719 1540
720 266
720 276
720 1550
720 1560
720 1570
720 1580
725 241
725 251
725 1589
730 181
730 191
730 201
730 211
730 221
730 231
730 1598
730 1608
730 1618
730 1628
730 1638
730 1661
730 1671
730 1681
730 1691
730 1701
730 1711
730 1721
730 1731
730 1741
730 1751
730 1761
730 1771
730 1781
730 1791
730 1801
730 1811
730 1821
730 1831
730 1841
730 1851
730 1861
730 1871
730 1881
730 1891
730 1901
730 1911
734 1921
735 171
735 1647
739 1930
743 164
745 1938
753 159
755 1941
763 155
765 1945
773 155
775 1945
782 160
785 1945
789 168
795 176
795 1945
800 185
800 195
801 205
805 1945
806 214
810 224
815 233
815 1945
819 243
820 253
824 1950
825 262
830 271
830 1958
839 276
840 1961
845 284
850 293
850 1965
855 302
860 311
860 1960
866 319
870 329
870 1955
878 1948
880 333
883 1938
888 340
890 1930
891 350
895 1775
895 1785
895 1860
895 1870
895 1920
896 359
896 1795
900 1625
900 1635
900 1765
900 1805
900 1815
900 1825
900 1835
900 1845
900 1879
900 1889
900 1899
900 1909
901 1645
905 364
905 1335
905 1345
905 1355
905 1365
905 1375
905 1385
905 1395
905 1405
905 1415
905 1425
905 1435
905 1445
905 1455
905 1465
905 1475
905 1485
905 1495
905 1505
905 1515
905 1525
905 1535
905 1545
905 1555
905 1565
905 1575
905 1585
905 1595
905 1605
905 1615
905 1655
905 1665
905 1675
905 1685
905 1695
905 1705
905 1715
905 1725
905 1735
905 1745
905 1755
913 370
915 1335
916 380
921 389
925 399
925 1335
930 408
934 1340
938 415
944 423
944 1340
945 685
946 695
949 432
954 1340
955 440
955 685
956 699
963 446
964 706
964 1340
965 685
969 715
970 454
973 1345
974 680
975 463
978 720
980 472
983 1345
984 680
984 728
985 481
990 940
993 685
993 1345
994 486
994 731
995 949
1000 494
1003 685
1003 736
1003 955
1003 1345
1005 945
1008 500
1009 963
1010 744
1011 510
1013 685
1013 1349
1015 753
1015 945
1017 970
1020 762
1021 514
1023 685
1023 1350
1024 950
1026 770
1026 975
1029 521
1033 685
1033 955
1033 1350
1034 776
1034 981
1035 529
1040 538
1040 989
1043 685
1043 781
1043 955
1043 1350
1048 545
1050 993
1053 685
1053 785
1053 955
1053 1350
1057 550
1059 793
1059 998
1063 685
1063 955
1063 1350
1064 558
1065 801
1067 1005
1069 567
1071 809
1073 685
1073 959
1073 1350
1076 575
1076 1010
1079 815
1082 964
1083 685
1083 1350
1085 1015
1086 579
1088 820
1092 965
1093 685
1093 1021
1093 1350
1094 828
1095 584
1099 837
1100 1029
1102 965
1103 590
1103 685
1103 1350
1106 845
1108 1035
1111 970
1112 595
1113 685
1113 1350
1114 1043
1116 849
1119 603
1121 970
1122 1050
1123 685
1123 1350
1124 856
1127 610
1128 866
1130 975
1131 1055
1132 680
1133 1350
1136 615
1138 870
1140 975
1141 675
1141 1059
1143 1350
1144 621
1147 875
1149 667
1149 1066
1150 629
1150 975
1153 1350
1154 657
1155 638
1156 880
1158 1071
1160 975
1163 1350
1164 886
1168 1075
1169 970
1173 891
1173 1350
1174 1083
1177 964
1180 1091
1182 1345
1183 895
1185 950
1186 1099
1189 903
1191 1340
1193 943
1195 911
1196 1100
1198 933
1200 920
1201 1340
1206 1100
1210 1335
1215 1105
1220 1335
1223 1111
1230 1119
1230 1336
1235 1128
1240 1340
1243 1135
1250 1340
1253 1135
1260 1340
1262 1140
1270 1340
1271 1145
1280 1340
1281 1149
1290 1154
1290 1340
1298 1160
1300 1340
1307 1165
1310 1340
1316 1170
1320 1340
1325 1175
1330 1335
1333 1181
1340 1189
1340 1335
1348 1195
1350 1335
1357 1200
1360 1330
1366 1205
1370 1330
1376 1209
1380 1330
1384 1215
1390 1330
1393 1220
1400 1330
1402 1225
1409 1325
1411 1230
1417 1319
1421 1234
1425 1310
1429 1241
1430 1270
1430 1300
1431 1280
1433 1251
1435 1261
1435 1290
