1084 862
1084 872
1084 882
1084 892
1092 854
1092 899
1099 957
1099 967
1099 977
1099 987
1099 997
1100 905
1101 849
1104 947
1104 1006
1109 1015
1110 905
1111 849
1112 939
1118 1020
1120 905
1121 849
1122 934
1128 1020
1130 844
1130 905
1132 934
1138 1020
1140 844
1140 905
1142 929
1148 1020
1149 839
1150 907
1152 929
1154 917
1158 1020
1159 839
1168 834
1168 1020
1178 834
1178 1020
1188 834
1188 1020
1197 829
1198 1018
1207 829
1208 1013
1215 1005
1217 829
1224 1000
1227 824
1234 1000
1237 824
1244 1000
1247 819
1254 1000
1257 819
1263 1005
1267 814
1272 1010
1277 814
1281 1015
1287 814
1291 1015
1296 809
1301 1015
1306 805
1311 1015
1316 804
1321 1015
1324 797
1329 787
1330 1020
1337 779
1340 1020
1342 769
1347 759
1350 1020
1355 751
1360 1020
1365 749
1370 1020
1374 754
1380 1020
1384 754
1390 1020
1394 754
1400 1015
1404 754
1410 1010
1414 754
1419 1005
1424 754
1429 1005
1434 754
1438 1000
1444 754
1448 1000
1454 754
1458 998
1464 752
1468 993
1474 756
1478 990
1480 764
1480 774
1480 784
1480 794
1488 990
1489 799
1495 807
1498 990
1500 816
1506 824
1508 990
1514 831
1518 990
1519 1000
1520 839
1522 1010
1525 848
1527 1019
1530 857
1536 1024
1540 859
1546 1025
1550 859
1555 1020
1560 859
1565 1020
1568 865
1573 1013
1575 873
1580 882
1580 892
1580 955
1580 965
1580 975
1580 985
1580 995
1580 1005
1584 902
1590 955
1594 906
1598 916
1600 955
1608 920
1610 950
1615 928
1618 943
