1104 862
1104 872
1104 882
1104 892
1112 854
1112 899
1119 942
1119 952
1119 962
1119 972
1120 846
1120 905
1124 981
1124 991
1127 934
1128 839
1129 1000
1130 905
1135 1008
1136 929
1137 834
1140 905
1140 1017
1146 929
1147 834
1147 1025
1150 905
1156 929
1157 834
1157 1029
1160 905
1166 929
1167 834
1167 1030
1170 905
1176 829
1176 929
1177 1029
1179 910
1186 829
1187 1024
1196 829
1197 1020
1206 829
1207 1020
1216 829
1217 1019
1226 829
1227 1015
1236 829
1237 1014
1245 824
1247 1009
1255 824
1255 1000
1265 824
1265 1000
1274 819
1275 1000
1284 819
1285 1000
1294 819
1295 1000
1304 819
1305 1000
1314 819
1315 1002
1324 819
1324 1007
1334 819
1334 1010
1343 1015
1344 819
1352 1020
1353 814
1354 802
1359 792
1362 1020
1367 784
1369 757
1369 767
1372 1020
1374 747
1382 739
1382 1020
1391 734
1391 1025
1400 1020
1401 734
1410 1020
1411 734
1420 1015
1421 734
1430 1010
1431 734
1435 1000
1441 734
1443 993
1451 734
1453 990
1460 739
1462 995
1470 739
1472 999
1480 739
1482 1000
1490 739
1491 995
1500 739
1500 985
1508 745
1509 980
1515 753
1515 763
1515 773
1515 783
1515 793
1519 980
1520 802
1527 810
1529 980
1530 820
1539 980
1539 990
1539 1000
1540 824
1545 1008
1548 830
1553 1015
1555 838
1560 847
1563 1015
1567 855
1573 1015
1577 859
1583 1015
1587 859
1592 1010
1597 859
1601 1005
1605 960
1605 970
1605 995
1607 859
1607 980
1615 960
1617 859
1625 960
1626 864
1633 953
1634 871
1635 881
1635 891
1640 940
1641 899
1645 930
1649 906
1650 916
