1014 872
1019 862
1019 881
1019 891
1024 900
1029 857
1029 962
1029 972
1033 905
1034 981
1039 847
1039 957
1039 990
1042 910
1044 999
1047 839
1049 954
1050 1007
1052 910
1056 834
1057 1015
1059 954
1062 910
1066 834
1066 1020
1068 949
1072 910
1076 834
1076 1020
1078 949
1082 910
1086 834
1086 1020
1088 949
1092 910
1096 834
1096 1023
1097 944
1099 918
1099 928
1106 834
1106 1025
1116 834
1116 1025
1126 834
1126 1025
1136 834
1136 1025
1145 1020
1146 834
1153 1013
1156 834
1160 1005
1165 995
1166 834
1174 990
1176 834
1184 990
1186 834
1194 990
1196 834
1204 990
1206 834
1214 990
1216 834
1224 990
1226 834
1234 990
1236 834
1244 817
1244 827
1244 990
1249 802
1254 792
1254 990
1259 782
1264 990
1267 774
1274 990
1277 769
1280 998
1285 761
1288 1005
1295 759
1295 1013
1305 759
1305 1017
1315 759
1315 1020
1325 759
1325 1015
1335 759
1335 1015
1345 759
1345 1010
1355 759
1355 1000
1364 995
1365 759
1374 995
1375 759
1384 995
1385 759
1393 765
1394 995
1400 773
1400 783
1400 793
1400 803
1404 995
1408 810
1414 995
1415 818
1423 824
1424 995
1432 829
1434 995
1435 839
1440 848
1443 1000
1447 1010
1448 854
1457 859
1457 1014
1464 1022
1466 864
1474 871
1474 1025
1480 879
1483 1020
1485 888
1490 897
1492 1014
1495 906
1495 916
1495 926
1497 1004
1501 934
1502 994
1505 960
1505 970
1505 980
1509 941
1510 951
