934 892
934 902
934 912
939 882
939 921
949 877
949 925
954 867
954 967
954 977
954 987
954 997
954 1007
954 1017
958 920
959 957
959 1026
962 859
966 1034
967 849
968 920
969 952
976 1035
977 844
978 918
979 947
986 1035
987 844
988 915
989 944
996 1038
997 839
998 915
998 939
1006 1040
1007 839
1008 915
1008 939
1016 1040
1017 839
1017 934
1018 915
1026 1040
1027 839
1036 1040
1037 839
1045 1035
1047 839
1050 1025
1055 1015
1057 839
1065 1015
1067 839
1075 1015
1077 839
1085 1015
1087 839
1095 1015
1097 834
1105 1015
1107 834
1115 1015
1117 834
1125 1015
1127 834
1131 1023
1137 834
1139 797
1139 807
1139 817
1139 1030
1147 789
1148 1035
1156 784
1158 1035
1166 784
1168 1035
1176 780
1178 1035
1186 779
1188 1035
1196 779
1198 1033
1206 779
1208 1028
1216 779
1218 1025
1226 779
1227 1020
1236 779
1236 1015
1244 1007
1246 779
1252 999
1256 779
1260 990
1266 779
1270 990
1276 779
1280 990
1284 786
1289 995
1290 794
1290 804
1290 814
1290 824
1295 833
1295 1003
1300 1012
1303 840
1309 1017
1310 848
1315 857
1315 867
1315 877
1319 1020
1325 879
1328 1025
1335 882
1338 1023
1344 887
1348 1020
1349 896
1350 906
1350 916
1350 926
1357 1014
1360 929
1365 980
1365 990
1365 1000
1370 929
1375 980
1380 932
1383 973
1387 940
1390 950
1390 960
