949 872
949 882
949 892
954 901
957 864
959 910
965 856
968 915
973 849
974 972
974 982
974 992
974 1002
974 1012
977 920
979 962
979 1021
982 844
986 1029
987 920
989 957
992 839
996 1025
997 920
999 954
1002 839
1006 1025
1007 920
1008 949
1012 839
1016 1025
1017 920
1018 949
1022 839
1024 928
1024 938
1026 1028
1032 839
1036 1030
1042 839
1046 1030
1052 839
1055 1025
1062 839
1065 1025
1072 839
1075 1020
1082 839
1083 1013
1089 1005
1092 839
1099 1005
1102 839
1109 1005
1112 839
1119 1005
1122 839
1129 1005
1132 839
1139 1005
1141 834
1149 1005
1151 834
1159 1005
1161 830
1166 820
1168 1010
1169 792
1169 802
1174 782
1175 1018
1183 1025
1184 777
1192 1030
1194 772
1202 1030
1204 769
1212 1030
1214 769
1222 1030
1224 769
1232 1030
1233 764
1242 1029
1243 764
1252 1024
1253 764
1260 1015
1263 764
1268 1008
1273 764
1278 1005
1283 764
1287 1000
1293 764
1297 1000
1303 764
1307 1000
1312 769
1317 1000
1319 777
1320 787
1320 797
1320 807
1320 817
1320 827
1327 1000
1329 832
1334 841
1337 1000
1340 849
1345 1007
1349 1017
1350 852
1354 862
1354 1026
1362 869
1364 1030
1365 879
1374 884
1374 1032
1382 890
1384 1027
1390 897
1390 907
1394 1022
1398 914
1402 1014
1407 1004
1408 914
1410 980
1410 990
1418 915
1420 975
1425 923
1428 968
1430 932
1430 942
1430 952
