119 342
119 352
119 362
119 517
119 527
119 537
124 332
124 371
124 381
124 391
124 401
124 411
124 421
124 431
124 441
124 451
124 461
124 471
124 481
124 491
124 501
124 546
129 555
132 324
135 563
141 319
143 570
151 319
152 575
161 319
162 575
171 319
171 580
180 314
180 575
190 317
190 575
200 319
200 575
210 319
210 575
219 580
220 319
229 577
230 319
239 575
240 319
249 324
249 575
259 322
259 575
269 319
269 575
279 321
279 575
289 324
289 575
299 324
299 575
308 329
308 580
318 329
318 580
327 324
328 580
337 324
337 585
347 319
347 589
356 324
357 590
366 324
367 590
375 329
377 590
385 329
387 590
395 329
396 595
405 332
406 595
415 334
416 595
425 334
426 595
435 334
436 595
445 334
446 595
455 334
456 595
465 334
466 595
475 334
475 600
485 334
485 602
495 334
495 600
505 334
505 600
514 595
515 334
524 595
525 334
533 600
535 334
543 600
545 334
552 605
555 334
562 605
565 334
571 610
575 334
580 605
585 334
590 605
595 334
600 605
605 334
610 605
615 334
620 605
625 334
629 610
635 331
639 610
645 329
649 610
655 329
659 610
665 329
669 610
675 329
679 610
685 329
689 610
695 329
699 610
704 324
709 610
714 326
719 610
724 329
729 610
734 329
739 610
743 324
749 610
753 324
759 610
763 324
769 610
772 329
779 610
782 329
788 615
792 329
797 620
801 324
807 620
811 324
817 620
821 324
827 620
831 324
837 620
841 324
847 620
851 324
857 619
861 324
867 614
871 324
877 609
880 319
887 605
890 319
897 605
900 319
907 605
910 319
917 605
920 319
927 605
930 319
937 604
940 319
947 600
949 314
957 600
959 314
966 595
969 314
976 595
979 314
986 595
989 314
996 595
999 312
1006 595
1009 309
1016 595
1019 309
1026 595
1029 309
1036 595
1039 309
1045 590
1048 304
1055 590
1058 304
1065 590
1068 304
1075 590
1077 299
1085 590
1087 299
1095 590
1097 294
1105 590
1107 294
1115 590
1117 294
1125 590
1127 289
1135 590
1137 289
1145 590
1147 289
1155 590
1156 284
1165 590
1166 284
1175 279
1175 592
1182 600
1185 279
1190 607
1195 279
1197 615
1204 274
1206 620
1213 269
1214 626
1221 634
1222 264
1229 640
1231 259
1235 648
1240 254
1243 655
1249 249
1252 660
1259 247
1260 667
1269 242
1269 672
1279 237
1279 675
1288 680
1289 232
1297 224
1297 685
1306 690
1307 219
1315 211
1315 695
1323 204
1325 697
1332 199
1334 702
1342 199
1344 705
1351 194
1354 705
1361 194
1363 710
1371 190
1372 715
1381 189
1381 720
1389 726
1391 189
1399 730
1401 189
1408 735
1411 189
1418 735
1421 189
1428 735
1431 189
1438 733
1441 189
1445 725
1451 189
1455 715
1460 194
1464 710
1470 194
1473 705
1480 194
1482 700
1489 199
1491 695
1498 204
1501 695
1508 205
1510 690
1518 209
1520 685
1527 214
1530 685
1536 219
1539 680
1545 224
1547 674
1555 227
1557 669
1564 232
1567 664
1574 236
1575 655
1580 244
1583 648
1588 250
1593 643
1595 258
1600 635
1605 262
1608 628
1614 267
1618 623
1624 269
1625 615
1630 605
1634 271
1638 598
1644 274
1644 590
1652 584
1654 274
1662 579
1664 274
1672 575
1674 274
1682 575
1684 274
1691 570
1694 276
1701 570
1704 279
1711 570
1713 274
1720 575
1722 279
1730 575
1732 279
1740 575
1741 284
1749 570
1751 284
1759 570
1760 279
1769 570
1770 279
1779 284
1779 570
1788 565
1789 284
1798 565
1799 284
1808 565
1809 284
1818 565
1819 284
1828 565
1829 286
1838 565
1839 284
1848 565
1849 284
1857 560
1858 279
1867 284
1867 560
1877 284
1877 560
1887 284
1887 560
1897 284
1897 559
1907 284
1907 555
1916 289
1917 555
1926 289
1927 555
1936 285
1937 555
1946 284
1947 555
1956 284
1956 550
1966 284
1966 550
1976 284
1976 550
1986 284
1986 550
1996 284
1996 550
2006 284
2006 550
2015 545
2016 284
2025 545
2026 280
2035 545
2036 279
2045 284
2045 545
2055 284
2055 545
2064 279
2065 545
2074 279
2075 545
2084 279
2085 545
2094 279
2095 545
2104 279
2105 545
2114 279
2115 545
2124 279
2125 545
2134 279
2134 540
2144 279
2144 537
2154 279
2154 535
2163 274
2164 535
2173 274
2173 540
2182 279
2183 540
2192 279
2193 540
2202 279
2203 538
2212 279
2213 535
2219 287
2223 533
2225 295
2225 305
2225 315
2225 325
2225 335
2225 345
2225 355
2225 365
2225 375
2225 385
2225 395
2225 405
2227 415
2230 425
2230 435
2230 445
2230 455
2233 528
2235 464
2235 474
2235 484
2238 518
2240 493
2240 503
