69 457
69 467
74 337
74 347
74 357
74 367
74 377
74 387
74 397
74 407
74 417
74 427
74 437
74 447
74 476
82 329
84 480
90 321
93 485
100 319
103 485
110 319
113 485
120 319
122 490
130 322
132 490
140 324
142 490
149 319
152 490
159 319
162 490
169 319
172 490
178 324
182 494
188 324
192 495
198 324
202 495
208 324
212 495
218 324
222 495
228 324
232 495
238 324
242 495
247 329
252 499
257 329
262 500
267 329
272 500
277 329
282 500
287 329
292 500
297 329
301 495
307 329
311 495
317 329
321 498
327 329
331 500
336 324
340 505
345 319
350 505
355 319
360 505
365 319
370 507
375 316
380 510
385 314
390 510
395 314
400 510
405 314
410 510
415 314
420 510
425 314
430 510
434 319
440 510
444 319
450 510
454 319
460 510
464 319
470 510
474 319
480 505
484 319
490 505
494 321
499 500
500 329
509 500
510 329
519 500
520 329
529 500
530 329
539 500
540 329
549 334
549 500
558 505
559 334
568 505
569 334
578 505
579 334
588 505
589 334
597 510
599 334
607 510
609 334
617 510
619 336
627 510
629 339
637 510
639 339
647 514
649 339
657 515
659 341
667 515
669 344
677 515
679 344
687 515
689 344
697 515
699 344
707 519
709 344
717 520
719 344
727 520
729 344
737 520
739 344
747 520
749 344
757 520
759 344
767 520
769 344
777 520
779 346
787 520
789 349
797 520
799 349
807 520
809 349
817 520
819 349
827 520
829 349
837 520
839 349
847 520
849 349
856 525
859 349
866 525
869 349
876 525
879 349
886 525
889 349
896 525
899 349
906 525
909 349
916 528
919 349
926 530
929 349
936 530
939 349
946 530
949 349
956 530
959 349
966 530
968 344
975 525
978 344
985 527
988 345
995 530
998 349
1005 530
1008 349
1015 530
1018 349
1025 530
1027 344
1034 535
1037 344
1044 535
1046 339
1054 535
1056 339
1064 535
1066 339
1074 535
1076 339
1084 535
1086 339
1093 540
1095 334
1102 545
1104 329
1111 550
1114 329
1120 555
1124 327
1130 555
1134 324
1140 555
1144 324
1150 557
1153 319
1160 560
1163 319
1170 560
1172 324
1179 565
1182 324
1189 565
1192 324
1199 565
1201 319
1209 565
1211 319
1219 565
1221 319
1229 565
1230 314
1238 570
1239 307
1244 297
1245 578
1252 289
1253 585
1260 281
1260 593
1268 274
1270 597
1277 269
1279 602
1287 269
1289 605
1296 264
1298 610
1306 264
1307 615
1315 259
1317 615
1325 259
1327 619
1335 256
1336 624
1345 254
1346 625
1355 254
1355 620
1365 254
1365 620
1374 259
1374 615
1384 261
1384 615
1393 610
1394 264
1403 608
1404 266
1413 271
1413 605
1422 600
1423 274
1431 595
1432 279
1439 587
1441 284
1449 291
1449 582
1455 299
1457 574
1460 308
1462 565
1468 315
1471 560
1477 320
1481 560
1487 324
1491 560
1497 324
1501 560
1506 329
1510 555
1516 325
1520 555
1526 324
1529 550
1535 329
1539 550
1545 329
1549 550
1555 329
1559 547
1564 334
1569 545
1574 334
1579 545
1584 334
1589 542
1593 339
1599 537
1603 339
1609 535
1613 340
1619 535
1623 344
1629 532
1632 339
1639 527
1642 339
1649 525
1652 339
1659 525
1662 339
1669 525
1671 344
1678 520
1681 344
1687 525
1691 344
1697 525
1701 344
1707 525
1711 344
1717 525
1721 344
1727 524
1730 349
1737 520
1740 349
1747 520
1750 349
1757 520
1760 349
1767 520
1770 346
1777 520
1780 344
1787 520
1790 344
1797 520
1800 344
1807 520
1810 344
1817 520
1820 344
1827 519
1829 349
1837 515
1839 347
1847 515
1849 344
1857 515
1859 344
1867 515
1869 344
1877 515
1879 344
1887 515
1889 344
1897 515
1899 344
1906 510
1909 344
1916 510
1918 339
1926 510
1928 339
1936 510
1938 339
1946 510
1948 339
1956 510
1958 339
1966 510
1968 339
1976 510
1978 340
1985 505
1988 344
1995 505
1998 344
2005 505
2008 344
2015 505
2017 339
2025 505
2027 339
2034 510
2036 334
2044 510
2046 334
2054 510
2056 334
2063 505
2066 334
2073 505
2076 334
2083 505
2085 329
2093 505
2095 329
2103 505
2105 329
2113 505
2115 329
2123 505
2124 324
2133 505
2134 324
2143 505
2144 324
2153 503
2154 324
2163 329
2163 500
2173 329
2173 500
2182 334
2183 498
2190 340
2193 493
2195 349
2195 359
2195 369
2195 379
2198 483
2200 388
2200 398
2200 408
2200 418
2200 428
2200 438
2200 448
2200 458
2200 468
