219 397
224 357
224 367
224 377
224 387
224 406
224 416
224 426
224 436
229 337
229 347
229 445
229 455
229 465
232 475
234 327
234 485
239 287
239 297
239 307
239 317
240 493
244 277
248 500
254 274
258 500
264 274
268 500
274 274
278 500
284 274
288 500
294 272
298 500
304 269
308 500
313 264
318 500
323 264
327 505
333 264
337 505
342 259
347 505
352 259
357 505
361 264
366 500
371 264
376 500
381 264
386 500
390 269
396 500
400 269
406 500
410 269
416 500
420 269
426 500
430 269
436 500
440 272
446 500
450 274
456 500
460 274
466 500
470 274
476 500
480 271
486 500
490 269
495 505
499 264
505 505
509 264
515 505
519 264
524 500
529 264
534 500
539 264
544 500
548 269
554 500
558 269
564 500
568 269
574 500
578 269
583 505
588 269
593 505
598 269
603 505
608 269
613 505
617 264
623 503
627 264
633 500
637 264
643 500
646 269
653 500
656 269
663 500
666 269
672 505
676 269
682 505
686 265
692 505
696 264
702 505
706 264
712 505
715 269
722 505
725 269
732 505
734 264
742 505
744 264
752 505
753 259
762 505
763 259
772 505
773 259
782 505
783 259
792 505
793 259
801 500
803 259
811 500
812 264
820 505
822 264
830 500
832 264
840 500
841 269
850 500
851 269
860 264
860 500
870 264
870 500
879 505
880 264
885 513
890 264
893 520
900 267
900 528
905 537
909 272
909 547
917 554
919 274
924 562
929 274
932 569
936 579
939 274
946 583
948 269
950 593
954 257
958 600
962 249
967 605
971 244
975 612
981 240
982 620
986 230
991 625
994 224
1000 630
1003 219
1010 630
1012 214
1020 630
1021 209
1029 202
1030 630
1039 199
1040 632
1048 194
1050 635
1058 194
1059 640
1067 189
1069 640
1077 184
1079 640
1087 184
1089 640
1096 179
1099 640
1106 175
1109 640
1116 174
1119 640
1126 174
1129 640
1136 170
1139 640
1146 169
1149 640
1154 162
1159 640
1162 154
1169 640
1170 146
1179 640
1180 144
1189 640
1190 144
1198 645
1200 147
1208 645
1209 152
1214 161
1218 645
1220 169
1228 643
1230 169
1238 638
1239 174
1248 633
1249 176
1258 630
1259 179
1267 185
1268 628
1277 189
1278 625
1286 194
1287 620
1296 194
1296 615
1305 610
1306 194
1315 605
1316 194
1325 199
1325 605
1333 205
1334 600
1340 213
1342 594
1348 219
1350 585
1358 219
1359 580
1367 224
1369 577
1374 232
1377 569
1382 239
1385 560
1391 244
1394 555
1395 254
1402 549
1403 260
1410 268
1412 545
1418 274
1421 540
1427 279
1431 543
1436 284
1441 545
1445 289
1451 545
1455 289
1461 545
1465 289
1471 545
1475 289
1481 545
1485 289
1490 540
1495 292
1500 540
1505 294
1510 540
1515 294
1520 540
1525 294
1530 542
1535 291
1540 545
1545 289
1550 545
1555 289
1560 545
1565 289
1570 545
1575 289
1579 540
1585 289
1589 540
1594 294
1598 545
1604 294
1608 543
1614 294
1618 540
1624 294
1628 540
1634 294
1638 540
1643 289
1647 545
1653 289
1657 545
1663 289
1667 545
1673 289
1677 545
1683 289
1687 545
1693 289
1697 545
1703 289
1707 544
1712 294
1717 540
1722 294
1727 540
1731 289
1736 545
1741 289
1746 545
1751 289
1756 545
1761 289
1766 545
1770 294
1775 540
1780 294
1785 540
1790 294
1794 545
1800 294
1804 545
1810 294
1813 540
1820 294
1823 540
1830 294
1833 540
1839 289
1842 545
1849 291
1852 545
1859 294
1862 545
1869 294
1872 545
1879 294
1882 545
1889 294
1892 545
1899 294
1902 545
1909 294
1912 545
1919 294
1922 545
1929 294
1932 545
1938 289
1942 549
1948 289
1952 549
1958 289
1962 545
1968 290
1972 545
1978 294
1982 545
1988 294
1992 545
1998 294
2002 545
2008 294
2012 549
2018 294
2022 550
2027 289
2032 550
2037 289
2042 550
2047 289
2052 549
2056 294
2062 545
2066 294
2072 545
2076 294
2082 545
2086 294
2092 545
2095 299
2102 549
2105 299
2112 550
2115 299
2122 550
2124 294
2132 549
2134 294
2142 545
2143 289
2152 545
2153 289
2162 545
2163 290
2172 549
2173 294
2182 550
2183 294
2192 289
2192 550
2202 289
2202 550
2212 289
2212 554
2222 289
2222 555
2232 289
2232 555
2241 550
2242 289
2251 294
2251 550
2261 294
2261 550
2271 294
2271 550
2281 294
2281 550
2291 294
2291 550
2300 299
2300 545
2308 538
2310 302
2310 335
2310 345
2310 355
2310 365
2310 470
2310 480
2310 490
2310 500
2312 375
2312 510
2313 528
2314 312
2315 322
2315 385
2315 395
2315 405
2315 415
2315 425
2315 435
2315 445
2315 455
