354 597
354 607
354 617
359 462
359 472
359 482
359 492
359 582
359 626
364 452
364 501
364 572
366 634
374 442
374 505
374 557
374 567
374 640
374 650
374 660
377 515
379 427
379 525
379 535
379 545
380 668
384 417
388 675
392 409
398 675
402 404
408 675
412 404
417 680
421 399
427 680
431 399
437 680
441 399
447 680
451 399
457 680
461 399
467 680
471 399
477 680
481 399
487 680
491 399
497 680
501 399
507 680
511 399
517 684
521 399
527 685
531 399
537 685
541 399
547 685
551 399
557 685
561 399
567 685
571 399
577 685
581 399
587 685
591 399
597 685
600 404
607 685
610 404
617 685
620 404
627 685
630 404
637 685
640 404
647 685
649 409
657 685
659 409
667 685
669 409
677 685
679 407
687 685
689 402
697 685
699 399
707 685
709 399
717 685
719 401
727 685
729 404
737 685
739 404
747 685
749 404
757 685
759 404
767 685
769 404
777 685
779 404
787 684
789 404
797 680
799 404
807 680
809 404
817 680
819 404
826 675
829 404
836 675
839 406
846 675
849 409
855 680
859 407
865 680
869 404
875 680
879 404
885 680
889 404
894 685
899 402
904 685
909 399
914 685
919 399
924 685
929 399
934 685
939 399
943 690
948 394
950 698
958 394
959 703
964 382
964 712
972 374
972 719
980 725
981 369
989 362
989 730
995 738
997 354
1003 745
1006 349
1012 750
1015 344
1022 754
1024 337
1030 760
1034 334
1040 762
1043 329
1047 770
1052 324
1057 774
1061 319
1067 775
1071 319
1076 780
1080 314
1086 780
1090 311
1095 785
1100 309
1105 785
1109 304
1115 787
1119 304
1125 790
1129 302
1135 790
1139 299
1144 795
1149 299
1153 800
1159 299
1162 805
1169 299
1171 810
1179 297
1180 815
1189 294
1190 815
1199 294
1199 810
1207 804
1209 296
1217 800
1219 299
1226 795
1229 299
1235 790
1239 299
1245 790
1249 299
1255 790
1258 304
1265 790
1268 304
1274 785
1278 304
1284 782
1287 309
1294 780
1297 309
1304 777
1306 314
1314 775
1316 314
1323 770
1325 319
1332 765
1334 324
1342 764
1344 324
1352 330
1352 759
1360 750
1362 334
1370 750
1371 339
1378 743
1379 346
1385 735
1388 351
1394 730
1398 355
1402 724
1405 363
1410 715
1413 370
1415 705
1418 379
1425 700
1427 384
1434 392
1434 695
1442 399
1443 690
1451 404
1453 690
1460 409
1463 690
1470 409
1473 690
1480 409
1483 690
1490 409
1493 690
1500 409
1503 690
1509 414
1512 685
1519 414
1522 684
1529 416
1532 680
1539 419
1542 680
1549 419
1552 680
1558 414
1562 684
1568 414
1572 685
1578 414
1582 685
1588 414
1592 685
1598 414
1602 685
1608 414
1612 689
1617 409
1622 690
1627 409
1632 690
1637 409
1642 690
1647 409
1652 690
1657 409
1662 690
1667 409
1672 690
1677 409
1682 690
1687 409
1692 690
1697 409
1702 690
1707 409
1711 695
1717 409
1721 695
1727 409
1731 695
1737 409
1741 695
1747 409
1751 695
1757 409
1761 695
1766 414
1771 695
1776 414
1781 695
1786 414
1791 695
1796 414
1801 695
1806 414
1811 695
1816 414
1821 695
1826 418
1831 695
1836 419
1841 695
1846 419
1851 695
1856 415
1861 695
1866 414
1871 695
1876 414
1881 695
1886 410
1891 695
1896 409
1901 695
1906 409
1911 695
1916 409
1921 695
1926 409
1931 695
1936 409
1941 695
1946 409
1950 690
1956 409
1960 690
1965 414
1970 690
1975 414
1980 690
1985 414
1990 685
1995 417
2000 680
2003 424
2010 670
2012 429
2015 439
2015 449
2015 515
2015 525
2015 535
2015 545
2015 555
2015 565
2015 655
2017 575
2020 458
2020 505
2020 630
2020 640
2022 584
2025 467
2025 485
2025 495
2025 594
2025 615
2034 472
2035 482
2035 597
2035 607
