219 422
219 432
227 439
229 257
229 417
234 266
234 407
237 440
239 252
239 377
239 387
239 397
241 274
244 332
244 342
244 352
244 362
246 283
247 444
249 251
249 293
249 303
249 313
249 323
257 445
259 254
267 445
269 254
277 445
279 254
287 445
289 252
297 445
299 249
307 445
309 249
317 445
319 249
327 445
329 249
337 445
339 249
347 445
349 251
357 445
359 254
366 450
369 254
376 450
379 254
386 450
389 254
396 450
399 254
406 450
409 254
416 450
419 254
426 450
428 259
436 450
438 259
446 450
448 259
456 450
458 259
465 455
468 259
475 455
478 259
485 455
488 259
495 455
498 259
505 455
508 259
515 455
518 259
525 455
528 259
535 455
538 259
545 455
548 259
555 455
558 259
565 455
568 259
575 455
578 259
585 455
588 259
594 460
598 259
604 460
608 259
614 460
618 259
624 460
628 259
634 460
638 259
644 460
648 259
654 460
658 259
664 460
668 259
674 460
678 259
684 460
688 259
694 460
698 259
704 460
708 259
713 465
718 259
723 465
728 259
733 465
738 259
743 465
748 259
753 465
758 259
763 465
768 259
773 465
778 259
783 465
788 259
793 465
798 259
803 465
807 254
813 465
817 254
823 465
827 254
833 465
837 254
843 465
847 254
853 465
857 249
863 465
867 249
873 465
877 249
883 465
887 249
893 465
897 249
903 465
907 249
913 465
917 249
923 465
927 249
933 465
937 249
943 465
946 244
953 465
956 244
963 465
966 244
972 470
976 244
982 470
986 244
992 470
996 244
1002 470
1006 244
1012 470
1016 240
1022 470
1026 239
1032 470
1036 239
1042 470
1046 239
1052 470
1056 239
1062 470
1066 239
1072 470
1076 235
1082 470
1086 234
1092 470
1095 229
1101 475
1105 229
1111 475
1114 224
1121 475
1124 224
1131 475
1134 224
1141 478
1143 219
1150 483
1152 214
1158 490
1160 206
1167 495
1168 199
1175 191
1175 502
1182 510
1185 186
1191 515
1193 179
1199 521
1202 174
1209 525
1211 169
1218 530
1220 164
1227 535
1229 159
1237 539
1239 157
1247 540
1249 154
1257 544
1259 154
1267 545
1268 149
1276 550
1278 149
1284 556
1288 149
1294 560
1298 149
1303 565
1308 149
1312 560
1318 149
1321 555
1328 150
1330 550
1338 154
1339 545
1348 155
1349 542
1358 159
1359 540
1367 164
1367 534
1377 164
1377 529
1384 172
1387 524
1394 176
1397 519
1403 181
1407 514
1413 185
1415 505
1420 193
1424 500
1428 199
1432 494
1437 204
1440 485
1444 212
1448 478
1454 216
1458 473
1464 219
1468 470
1474 219
1478 470
1483 224
1488 470
1493 224
1497 465
1503 224
1507 464
1513 225
1517 460
1523 229
1527 460
1533 229
1537 460
1543 229
1547 460
1553 229
1556 455
1563 229
1566 455
1573 229
1576 455
1583 229
1586 455
1593 229
1596 455
1602 234
1605 450
1612 234
1615 450
1622 234
1625 450
1632 234
1635 450
1642 234
1645 450
1652 234
1655 450
1662 234
1665 450
1672 234
1675 450
1682 234
1685 450
1691 239
1695 450
1701 239
1705 450
1711 239
1715 450
1721 239
1725 450
1731 239
1735 450
1741 239
1745 450
1751 239
1755 450
1761 239
1765 450
1770 244
1775 450
1780 244
1785 450
1790 244
1795 450
1800 244
1805 450
1810 244
1815 450
1820 244
1825 450
1830 244
1835 450
1840 244
1845 450
1850 244
1855 450
1860 244
1865 450
1869 249
1875 450
1879 249
1885 450
1889 249
1895 450
1899 249
1905 450
1909 249
1915 450
1919 251
1925 450
1929 254
1935 450
1939 254
1945 450
1949 254
1955 450
1959 254
1965 450
1969 254
1975 450
1979 254
1985 450
1989 254
1995 450
1999 254
2005 450
2009 254
2015 450
2019 254
2025 450
2029 254
2035 450
2039 254
2045 450
2049 254
2055 450
2059 254
2065 450
2069 254
2075 450
2079 254
2085 450
2089 254
2095 450
2099 254
2105 450
2109 254
2115 450
2118 259
2125 450
2128 259
2135 450
2138 259
2145 450
2148 259
2155 450
2158 259
2165 450
2168 259
2175 450
2178 259
2185 450
2188 259
2195 450
2198 259
2204 445
2208 259
2214 445
2217 254
2223 450
2227 254
2233 450
2237 254
2243 450
2247 254
2253 450
2257 254
2263 450
2267 254
2273 450
2277 254
2282 445
2287 254
2292 445
2296 249
2302 445
2306 249
2312 445
2316 249
2322 445
2326 249
2332 445
2336 249
2342 445
2346 249
2352 445
2356 249
2362 445
2366 249
2372 444
2376 249
2382 440
2385 254
2390 280
2390 290
2390 300
2392 310
2392 440
2393 260
2395 270
2395 320
2395 330
2395 340
2395 350
2395 360
2400 369
2400 379
2400 389
2400 399
2402 439
2405 408
2410 417
2410 427
