69 320
69 330
69 340
69 357
70 367
72 308
72 377
75 293
76 387
81 283
81 396
84 406
86 274
86 416
89 426
91 264
94 435
98 255
99 444
105 247
105 452
109 462
113 239
114 471
120 479
121 231
125 488
129 224
130 497
137 218
137 505
145 511
146 212
153 517
154 206
159 525
163 201
166 533
173 198
174 539
182 545
183 194
190 551
193 192
197 559
203 189
205 566
213 187
213 572
222 577
223 186
230 583
233 185
238 590
243 185
246 596
253 185
254 602
263 184
263 607
271 614
273 186
278 622
283 188
287 627
293 188
295 633
303 191
303 639
313 195
313 642
323 197
323 646
331 653
333 198
341 657
343 201
351 658
352 206
360 663
362 209
368 669
372 212
378 673
382 216
388 676
392 219
398 677
402 223
408 679
411 228
417 684
421 232
427 686
430 237
437 688
439 242
447 249
447 691
455 255
457 693
464 260
467 695
473 265
477 696
481 271
487 698
489 277
497 284
497 700
505 290
507 700
513 296
517 700
520 304
526 312
527 701
534 319
537 702
542 325
547 702
550 331
557 702
558 337
565 345
567 702
573 352
577 704
579 360
585 368
587 705
591 376
596 385
597 707
603 393
607 710
608 402
614 410
617 713
618 420
622 430
627 439
627 717
631 449
637 457
637 720
641 467
645 477
647 722
649 487
652 497
656 507
656 727
660 517
664 527
665 732
667 537
670 547
674 557
675 736
676 567
679 577
684 741
685 585
692 593
694 744
698 601
703 749
704 609
710 617
712 754
716 625
722 758
723 633
731 640
732 762
737 648
740 769
744 656
746 777
752 662
754 784
760 669
762 790
768 676
772 794
776 683
780 800
784 690
788 806
792 696
798 805
800 703
803 815
808 709
813 817
816 715
823 821
824 721
825 831
833 726
833 838
839 846
841 732
847 852
849 738
855 858
859 742
863 864
867 748
872 859
875 754
882 862
883 760
888 870
891 766
895 878
898 888
899 772
907 778
907 893
915 785
917 894
923 791
927 897
932 796
933 905
940 802
941 911
947 810
951 914
956 815
961 918
965 820
969 924
973 826
974 933
980 941
981 832
987 949
989 838
994 957
997 844
1002 964
1006 849
1011 969
1014 855
1016 978
1022 861
1024 984
1030 867
1033 989
1038 873
1041 995
1046 879
1050 1000
1054 885
1057 1008
1063 890
1065 1014
1071 896
1074 1019
1079 902
1083 1024
1087 908
1091 1030
1095 914
1100 1035
1103 920
1108 1042
1111 926
1114 1050
1120 931
1123 1055
1128 937
1131 1061
1136 944
1140 1066
1144 950
1150 1070
1152 956
1160 963
1160 1070
1168 969
1168 1076
1172 1086
1178 972
1178 1094
1186 978
1186 1101
1194 984
1194 1107
1202 991
1204 1110
1210 997
1212 1116
1218 1003
1220 1122
1226 1009
1230 1126
1235 1014
1236 1134
1243 1020
1246 1137
1251 1027
1254 1144
1259 1034
1262 1151
1268 1039
1268 1159
1276 1045
1276 1165
1283 1173
1284 1051
1292 1057
1292 1178
1301 1062
1302 1180
1309 1068
1310 1187
1317 1074
1318 1193
1325 1080
1326 1199
1333 1086
1334 1205
1341 1092
1344 1207
1350 1097
1354 1211
1358 1103
1362 1218
1366 1110
1369 1226
1374 1117
1378 1231
1382 1123
1386 1237
1390 1129
1394 1243
1398 1135
1402 1249
1406 1142
1409 1257
1413 1267
1414 1148
1422 1272
1423 1153
1431 1159
1432 1275
1440 1164
1441 1280
1448 1170
1448 1288
1454 1296
1456 1176
1462 1302
1464 1182
1471 1307
1472 1189
1480 1195
1481 1309
1488 1201
1491 1312
1497 1206
1497 1320
1505 1212
1506 1325
1513 1218
1514 1331
1519 1340
1521 1224
1528 1345
1529 1231
1536 1352
1537 1237
1541 1361
1546 1242
1549 1367
1554 1248
1559 1370
1561 1256
1569 1262
1569 1373
1578 1267
1578 1378
1585 1386
1586 1273
1591 1394
1594 1279
1597 1402
1602 1285
1606 1407
1610 1291
1616 1411
1618 1297
1623 1419
1626 1303
1631 1425
1634 1310
1641 1427
1643 1315
1651 1321
1651 1429
1659 1327
1660 1434
1666 1442
1667 1333
1672 1450
1675 1339
1680 1456
1683 1345
1689 1461
1692 1350
1699 1465
1700 1356
1708 1470
1709 1361
1716 1476
1717 1367
1724 1483
1725 1373
1732 1381
1732 1489
1742 1385
1742 1491
1750 1392
1752 1492
1758 1398
1762 1493
1766 1404
1772 1494
1774 1410
1782 1417
1782 1489
1789 1425
1790 1483
1796 1433
1798 1475
1799 1443
1803 1453
1804 1465
