46 196
47 206
48 183
48 216
48 226
50 236
52 172
53 246
58 162
59 254
65 154
65 262
73 147
73 268
81 274
82 141
91 278
92 137
101 281
102 132
111 284
112 128
121 286
122 125
131 288
132 123
141 289
142 122
151 291
152 120
161 292
162 119
171 293
172 118
181 293
182 118
191 293
192 117
201 292
202 118
211 292
212 118
221 291
222 119
231 289
232 119
241 288
242 119
251 286
252 120
261 283
262 121
271 280
272 123
281 276
282 125
291 272
292 128
300 267
302 132
309 262
311 137
317 254
319 143
325 246
326 151
332 238
334 158
340 230
341 166
348 224
349 172
358 222
359 175
368 222
369 175
378 223
379 175
388 225
389 175
398 227
399 175
408 228
409 175
418 229
419 174
428 230
429 173
438 232
439 173
448 234
449 173
458 235
459 171
468 237
469 171
478 238
479 170
488 239
489 169
498 240
499 168
508 242
509 167
518 243
519 166
528 244
529 165
538 245
539 164
548 246
549 162
558 248
559 161
568 249
569 160
578 249
579 159
588 250
589 158
598 251
599 157
608 251
609 156
618 252
619 155
628 252
629 153
638 252
639 153
648 253
649 152
658 253
659 152
668 253
669 151
678 253
679 150
688 253
689 149
698 252
699 149
708 252
709 148
718 251
719 148
728 251
729 148
738 251
739 148
748 250
749 147
758 249
759 147
768 248
769 147
778 247
779 148
788 247
789 148
798 245
799 149
808 245
809 149
818 244
819 149
828 243
829 149
838 242
839 149
848 241
849 149
858 240
859 150
868 239
869 150
878 238
879 151
888 237
889 151
898 237
899 152
908 237
909 153
918 236
919 153
928 234
929 154
938 233
939 154
948 232
949 154
958 227
959 156
968 161
968 223
978 159
978 226
988 158
988 228
998 160
998 226
1006 219
1008 163
1012 211
1013 172
1014 182
1014 197
