270 254
270 264
270 274
271 284
272 294
273 240
274 304
276 230
276 314
279 324
280 334
281 220
284 344
287 211
288 354
291 364
293 203
296 373
300 383
301 195
306 391
309 189
311 400
316 409
318 183
321 418
327 426
328 179
333 434
338 176
339 442
345 450
348 174
353 457
358 173
359 465
365 473
368 172
372 481
378 172
380 488
385 497
388 172
393 504
398 174
401 510
408 175
408 518
416 524
418 178
423 532
428 181
431 538
437 546
438 185
446 551
448 187
454 557
458 191
463 562
468 195
471 568
477 200
479 574
487 204
487 580
495 586
497 208
503 592
506 213
513 596
515 218
521 602
523 224
529 608
532 229
539 612
541 234
548 617
549 240
556 623
558 245
566 251
566 627
575 256
575 632
583 263
585 635
591 269
595 639
599 275
604 644
607 281
614 648
615 287
623 294
623 653
631 301
633 657
639 308
643 658
647 315
653 662
655 322
661 330
663 666
669 336
672 671
676 344
682 352
682 675
690 359
692 678
697 367
702 681
704 375
710 383
712 684
717 391
721 689
723 399
729 407
731 692
735 415
741 423
741 696
748 431
751 700
753 440
759 448
761 704
765 456
770 465
771 708
775 474
781 482
781 712
786 491
790 717
791 500
796 509
799 722
801 518
806 527
809 725
811 536
816 545
818 730
821 554
826 563
827 735
831 572
836 581
836 740
842 589
846 744
847 598
853 606
854 750
859 614
863 755
864 623
870 631
871 761
876 639
879 768
883 647
888 773
889 655
896 663
897 778
903 671
904 786
911 678
912 792
918 686
918 800
926 693
926 806
933 701
933 814
941 707
942 819
949 714
949 827
957 721
958 832
965 728
966 838
973 734
973 846
981 741
981 852
989 748
989 858
997 755
997 864
1005 762
1005 871
1012 770
1013 877
1020 776
1021 884
1028 782
1029 891
1036 789
1038 896
1044 796
1044 904
1052 803
1052 910
1060 810
1060 917
1068 816
1068 923
1076 823
1076 930
1083 831
1084 936
1090 944
1091 837
1098 950
1099 843
1106 956
1107 850
1113 964
1115 857
1122 969
1123 863
1130 975
1131 870
1138 878
1138 981
1146 884
1146 988
1154 890
1154 994
1162 896
1162 1000
1170 903
1170 1007
1176 1015
1178 910
1184 1021
1186 917
1192 1028
1194 923
1200 1034
1202 930
1208 1041
1210 937
1216 1047
1218 944
1223 1055
1226 950
1231 1061
1233 958
1239 1067
1241 964
1247 1073
1249 971
1255 1079
1257 978
1263 1085
1265 984
1271 1092
1273 991
1279 1099
1281 997
1286 1107
1289 1004
1294 1113
1297 1011
1302 1119
1305 1017
1311 1124
1313 1024
1318 1132
1320 1032
1326 1138
1328 1038
1334 1144
1336 1044
1342 1150
1344 1051
1350 1157
1352 1057
1358 1163
1359 1065
1366 1169
1367 1071
1374 1176
1375 1078
1382 1183
1383 1084
1391 1091
1392 1187
1399 1098
1402 1190
1407 1104
1412 1188
1415 1110
1422 1118
1422 1187
1430 1124
1430 1181
1437 1132
1438 1173
1443 1140
1444 1163
1445 1150
