168 447
168 457
168 467
168 477
170 435
170 487
172 497
173 422
177 411
177 506
181 400
183 514
185 388
190 376
191 521
194 366
198 356
200 526
203 344
206 332
209 318
210 174
210 184
210 194
210 204
210 214
210 224
210 308
210 530
211 92
211 102
211 112
211 122
211 132
211 142
211 152
211 162
211 234
211 244
212 254
212 264
212 274
212 284
212 294
213 79
217 69
220 532
224 61
230 533
232 55
240 531
242 52
248 275
248 298
248 308
249 285
250 237
250 247
250 257
250 318
250 529
251 57
251 179
251 189
251 212
251 222
252 150
252 160
252 199
252 328
253 130
253 140
255 118
255 338
256 99
258 65
258 81
258 348
260 526
262 358
265 368
269 521
270 377
275 386
277 512
278 396
281 406
283 416
283 503
287 426
288 491
289 436
291 446
291 475
292 456
