41 95
46 104
47 87
56 107
57 83
66 109
67 83
76 110
77 86
86 113
87 90
96 95
96 116
105 100
106 120
115 104
116 124
124 109
126 127
132 116
135 132
142 120
145 136
151 125
155 140
161 129
164 145
170 153
171 133
179 158
180 138
189 161
190 141
199 165
200 145
208 170
209 150
218 174
219 153
227 179
229 156
237 183
239 159
246 188
249 161
255 193
259 164
263 199
269 165
272 204
279 166
280 210
289 167
289 215
297 221
299 166
306 226
309 167
314 232
319 167
324 236
329 168
333 241
339 169
343 245
349 170
353 246
359 171
362 241
369 173
371 236
379 175
381 237
389 178
391 238
399 182
401 238
408 187
411 237
417 192
421 235
425 198
431 230
432 206
437 215
