126 873
128 883
131 864
134 891
137 856
142 898
145 848
150 904
155 844
159 909
165 843
169 911
175 840
179 911
185 839
189 911
195 839
199 911
205 838
209 911
215 837
219 910
225 836
229 908
235 835
239 907
245 834
249 907
255 833
259 906
265 833
269 906
275 832
279 905
285 830
289 904
295 830
299 903
305 829
309 901
315 828
319 900
325 827
329 899
335 826
339 899
345 826
349 898
355 824
359 897
365 824
369 896
375 823
379 895
385 822
389 894
395 821
399 894
405 820
409 893
415 820
419 892
425 819
429 891
435 818
439 891
445 817
449 891
455 817
459 890
465 816
469 888
475 815
479 887
485 814
489 886
495 814
499 885
505 813
509 884
515 812
519 883
525 812
529 882
535 811
539 882
545 810
549 882
555 810
559 881
565 809
569 880
575 808
579 879
585 807
589 879
595 807
599 878
605 806
609 877
615 805
619 876
625 805
629 875
635 805
639 874
645 803
649 874
655 803
659 874
665 802
669 874
675 802
679 874
685 801
689 873
695 800
699 872
705 800
709 872
715 799
719 872
725 798
729 871
735 798
739 870
745 798
749 869
755 797
759 868
765 796
769 868
775 796
779 868
785 795
789 867
795 794
799 867
805 794
809 866
815 794
819 865
825 794
829 865
835 793
839 865
845 792
849 864
855 792
859 864
865 791
869 864
875 791
879 864
885 791
889 863
895 791
899 862
905 790
909 862
915 790
919 862
925 790
929 861
935 789
939 861
945 789
949 861
955 788
959 861
965 788
969 861
975 788
979 860
985 788
989 860
995 787
999 859
1005 787
1009 859
1015 786
1019 859
1025 786
1029 858
1035 786
1039 859
1045 786
1049 858
1055 785
1059 858
1065 786
1069 858
1075 786
1079 857
1085 785
1089 857
1095 784
1099 857
1105 784
1109 857
1115 784
1119 857
1125 783
1129 857
1135 783
1139 856
1145 783
1149 856
1155 782
1159 855
1165 782
1169 855
1175 782
1179 854
1185 782
1189 854
1195 782
1199 855
1205 782
1209 855
1215 781
1219 855
1225 780
1229 856
1235 778
1239 858
1245 774
1249 861
1255 771
1259 863
1264 766
1268 868
1273 761
1278 872
1282 756
1287 877
1290 750
1295 883
1298 744
1303 889
1306 738
1311 895
1315 733
1319 901
1323 727
1328 906
1332 722
1337 911
1341 717
1346 916
1351 712
1354 922
1361 707
1364 926
1371 702
1373 931
1381 698
1382 936
1391 694
1392 940
1401 689
1402 944
1411 685
1411 949
1421 681
1421 952
1431 678
1431 956
1441 675
1441 959
1451 672
1451 962
1461 670
1461 965
1471 668
1471 967
1481 665
1481 970
1491 664
1491 972
1501 663
1501 974
1511 661
1511 976
1521 660
1521 977
1531 660
1531 979
1541 659
1541 980
1551 658
1551 980
1561 658
1561 981
1571 658
1571 981
1581 658
1581 981
1591 659
1591 979
1601 660
1601 979
1611 660
1611 978
1621 662
1621 977
1631 663
1631 976
1641 665
1641 974
1651 667
1651 970
1661 669
1661 969
1671 672
1671 967
1681 676
1681 962
1691 679
1691 958
1700 684
1701 954
1709 689
1709 948
1718 943
1719 692
1726 936
1728 697
1736 703
1736 931
1744 709
1744 925
1752 715
1752 917
1758 723
1762 912
1764 731
1770 739
1770 905
1775 748
1777 897
1780 757
1782 888
1784 767
1788 878
1789 776
1791 786
1791 868
1794 796
1794 806
1794 829
1794 858
1796 816
1796 839
