231 192
233 174
233 210
234 220
235 164
239 153
239 186
239 229
239 240
240 250
244 142
245 259
246 269
249 133
253 286
254 123
254 275
256 296
259 306
261 114
264 315
268 325
271 110
276 332
279 102
281 341
286 350
289 98
291 359
296 368
298 93
306 368
308 89
310 378
318 87
319 383
324 392
328 85
331 400
334 410
338 83
341 418
348 82
349 425
357 432
358 82
367 436
368 82
372 445
378 82
380 451
388 85
388 457
396 463
398 87
406 467
408 90
413 475
418 93
421 481
427 98
430 486
437 99
438 492
445 105
448 496
455 109
456 502
464 114
465 507
474 117
475 509
482 124
484 514
491 129
493 519
500 134
502 524
508 140
512 528
518 144
522 532
525 152
531 537
533 159
541 165
541 540
549 171
551 543
556 179
560 548
564 185
570 550
572 191
578 199
580 554
585 207
590 558
591 215
599 221
600 560
605 229
608 566
611 237
617 245
618 569
623 253
627 574
628 262
634 270
637 578
640 278
645 287
647 581
648 297
654 305
657 585
658 315
664 323
665 591
666 333
670 343
674 353
674 596
680 361
684 371
684 599
687 381
689 391
693 604
696 399
698 409
702 419
703 608
707 428
710 438
711 614
714 448
717 458
719 621
722 467
723 477
725 629
728 486
734 494
735 504
735 632
738 514
741 640
744 522
750 530
751 639
755 539
755 549
757 650
762 659
765 553
770 665
772 561
778 569
779 671
785 679
786 576
791 585
793 686
799 591
803 687
805 599
810 695
811 607
818 701
820 612
821 711
826 620
826 720
833 628
835 725
840 734
841 634
849 640
849 739
855 648
859 741
863 654
865 752
870 662
871 760
878 668
878 768
886 674
886 775
892 682
894 782
900 688
904 785
906 795
907 696
913 704
915 800
921 710
923 807
928 718
928 816
936 724
938 819
942 732
945 827
950 738
953 834
955 747
959 842
963 753
967 848
971 759
972 857
980 764
980 863
985 872
987 772
993 878
994 780
1001 885
1002 787
1008 795
1010 890
1016 801
1018 897
1023 809
1023 906
1029 817
1029 914
1036 922
1038 822
1046 829
1046 925
1052 837
1054 931
1060 844
1062 938
1066 852
1071 943
1074 858
1077 951
1084 862
1084 959
1089 871
1093 964
1097 877
1098 973
1103 885
1106 979
1111 891
1111 988
1117 899
1119 994
1125 905
1127 1001
1132 913
1136 1006
1138 921
1144 1012
1147 926
1150 1020
1155 932
1160 1020
1162 940
1162 1030
1166 1040
1170 946
1176 1039
1177 954
1182 963
1182 1047
1190 970
1190 1053
1199 975
1199 1058
1205 983
1205 1066
1213 989
1214 1071
1220 1079
1221 995
1228 1003
1228 1085
1233 1094
1236 1009
1237 1019
1239 1102
1245 1112
1247 1020
1251 1120
1254 1028
1260 1125
1262 1034
1266 1133
1270 1041
1274 1139
1278 1048
1282 1145
1286 1055
1291 1150
1292 1063
1299 1156
1300 1070
1304 1165
1307 1078
1312 1087
1313 1170
1317 1180
1322 1090
1324 1188
1329 1098
1332 1194
1337 1104
1341 1199
1344 1112
1347 1207
1352 1118
1353 1215
1358 1126
1363 1219
1366 1133
1369 1227
1373 1141
1375 1235
1382 1146
1382 1243
1388 1154
1392 1245
1396 1160
1398 1253
1404 1166
1408 1254
1410 1174
1416 1260
1419 1179
1422 1268
1425 1187
1430 1275
1433 1193
1438 1282
1441 1200
1445 1290
1448 1208
1451 1298
1456 1214
1456 1307
1462 1222
1464 1313
1471 1227
1472 1320
1478 1235
1478 1331
1486 1242
1488 1333
1492 1250
1496 1339
1500 1257
1506 1343
1508 1264
1515 1272
1516 1343
1525 1276
1526 1341
1529 1286
1532 1333
1535 1294
1538 1306
1539 1316
1540 1326
