193 1226
195 1216
197 1236
202 1208
207 1238
210 1248
210 1258
211 1268
211 1278
212 1205
213 1288
220 1199
223 1290
229 1193
231 1284
238 1188
240 1279
246 1182
249 1274
254 1176
258 1268
263 1171
268 1264
271 1165
276 1258
280 1160
286 1254
289 1154
295 1249
298 1148
303 1242
307 1142
312 1237
316 1136
320 1231
324 1129
329 1226
333 1123
337 1219
342 1118
346 1214
351 1113
354 1207
359 1105
363 1202
369 1100
371 1196
378 1094
380 1191
386 1088
388 1185
394 1082
397 1178
403 1077
407 1173
412 1071
415 1167
420 1065
423 1161
429 1059
432 1156
439 1055
440 1149
447 1047
449 1143
455 1041
458 1138
465 1038
466 1131
471 1030
475 1126
479 1024
484 1121
488 1018
492 1115
497 1013
501 1108
505 1006
510 1103
515 1004
518 1097
523 998
526 1091
532 992
535 1085
542 987
544 1079
548 979
552 1073
558 978
561 1067
566 971
569 1061
575 965
578 1056
583 958
587 1050
593 958
596 1044
602 953
604 1038
611 946
612 1032
621 941
621 1026
629 935
630 1021
638 928
638 1015
646 920
646 1009
654 910
654 1003
660 902
664 998
670 897
672 992
680 896
680 985
688 979
690 892
696 973
697 884
705 877
706 968
713 870
714 961
723 865
723 956
731 950
732 860
739 852
739 944
747 938
748 846
756 933
758 846
764 927
768 841
772 921
777 836
782 916
785 829
790 909
795 825
799 903
804 820
807 896
812 812
816 891
820 805
825 886
828 799
834 880
838 794
842 874
846 788
850 868
854 782
859 863
863 777
867 857
872 771
875 851
881 765
884 846
889 757
892 840
898 752
900 834
907 745
908 828
915 739
917 823
924 734
925 817
932 727
934 811
941 722
942 805
951 718
951 800
957 709
959 794
967 707
968 789
973 698
977 783
982 693
985 777
992 689
995 772
1001 678
1003 766
1009 672
1011 760
1019 670
1020 755
1026 661
1028 749
1034 655
1036 742
1044 655
1046 740
1052 648
1056 735
1059 634
1064 728
1069 632
1074 723
1078 627
1083 718
1088 622
1092 713
1093 610
1100 706
1101 603
1104 592
1108 581
1110 702
1114 570
1117 560
1120 700
1122 550
1127 540
1128 693
1131 529
1136 519
1138 693
1143 511
1148 499
1148 691
1152 489
1158 479
1158 692
1163 469
1168 691
1169 458
1175 449
1178 691
1181 440
1187 431
1188 691
1193 423
1198 690
1199 415
1206 407
1208 690
1213 399
1218 690
1221 392
1227 384
1228 690
1235 378
1238 689
1243 371
1248 690
1252 366
1258 689
1261 360
1268 687
1269 354
1277 348
1278 688
1285 342
1288 686
1295 337
1298 685
1305 332
1308 683
1315 328
1318 680
1325 325
1328 679
1335 322
1338 677
1345 319
1348 673
1355 318
1358 671
1365 316
1368 667
1375 315
1378 663
1385 315
1387 658
1395 316
1397 653
1405 316
1406 648
1414 642
1415 318
1422 636
1425 321
1429 627
1435 325
1437 620
1445 329
1445 612
1452 604
1454 334
1459 595
1462 340
1464 583
1469 573
1470 346
1472 563
1475 552
1478 353
1478 539
1482 529
1485 361
1488 519
1492 369
1494 509
1498 377
1499 499
1503 386
1504 487
1508 395
1508 475
1511 463
1512 405
1513 452
1514 415
1514 425
1515 435
