116 749
116 759
118 769
119 738
126 730
126 775
136 728
136 779
146 728
146 781
156 728
156 782
166 729
166 783
176 729
176 783
186 729
186 781
196 729
196 780
206 729
206 781
216 730
216 783
226 730
226 786
236 731
236 788
246 732
246 788
256 732
256 787
266 733
266 787
276 733
276 789
286 734
286 792
296 734
296 791
306 736
306 792
316 734
316 795
326 736
326 795
336 735
336 795
346 735
346 795
356 735
356 795
366 735
366 796
376 735
376 797
386 735
386 797
396 736
396 798
406 735
406 797
416 736
416 797
426 736
426 798
436 737
436 796
446 737
446 796
456 737
456 796
466 737
466 797
476 737
476 797
486 737
486 797
496 737
496 797
506 737
506 797
516 737
516 797
526 737
526 797
536 737
536 797
546 737
546 798
556 737
556 797
566 737
566 797
576 737
576 797
586 737
586 797
596 736
596 797
606 737
606 798
616 737
616 798
626 737
626 798
636 737
636 798
646 737
646 798
656 736
656 799
666 736
666 799
676 736
676 799
686 736
686 799
696 736
696 800
706 736
706 800
716 736
716 800
726 736
726 799
736 736
736 800
746 737
746 800
756 737
756 801
766 737
766 801
776 737
776 800
786 737
786 800
796 737
796 801
806 737
806 801
816 737
816 801
826 737
826 801
836 738
836 801
846 738
846 802
856 738
856 802
866 738
866 802
876 738
876 802
886 739
886 802
896 739
896 802
906 739
906 803
916 739
916 803
926 739
926 803
936 739
936 804
946 739
946 804
956 739
956 804
966 739
966 805
976 739
976 805
986 739
986 805
996 738
996 806
1006 738
1006 807
1016 737
1016 809
1026 735
1026 810
1036 734
1036 811
1046 732
1046 813
1056 729
1056 814
1066 727
1066 815
1075 820
1076 724
1085 824
1086 720
1095 827
1096 717
1104 832
1106 713
1112 838
1116 709
1121 843
1126 704
1130 848
1135 699
1139 853
1145 695
1149 857
1155 691
1158 862
1164 686
1166 868
1174 681
1175 873
1183 676
1184 878
1192 884
1193 672
1201 889
1202 667
1210 894
1211 662
1219 899
1221 659
1229 903
1231 655
1238 908
1241 651
1248 911
1251 648
1258 914
1261 646
1268 918
1271 645
1278 920
1281 643
1288 921
1291 641
1298 923
1301 640
1308 924
1311 639
1318 925
1321 638
1328 926
1331 637
1338 927
1341 637
1348 926
1351 637
1358 925
1361 638
1368 924
1371 639
1378 922
1381 640
1388 920
1391 643
1398 919
1401 644
1408 918
1411 647
1418 914
1421 651
1428 912
1431 655
1438 909
1441 659
1447 904
1451 663
1456 899
1460 668
1466 894
1468 674
1475 888
1476 680
1483 880
1484 687
1491 872
1492 693
1497 864
1499 701
1503 855
1505 709
1508 845
1510 718
1513 833
1518 725
1518 821
1522 811
1523 734
1524 744
1525 794
1527 754
1527 764
1527 774
1527 784
